AAME,20120808,2.68,2.7,2.68,2.7,400
AAON,20120808,8.7022,8.9289,8.6311,8.7778,84600
AAPL,20120808,88.4843,89.1257,88.1571,88.5514,8739400
AAWW,20120808,52.39,53.07,51.15,51.31,284500
AAXJ,20120808,53.96,54.3,53.87,54.06,353600
ABAX,20120808,37,38.04,35.77,37.81,101300
ABCB,20120808,11.88,11.88,11.67,11.73,48800
ABCD,20120808,1.09,1.12,0.99,1.06,12600
ABCO,20120808,42.46,42.8,42.2,42.46,424000
ABIO,20120808,2.4,2.4,2.22,2.22,76900
ABMD,20120808,22.24,22.35,21.42,21.6,786400
ABTL,20120808,3.59,3.77,3.53,3.58,8900
ACAD,20120808,1.51,1.56,1.5,1.5,228600
ACAS,20120808,10.57,10.9,10.55,10.85,4131600
ACAT,20120808,44.65,44.93,44.17,44.58,218500
ACET,20120808,9.08,9.15,8.95,9.07,72800
ACFC,20120808,2.52,2.52,2.52,2.52,0
ACGL,20120808,39.4,39.66,39.05,39.62,287800
ACHC,20120808,17.54,17.76,17.23,17.62,65200
ACHN,20120808,7,7.22,6.35,6.38,1197300
ACIW,20120808,15.2,15.4767,14.3833,15.2433,219100
ACLS,20120808,0.94,0.99,0.93,0.99,866000
ACNB,20120808,14.28,14.3,14.21,14.3,600
ACOR,20120808,21.83,21.98,21.65,21.7,315500
ACPW,20120808,3.9,4.05,3.9,3.95,131500
ACRX,20120808,3.03,3.03,3,3,2700
ACTG,20120808,25.71,27.19,25.71,26.71,918400
ACTS,20120808,1.68,1.75,1.63,1.67,108400
ACUR,20120808,1.64,1.64,1.59,1.6,58700
ACWI,20120808,45.23,45.58,45.23,45.43,322600
ACWX,20120808,38.25,38.55,38.21,38.46,109900
ACXM,20120808,16.18,16.38,16.12,16.31,349200
ADAT,20120808,1.44,1.48,1.42,1.44,35600
ADBE,20120808,32.19,32.64,32.19,32.51,2156600
ADEP,20120808,3.5,3.63,3.4,3.52,29000
ADI,20120808,40.06,40.3,39.81,40.18,1672100
ADP,20120808,50.2196,50.5443,50.1579,50.4566,1217600
ADRA,20120808,23.85,24,23.85,24,2200
ADRD,20120808,19.52,19.64,19.44,19.64,21200
ADRE,20120808,38.59,39.06,38.59,38.97,27800
ADRU,20120808,19.29,19.4,19.29,19.38,5800
ADSK,20120808,35.18,35.54,35.06,35.31,2032800
ADTN,20120808,22.37,22.65,21.96,22.08,721300
ADUS,20120808,4.56,4.57,4.41,4.41,11000
AEGN,20120808,19.55,19.96,19.33,19.68,172500
AEGR,20120808,14.25,15.21,12.99,13.54,285200
AEHR,20120808,1.08,1.11,1.05,1.05,1200
AEIS,20120808,12.62,12.89,12.22,12.48,393500
AEPI,20120808,47.38,47.4,46.99,47.1,4700
AETI,20120808,4.28,4.4,4.26,4.26,8600
AEY,20120808,2.06,2.06,2.06,2.06,100
AEZS,20120808,2.46,2.52,2.4,2.52,572200
AFAM,20120808,22.03,22.4,21.56,21.9,65400
AFCB,20120808,15.72,15.72,15.72,15.72,200
AFFX,20120808,4.15,4.22,4.09,4.13,388900
AFOP,20120808,4.65,4.65,4.535,4.535,13700
AFSI,20120808,29.08,29.37,29.08,29.11,81400
AGEN,20120808,4.79,4.86,4.62,4.64,129300
AGII,20120808,31.02,31.35,31.02,31.32,55900
AGNC,20120808,32.69,33.57,32.6,33.56,7849600
AGNCP,20120808,26.91,26.98,26.72,26.95,72400
AGYS,20120808,8.5,8.7,8.5,8.59,17900
AHGP,20120808,46.54,46.56,45.55,45.65,29200
AHPI,20120808,2.75,2.75,2.75,2.75,0
AIMC,20120808,17.5,17.91,17.44,17.63,85600
AINV,20120808,7.78,7.79,7.53,7.57,3312200
AIRM,20120808,37.83,38.66,37.83,38.1733,75800
AIRT,20120808,8.66,8.8,8.66,8.77,3400
AIXG,20120808,14.47,14.67,14.44,14.62,141400
AKAM,20120808,36.2,36.38,35.66,36.18,2202700
AKRX,20120808,13.87,13.96,13.36,13.64,1375100
ALCO,20120808,28.68,29.19,26.37,28.39,6900
ALGN,20120808,34.95,35.2,34.41,34.59,544800
ALGT,20120808,69.01,70.53,68.68,70.08,138700
ALIM,20120808,2.68,2.68,2.27,2.41,127400
ALKS,20120808,17.87,18.02,17.53,17.68,1031200
ALLB,20120808,12.21,12.21,12.21,12.21,100
ALLT,20120808,22.87,25.26,22.81,24.8,761500
ALNY,20120808,18.14,18.42,17.6,17.87,448800
ALOG,20120808,64.85,65.29,64.61,65,37700
ALOT,20120808,8.12,8.12,8.12,8.12,300
ALSK,20120808,2.11,2.2,2.11,2.17,300100
ALTR,20120808,36.54,36.94,36.14,36.53,3121000
ALXA,20120808,3.15,3.15,3.03,3.04,283500
ALXN,20120808,105.28,105.5,104.03,104.72,709000
AMAG,20120808,15.43,15.62,15.09,15.32,53400
AMAT,20120808,11.76,11.96,11.71,11.92,8952800
AMCC,20120808,5.59,5.7,5.56,5.6,283100
AMCN,20120808,1.8,1.8,1.65,1.79,1800
AMCX,20120808,44.08,44.55,43.2,43.34,818400
AMD,20120808,4.05,4.47,4.03,4.4,52654500
AMED,20120808,12.58,13.96,12.53,13.82,473600
AMGN,20120808,81.16,81.93,81.11,81.37,3371900
AMIC,20120808,5.05,5.05,5.05,5.05,0
AMKR,20120808,5.39,5.42,5.32,5.39,1315900
AMNB,20120808,22.41,22.41,21.94,22.18,10100
AMOT,20120808,6.01,6.01,6.01,6.01,1300
AMOV,20120808,26.54,26.54,26.11,26.15,3500
AMRB,20120808,6.75,6.75,6.62,6.68,600
AMRI,20120808,3.01,3.07,2.98,3.04,26100
AMRN,20120808,11.6,11.79,11.27,11.34,3876200
AMRS,20120808,4.12,4.21,3.95,3.99,453100
AMSC,20120808,42.2,42.7,40.9,41.1,257300
AMSF,20120808,25.55,26.14,25.55,25.92,62700
AMSG,20120808,29.4,29.98,29.32,29.84,124100
AMSWA,20120808,8.45,8.59,8.42,8.45,23400
AMWD,20120808,18.39,18.82,18.13,18.15,3500
AMZN,20120808,235.29,236.45,233.59,234.38,1534200
ANAC,20120808,6.02,6.06,5.89,5.96,38800
ANAD,20120808,1.13,1.2,1.12,1.13,200300
ANAT,20120808,70.7,71,70.5,70.84,5200
ANCB,20120808,11.52,12.27,10.9,11.8,2200
ANCI,20120808,1.95,1.95,1.74,1.74,700
ANCX,20120808,13.65,13.74,13.57,13.6,12400
ANDE,20120808,24.04,25.4867,24.04,25.2467,275500
ANGI,20120808,13.17,14,12.94,13.33,134700
ANGO,20120808,10.61,10.67,10.58,10.66,50200
ANIK,20120808,14.45,14.75,14.2,14.58,95400
ANSS,20120808,66.9,67.24,66.39,66.43,1208700
ANTH,20120808,7.84,7.92,7.36,7.44,1107900
AOSL,20120808,7.91,8.21,7.89,8.12,39200
APEI,20120808,29.25,32.93,28.81,32.18,730400
APOG,20120808,15,15.82,15,15.79,108000
APOL,20120808,28.13,28.47,28.05,28.22,1402800
APPY,20120808,1.58,1.6,1.18,1.33,314700
APRI,20120808,3.32,3.44,3.32,3.4,67900
APWC,20120808,2.95,2.95,2.95,2.95,3000
ARAY,20120808,6.58,6.69,6.43,6.51,232600
ARCC,20120808,16.76,17.1,16.76,17.06,1701300
ARCI,20120808,3.43,3.43,3.25,3.34,1700
ARCW,20120808,1.324,1.324,1.324,1.324,0
AREX,20120808,28.13,28.73,27.15,27.57,287100
ARIA,20120808,18.9,18.92,18.71,18.86,1424900
ARII,20120808,29.7,29.91,29.2,29.27,61000
ARKR,20120808,15.04,15.53,14.75,14.81,800
ARLP,20120808,30.75,30.76,30.455,30.625,49900
ARMH,20120808,26.83,27.1,26.77,26.98,1624900
ARNA,20120808,7.37,7.43,7.26,7.3,5561500
AROW,20120808,24.35,24.69,24.35,24.56,9800
ARQL,20120808,6.6,6.69,6.57,6.62,159100
ARRS,20120808,13.32,13.59,13.28,13.54,500700
ARRY,20120808,4.62,4.75,4.54,4.64,891100
ARTNA,20120808,22.59,22.97,21.81,21.94,25800
ARTW,20120808,6.77,6.79,6.63,6.65,6400
ARTX,20120808,0.81,0.88,0.8,0.8,21300
ARWR,20120808,3.64,3.7,3.55,3.63,27500
ASBB,20120808,14.58,14.58,14.58,14.58,0
ASBI,20120808,6.22,6.47,6.22,6.27,17600
ASCMA,20120808,51.94,53.6,51.94,52.24,10500
ASEI,20120808,59.78,60.25,59.4,59.8,57600
ASFI,20120808,9.25,9.47,9.25,9.45,22000
ASML,20120808,56.7,57.66,56.33,57.51,1971200
ASNA,20120808,18.18,18.46,18.16,18.37,982000
ASPS,20120808,82.85,84.43,82.26,84.3,98000
ASRV,20120808,2.85,2.85,2.82,2.85,14200
ASRVP,20120808,27.15,27.15,27.15,27.15,0
ASTC,20120808,1.25,1.27,1.21,1.24,67800
ASTE,20120808,30.09,30.63,30.09,30.44,71000
ASTI,20120808,12.6,12.7,11.9,12.2,403300
ASUR,20120808,6.78,7.04,6.76,6.9,4600
ASYS,20120808,4.07,4.11,3.94,3.96,80700
ATAI,20120808,4.41,4.43,4.41,4.43,1400
ATAX,20120808,5.75,5.77,5.71,5.76,175700
ATEC,20120808,1.6,1.63,1.51,1.53,137700
ATHN,20120808,95.98,97.02,95.01,96,303900
ATHX,20120808,1.51,1.56,1.49,1.53,69500
ATLO,20120808,21.25,21.51,20.79,21.51,4100
ATML,20120808,6.02,6.1,5.92,5.98,5934200
ATNI,20120808,37.61,39.47,37.61,39.44,15900
ATNY,20120808,3.2,3.2,2.94,3.08,554700
ATRC,20120808,7.66,7.86,7.61,7.64,29100
ATRI,20120808,219,219,214.26,214.26,700
ATRM,20120808,7,7.1,6,7,18300
ATRO,20120808,24.7833,25.15,24.45,25.0167,27400
ATRS,20120808,4.11,4.5,3.65,4.06,4693600
ATSG,20120808,4.09,4.36,4.08,4.33,610700
ATTU,20120808,7.5,7.75,7.2,7.7,89800
ATVI,20120808,11.52,11.68,11.38,11.65,7667400
AUBN,20120808,21.5,21.5,21.5,21.5,0
AUDC,20120808,1.52,1.6,1.52,1.59,78100
AVAV,20120808,23.65,24.2,23.4,24.15,139100
AVEO,20120808,8.63,8.69,7.89,7.97,595300
AVGO,20120808,37.46,37.7,37.25,37.48,1717200
AVHI,20120808,12.34,12.62,12.23,12.38,24500
AVID,20120808,8.74,8.86,8.53,8.58,126300
AVNW,20120808,2.19,2.28,2.13,2.27,798500
AWAY,20120808,23.98,24.69,23.72,24.07,90500
AWRE,20120808,6,6.14,6,6.07,9000
AXAS,20120808,2.62,2.65,2.5,2.56,1102800
AXTI,20120808,2.85,2.85,2.79,2.8,428800
AZPN,20120808,23.15,23.24,22.9,22.95,338200
BABY,20120808,11.93,12.13,11.77,11.87,111500
BAMM,20120808,2.43,2.43,2.39,2.39,2100
BANF,20120808,41.17,41.65,40.71,40.75,9900
BANFP,20120808,27.01,27.01,27.01,27.01,200
BANR,20120808,24.06,24.37,24,24.22,156100
BASI,20120808,1.05,1.05,1,1,1300
BBBY,20120808,62.92,64.85,62.89,64.17,2176100
BBCN,20120808,11.77,11.98,11.74,11.95,210500
BBEP,20120808,18.55,18.6,18.14,18.33,703700
BBGI,20120808,4.93,5.04,4.9,5.04,2200
BBOX,20120808,24.54,25.1,24.11,24.84,94800
BBRG,20120808,16.58,16.78,15.95,16.16,175400
BBRY,20120808,7.38,8.25,7.33,7.62,57480700
BBSI,20120808,25.73,25.73,24.85,24.93,28500
BCBP,20120808,10.44,10.48,10.44,10.48,1100
BCOM,20120808,3.64,3.64,3.33,3.33,9800
BCOR,20120808,15.16,15.85,15.16,15.63,506600
BCOV,20120808,15.13,15.14,13.87,14.94,40700
BCPC,20120808,34.86,35.49,34.58,35.21,85000
BCRX,20120808,4.03,4.18,4.02,4.09,163400
BDE,20120808,9.17,9.36,9.05,9.11,126500
BDGE,20120808,20.02,20.25,19.81,20.1,4700
BDMS,20120808,16.5,16.5,16.5,16.5,0
BDSI,20120808,4.7,4.73,4.55,4.56,86100
BEAT,20120808,1.95,1.97,1.95,1.97,51600
BEAV,20120808,39.2,39.52,38.83,39.43,983700
BEBE,20120808,6.04,6.15,6,6.07,156800
BECN,20120808,25.27,25.51,25,25.4,856000
BELFA,20120808,18.21,18.5,18.21,18.5,1100
BELFB,20120808,17.81,18.77,17.48,18.44,28000
BFIN,20120808,7.66,7.85,7.65,7.78,19700
BGCP,20120808,4.87,4.93,4.78,4.79,1000700
BGFV,20120808,7.91,8.25,7.89,8.11,50300
BGMD,20120808,6.87,6.9,6.6,6.9,6700
BIB,20120808,13.9013,13.9013,13.625,13.625,3500
BICK,20120808,23.13,23.38,23.13,23.37,6300
BIDU,20120808,129.69,131.78,128.92,131.27,3265700
BIIB,20120808,146.15,147.57,144.83,145.05,708900
BIOC,20120808,5.5,5.5,5.15,5.2,27800
BIOD,20120808,3,3.06,2.85,2.9,13100
BIOL,20120808,1.71,1.79,1.6,1.71,41200
BIOS,20120808,6.62,6.75,6.62,6.75,181700
BIS,20120808,74.4,74.4,74,74.4,2500
BJRI,20120808,40.5,40.73,39.81,40.16,360700
BKCC,20120808,9.58,9.68,9.56,9.61,327000
BKEP,20120808,6.51,6.69,6.49,6.49,39400
BKEPP,20120808,8.71,8.72,8.71,8.72,1300
BKMU,20120808,4.24,4.36,4.22,4.24,56900
BKSC,20120808,11.94,12,11.56,11.91,3200
BLDP,20120808,1.11,1.11,1.07,1.1,30500
BLDR,20120808,3.94,3.98,3.75,3.76,176000
BLIN,20120808,6.05,6.25,6.05,6.25,6100
BLKB,20120808,27.05,28.3,22.98,25.14,1549600
BLMN,20120808,11.6,13.08,11.57,12.41,10940300
BLMT,20120808,12.71,12.91,12.63,12.85,6500
BLRX,20120808,2.74,2.74,2.69,2.69,59500
BMRC,20120808,38.25,38.74,37.78,38.14,3200
BMRN,20120808,38.14,38.7,37.6,38.22,1852600
BMTC,20120808,21.3,21.67,21.3,21.67,18300
BNCL,20120808,8.77,8.86,8.66,8.73,45600
BNCN,20120808,8.32,8.32,7.88,7.88,1900
BNSO,20120808,1,1,1,1,5100
BOBE,20120808,39.23,39.68,39.08,39.38,60500
BOCH,20120808,4.14,4.15,4.12,4.15,3700
BOFI,20120808,21.04,21.12,20.95,21,65100
BOKF,20120808,58.82,59.01,58.22,58.54,31200
BONA,20120808,5.89,5.94,5.89,5.9,4500
BONT,20120808,6.79,7.09,6.78,6.86,69600
BOOM,20120808,15.75,15.97,15.75,15.85,148700
BOSC,20120808,2.36,2.36,2.36,2.36,4000
BOTJ,20120808,5.76,5.8,5.76,5.8,300
BPFH,20120808,9.78,9.94,9.55,9.88,259000
BPFHW,20120808,4.29,4.29,4.29,4.29,0
BPOP,20120808,15.7,15.8,15.61,15.73,650300
BPOPM,20120808,21.94,21.94,21.81,21.92,9100
BPOPN,20120808,23.08,23.45,23.08,23.4,36900
BRCD,20120808,5.22,5.36,5.22,5.34,5196800
BRCM,20120808,34.1,34.4,33.79,33.9,4876500
BREW,20120808,8.46,8.46,8.25,8.35,16500
BRID,20120808,7.6,7.63,7.6,7.6,2900
BRKL,20120808,8.59,8.67,8.53,8.66,288800
BRKR,20120808,12.13,12.31,12.01,12.09,1166900
BRKS,20120808,9.51,9.64,9.39,9.57,130300
BSET,20120808,12.14,12.29,12.14,12.15,21100
BSFT,20120808,37.44,39.16,36.86,39.07,1357800
BSPM,20120808,1.35,1.44,1.35,1.39,24800
BSQR,20120808,3.03,3.09,2.96,2.96,9900
BSRR,20120808,10.89,11.04,10.72,10.85,24600
BSTC,20120808,18.86,19.18,18.06,18.21,4400
BUR,20120808,5.07,5.07,5.07,5.07,100
BUSE,20120808,4.71,4.8,4.69,4.78,40000
BV,20120808,15.95,16.24,15.79,16.22,218400
BVSN,20120808,9.26,9.27,8.53,8.6,67200
BWEN,20120808,2.7,3,2.7,2.7,739300
BWINA,20120808,22.99,22.99,22.99,22.99,100
BWINB,20120808,23,23.17,22.62,22.95,5700
BWLD,20120808,73,74.28,72.69,72.75,397400
BYFC,20120808,0.97,0.97,0.97,0.97,0
CA,20120808,25.58,25.64,25.37,25.51,3738400
CAAS,20120808,3.67,3.99,3.58,3.91,96100
CAC,20120808,35.45,36.37,34.55,34.92,8800
CACB,20120808,4.98,5,4.8,4.95,5200
CACC,20120808,100.02,104.97,100.02,102.24,52000
CADC,20120808,6.96,7.2,6.6,6.6,19600
CAKE,20120808,32.97,33.29,32.55,33.18,497600
CALD,20120808,3.96,4.04,3.88,3.9,280900
CALI,20120808,1.32,1.5,1.32,1.5,46700
CALL,20120808,22.26,22.48,21.56,22.27,180900
CALM,20120808,19.19,19.45,19.075,19.23,76900
CAMP,20120808,7.67,7.68,7.39,7.47,157700
CAMT,20120808,2.02,2.02,2.02,2.02,200
CAR,20120808,15.28,15.56,15.23,15.36,954500
CARB,20120808,7.73,7.82,7.52,7.72,68300
CART,20120808,2.9,2.9,2.9,2.9,100
CARV,20120808,5.02,5.92,5.02,5.87,1300
CARZ,20120808,24.47,24.49,24.28,24.49,13300
CASH,20120808,22.81,22.87,22.63,22.85,1700
CASM,20120808,1.73,1.89,1.73,1.89,4700
CASS,20120808,39.45,40,39.27,39.41,5600
CASY,20120808,59.09,60.49,59.09,60.38,153600
CATM,20120808,30.56,30.89,30,30.48,91300
CATY,20120808,16.63,16.78,16.49,16.54,254800
CAVM,20120808,31.94,32.59,31.32,32.42,1108300
CBAK,20120808,2,2,1.75,1.9,155800
CBAN,20120808,4,4,4,4,100
CBLI,20120808,29,30.4,28,30,69200
CBMX,20120808,7.1,7.1,7,7,3200
CBNJ,20120808,9.25,9.25,9.06,9.1,6500
CBNK,20120808,14.84,15.1,14.84,15.06,6000
CBOE,20120808,29,29.12,28.94,29.04,314300
CBPO,20120808,10.3,10.3,10.3,10.3,0
CBRL,20120808,63.48,64.5,63.43,64,133500
CBSH,20120808,39.5,40.11,39.48,39.74,251700
CCBG,20120808,7.44,7.92,7.44,7.81,34300
CCCL,20120808,2.77,2.77,2.61,2.61,2700
CCIH,20120808,5.02,5.22,4.82,5.04,12900
CCMP,20120808,31.04,31.66,31.04,31.35,88700
CCNE,20120808,16.32,16.71,16.02,16.33,10800
CCOI,20120808,18.99,19.15,18.64,18.86,192900
CCRN,20120808,4.26,4.28,4.18,4.2,64200
CCUR,20120808,4.17,4.57,4.17,4.4,18800
CCXI,20120808,13.86,14.08,13.4,13.68,6700
CDNS,20120808,12.37,12.49,12.3,12.44,2738600
CDTI,20120808,2.45,2.53,2.37,2.44,70300
CDXS,20120808,3.32,3.38,3.21,3.23,48400
CDZI,20120808,8.63,8.74,8.5,8.51,20800
CECE,20120808,7.85,7.99,7.84,7.97,26200
CECO,20120808,3.42,3.75,3.38,3.7,1773200
CELG,20120808,35.675,35.975,35.4,35.885,2907200
CELGZ,20120808,2.54,2.58,2.36,2.49,5100
CEMI,20120808,5.2,5.2,5.01,5.18,18200
CEMP,20120808,7.43,7.55,7.14,7.47,7600
CENT,20120808,10.35,10.35,10.14,10.18,92900
CENTA,20120808,10.81,10.91,10.68,10.76,226700
CENX,20120808,6.47,6.68,6.33,6.37,801000
CERE,20120808,65.2,67.52,64.96,66.24,4000
CERN,20120808,36.085,36.255,35.675,36.175,1290600
CERS,20120808,3.25,3.31,3.2,3.23,103300
CETV,20120808,5.06,5.29,5.03,5.27,150700
CEVA,20120808,16.22,16.51,16.01,16.26,118000
CFBK,20120808,1.6,1.96,1.6,1.96,10000
CFFI,20120808,40.83,40.83,39.29,39.97,5200
CFFN,20120808,11.66,11.7,11.64,11.69,678400
CFNB,20120808,16,16,15.87,15.87,1600
CFNL,20120808,12.84,12.84,12.56,12.64,44200
CG,20120808,24.2,24.64,23.64,24.34,266700
CGEN,20120808,3.64,3.64,3.42,3.5,61800
CGNX,20120808,17.725,17.985,17.72,17.91,216700
CGO,20120808,13.73,13.75,13.59,13.74,21900
CHCI,20120808,1.2,1.23,1.2,1.22,500
CHCO,20120808,33.33,33.59,32.97,33.13,50900
CHDN,20120808,57.49,58.05,56.29,57.84,41100
CHEF,20120808,14.02,14.64,14.02,14.56,77500
CHEV,20120808,9.05,9.25,9,9.25,700
CHFC,20120808,22.49,22.72,22.39,22.55,23200
CHFN,20120808,9.14,9.22,9.01,9.09,6600
CHI,20120808,12.57,12.57,12.4,12.5,145300
CHKE,20120808,14.05,14.2,13.8,13.96,16000
CHKP,20120808,50.33,51.88,50.2,50.91,2522600
CHLN,20120808,6.4,6.85,6.25,6.5,3700
CHNR,20120808,6.82,7.15,6.48,7.07,2400
CHOP,20120808,21.8,22.7,21.6,21.6,53900
CHRW,20120808,53.5,54.03,53.23,53.9,1359900
CHSCP,20120808,31.51,31.84,31.4,31.77,19600
CHTR,20120808,75.5,76.12,74.91,76.01,730200
CHUY,20120808,19.1,19.1,18.7,19.02,92300
CHW,20120808,8.33,8.36,8.25,8.3,195400
CHY,20120808,12.78,12.81,12.62,12.71,148500
CIDM,20120808,1.29,1.3,1.22,1.28,26800
CINF,20120808,37.89,38.25,37.83,38.21,581700
CISG,20120808,6.03,6.06,5.82,5.87,8700
CIZN,20120808,19.29,19.29,19.29,19.29,1300
CJJD,20120808,0.77,0.87,0.75,0.77,52700
CKEC,20120808,13.23,13.5,13.08,13.42,64400
CLBH,20120808,5.91,6,5.91,6,1100
CLCT,20120808,14.99,15.22,14.74,15.03,24100
CLDX,20120808,4.81,4.84,4.62,4.68,663000
CLFD,20120808,4.64,4.73,4.48,4.53,4300
CLIR,20120808,7.15,7.24,7.07,7.11,8300
CLMS,20120808,10.84,10.97,10.73,10.85,150800
CLMT,20120808,25.33,25.5,25,25.09,284300
CLNE,20120808,13.5,13.6,12.96,13.08,2049300
CLNT,20120808,2.36,3.06,2.36,2.52,686900
CLRO,20120808,4.05,4.12,4,4,8100
CLSN,20120808,3.01,3.17,3.01,3.01,445300
CLUB,20120808,12.77,13.2,12.68,13.11,102700
CLVS,20120808,15.5,16.54,14.96,15.76,55300
CLWT,20120808,3.83,3.83,3.83,3.83,0
CMCO,20120808,14.85,15,14.68,14.96,27800
CMCSA,20120808,34.52,34.65,34.12,34.51,13353300
CMCSK,20120808,33.79,33.84,33.38,33.78,2833000
CME,20120808,53.02,53.08,52.75,52.95,1603000
CMLS,20120808,2.63,2.66,2.61,2.63,92300
CMTL,20120808,27.32,27.98,27.32,27.86,102700
CNBKA,20120808,30.41,30.67,29.2,30.67,1500
CNET,20120808,0.58,0.58,0.57,0.58,13600
CNIT,20120808,0.76,0.95,0.76,0.9,691200
CNMD,20120808,26.91,27.18,26.51,26.92,91500
CNOB,20120808,11.26,11.52,11.25,11.43,40000
CNSL,20120808,16.05,16.25,15.85,16.14,192000
CNTF,20120808,1.05,1.11,1.05,1.09,44300
CNTY,20120808,2.71,2.71,2.64,2.64,25300
CNYD,20120808,2.85,3.6,2.85,3.6,800
COBZ,20120808,7.02,7.08,6.96,7,92900
COHR,20120808,49.06,49.26,48.8,48.9,60800
COHU,20120808,9,9.35,8.96,9.07,36800
COKE,20120808,67.86,68.32,66.75,67.16,11200
COLB,20120808,17.99,18.18,17.95,18.05,107800
COLM,20120808,27.26,27.27,26.625,26.835,118100
CONN,20120808,21.36,21.62,20.81,20.88,398300
COOL,20120808,12.25,12.25,11.9,11.9,225600
CORE,20120808,24.405,24.75,23.3,23.965,54400
CORT,20120808,3.29,3.37,3.2,3.22,233500
COSI,20120808,3.08,3.2,2.96,3.12,60200
COST,20120808,95.94,96.35,95.44,95.63,1369600
COWN,20120808,2.48,2.56,2.48,2.51,119400
CPAH,20120808,2.62,2.64,2.62,2.64,900
CPGI,20120808,4.2,4.65,4.2,4.65,24500
CPHC,20120808,10.79,10.79,10.3,10.3,600
CPHD,20120808,38.55,38.55,37.6,37.98,643700
CPIX,20120808,5.97,6.03,5.94,5.99,55200
CPLA,20120808,30.2,31.91,30.2,31.35,190100
CPLP,20120808,7.7,7.79,7.7,7.71,124600
CPRT,20120808,24.33,24.74,24.31,24.71,450800
CPRX,20120808,1.35,1.36,1.3,1.33,317200
CPSI,20120808,49.16,50.36,48.78,49.75,31700
CPSS,20120808,2.04,2.04,2.03,2.04,9800
CPST,20120808,1.07,1.1,1.07,1.09,1254500
CRAI,20120808,16.24,16.91,16.24,16.72,25100
CRAY,20120808,11.86,11.95,11.67,11.89,189300
CRDC,20120808,1.86,1.87,1.83,1.83,6200
CRDS,20120808,4.05,4.25,4.01,4.03,7700
CREE,20120808,26.98,27.3,25.62,27.11,3197000
CREG,20120808,1.04,1.11,1.04,1.07,5200
CRESY,20120808,8.86,8.93,8.75,8.78,61800
CRIS,20120808,4.4,4.45,4.26,4.31,433800
CRME,20120808,1.65,1.7,1.65,1.7,169000
CRMT,20120808,46.73,47.52,46.61,46.81,11200
CRNT,20120808,7.78,7.84,7.51,7.58,44600
CROX,20120808,16.8,17.01,16.58,16.69,1090700
CRUS,20120808,38.03,38.35,37.62,37.85,2440700
CRVL,20120808,23.15,23.23,22.97,22.985,4900
CRWN,20120808,1.84,1.87,1.8,1.82,38600
CRWS,20120808,5.55,5.55,5.53,5.55,19200
CRZO,20120808,25.3,25.99,25.02,25.19,942300
CSBK,20120808,9.8,9.87,9.72,9.8,5800
CSCD,20120808,5.51,5.51,5,5.48,33800
CSCO,20120808,17.04,17.16,16.86,17.16,24823700
CSFL,20120808,8.25,8.25,8.16,8.23,26100
CSGP,20120808,81.83,83.79,81.83,83.25,108000
CSGS,20120808,20.73,20.85,19.27,19.65,896100
CSII,20120808,9.51,9.78,9.49,9.55,18200
CSIQ,20120808,2.84,2.86,2.71,2.77,331900
CSOD,20120808,25.59,26.36,25.31,25.99,420800
CSPI,20120808,4.92,4.99,4.65,4.94,84700
CSQ,20120808,10.15,10.15,10.01,10.03,459600
CSTE,20120808,11.31,11.4,11.07,11.28,81300
CSUN,20120808,1.77,1.79,1.77,1.78,2300
CSWC,20120808,25.82,26.4375,25.82,25.91,4000
CTAS,20120808,40.56,41.08,40.47,40.84,306400
CTBI,20120808,34.69,35.06,34.45,34.67,15700
CTCM,20120808,8.83,9.17,8.51,8.84,1915800
CTCT,20120808,19.15,19.66,18.88,19.12,453500
CTHR,20120808,3.68,3.75,3.67,3.7,16900
CTIB,20120808,5.4,5.4,5.4,5.4,0
CTIC,20120808,2.3,2.35,2.15,2.25,2782500
CTRN,20120808,15.11,15.51,15.11,15.33,51400
CTRP,20120808,14,14.19,13.12,13.2,1867500
CTSH,20120808,31.7,32.34,31.61,32.2,2134500
CTWS,20120808,31.26,31.54,30.66,30.8,10600
CTXS,20120808,74.37,74.42,72.95,73.24,1108000
CU,20120808,26.28,26.6,26.21,26.45,10100
CUBA,20120808,6.98,7.06,6.97,7.04,7500
CUI,20120808,7,7.15,6.9,7.14,48600
CUTR,20120808,7.13,7.2,7.01,7.1,23100
CVBF,20120808,11.78,12,11.78,11.91,350300
CVCO,20120808,49.06,49.31,47.2,47.72,12600
CVCY,20120808,7.06,7.21,7.06,7.21,3100
CVGI,20120808,8.51,8.81,8.33,8.61,77600
CVGW,20120808,27.6,27.99,27.28,27.36,29000
CVLT,20120808,53.35,53.8,52.61,52.76,384800
CVLY,20120808,15.46,15.46,15.46,15.46,200
CVTI,20120808,5.72,5.8,5.67,5.7,30200
CVV,20120808,10.1,10.14,9.95,10.01,25000
CWBC,20120808,2.61,2.61,2.61,2.61,300
CWCO,20120808,8.33,8.45,8.27,8.38,31000
CWST,20120808,5.16,5.16,5.02,5.06,151200
CXDC,20120808,4.43,4.45,4.36,4.41,8200
CY,20120808,11.68,11.91,11.57,11.64,2478600
CYAN,20120808,6.03,6.25,6.03,6.21,5400
CYBE,20120808,6.56,6.64,6.26,6.26,8900
CYBX,20120808,44,44.91,43.81,44.21,111900
CYCC,20120808,3.64,3.64,3.29,3.36,93200
CYCCP,20120808,2.8,2.8,2.8,2.8,0
CYNO,20120808,24.33,24.33,23.27,23.78,124100
CYOU,20120808,24,24.26,22.83,22.99,288000
CYTK,20120808,4.14,4.14,3.9,3.96,160100
CYTR,20120808,4.73,4.74,4.6,4.63,51200
CYTX,20120808,2.48,2.56,2.4,2.43,158000
CZFC,20120808,8.65,8.65,8.65,8.65,2800
CZNC,20120808,18.84,18.96,18.64,18.74,7500
CZR,20120808,8.1,8.2,7.98,8.01,253600
CZWI,20120808,5.93,5.93,5.93,5.93,0
DAEG,20120808,0.87,0.89,0.79,0.87,14100
DAIO,20120808,2.58,2.67,2.55,2.56,4100
DAKT,20120808,7.65,7.82,7.65,7.72,58800
DARA,20120808,3.7,3.7,3.5,3.7,16500
DATE,20120808,4.16,4.6,4.13,4.4,48500
DAVE,20120808,10.21,10.45,10.21,10.32,5000
DCIX,20120808,6.19,6.22,6.12,6.21,392600
DCOM,20120808,14.15,14.25,14.15,14.17,87000
DCTH,20120808,27.04,27.36,26.08,26.72,676900
DENN,20120808,4.6,4.68,4.53,4.64,117900
DEPO,20120808,5.2,5.25,5.13,5.21,276400
DEST,20120808,18.08,18.59,17.88,18.1,55200
DFRG,20120808,13.08,13.88,12.93,12.96,52500
DGAS,20120808,22.88,22.88,22.1,22.33,9400
DGICA,20120808,13.81,14.19,13.67,14.03,20500
DGICB,20120808,17,17,17,17,0
DGII,20120808,9.49,9.63,9.41,9.53,153300
DGLY,20120808,0.36,0.41,0.32,0.41,47700
DHIL,20120808,72.91,73.73,72,72.61,2100
DHRM,20120808,1.68,1.85,1.67,1.67,1900
DIOD,20120808,19.14,19.25,18.09,18.91,336500
DISCA,20120808,53.56,54.02,53.4,53.97,996200
DISCB,20120808,50.17,50.17,50.17,50.17,0
DISCK,20120808,25.05,25.445,25.02,25.305,477300
DISH,20120808,28.66,30.63,28.66,30.6,2577500
DJCO,20120808,98.01,98.01,96,97.3,300
DLBL,20120808,70.65,70.66,70.33,70.33,1100
DLBS,20120808,27.8,28.24,27.7,28.15,2200
DLHC,20120808,1,1,1,1,2500
DLTR,20120808,51.75,53,51.64,52.95,2216100
DMLP,20120808,22.3,22.54,22.13,22.16,20900
DMND,20120808,17.3,17.59,17.11,17.57,308900
DMRC,20120808,22.58,22.95,22.4,22.72,14200
DNBF,20120808,13.89,14,13.89,14,900
DNKN,20120808,30.54,30.98,30.45,30.73,1266900
DORM,20120808,30,30,29.51,29.67,147600
DRAD,20120808,2.01,2.03,1.95,1.99,69900
DRAM,20120808,3.36,3.36,3.12,3.36,7900
DRRX,20120808,0.95,1.01,0.93,0.93,88900
DRWI,20120808,2.43,2.48,2.26,2.27,160500
DRYS,20120808,2.29,2.38,2.26,2.32,3575900
DSCI,20120808,9.79,9.84,9.6,9.71,5000
DSCO,20120808,2.63,2.65,2.53,2.54,339100
DSGX,20120808,8.35,8.38,8.3,8.37,5200
DSPG,20120808,5.94,6.02,5.86,6,28100
DSWL,20120808,2.76,2.82,2.63,2.72,20400
DTLK,20120808,7.86,8.14,7.86,8.11,74100
DTSI,20120808,19.47,20.06,19.38,19.76,133300
DTUS,20120808,40.57,40.69,40.57,40.69,400
DTYL,20120808,71.09,71.09,71.09,71.09,500
DTYS,20120808,27.29,27.63,26.64,27.54,7600
DVAX,20120808,39.1,40,38.2,38.7,656600
DWA,20120808,18.1,18.33,17.94,18.29,457600
DWCH,20120808,17.05,17.05,16.5,16.86,24800
DWSN,20120808,21.85,21.87,21.47,21.71,111900
DXCM,20120808,11.91,12.04,11.74,12,705600
DXPE,20120808,46.83,47.41,46.5,47.17,58600
DXYN,20120808,3.3,3.48,3.3,3.3,2000
DYAX,20120808,2.57,2.65,2.49,2.51,190600
DYNT,20120808,2.5,2.6,2.5,2.6,5600
DYSL,20120808,1.13,1.2,1.07,1.2,6300
EA,20120808,12.72,12.96,12.69,12.94,7960300
EAC,20120808,6.02,6.7,6.01,6.51,32300
EAGLU,20120808,10,10,10,10,0
EBAY,20120808,45.2,45.23,44.71,44.94,8735200
EBIX,20120808,23.75,23.75,21.06,22.88,659300
EBMT,20120808,10.01,10.05,10.01,10.05,700
EBSB,20120808,6.3685,6.3685,6.1275,6.2582,2600
EBTC,20120808,16.78,16.78,16.47,16.57,5700
ECHO,20120808,18.59,18.74,18.42,18.54,69000
ECOL,20120808,19.18,19.7,19.18,19.57,36000
ECPG,20120808,28.45,29.64,28.17,28.5,506700
ECTE,20120808,14.5,15,14.5,14.5,41400
ECYT,20120808,8.99,9.2,8.72,8.75,261400
EDAP,20120808,1.66,1.78,1.61,1.65,59000
EDGW,20120808,3.71,3.8,3.71,3.8,10500
EDUC,20120808,4.19,4.19,3.97,3.97,11000
EEFT,20120808,17.68,17.82,17.58,17.64,193700
EEI,20120808,12.35,12.35,12.22,12.22,1100
EEMA,20120808,52,52,51.25,51.25,1300
EEML,20120808,49.09,49.09,49.09,49.09,0
EFII,20120808,14.85,15.25,14.85,15.15,242800
EFSC,20120808,12.01,12.12,11.84,12.01,52200
EFUT,20120808,3.91,3.99,3.91,3.99,1000
EGAN,20120808,4.92,5.34,4.92,5.29,17800
EGBN,20120808,17.71,17.71,17.38,17.45,21000
EGHT,20120808,5.76,5.88,5.62,5.84,745700
EGLE,20120808,51.84,56.52,50.76,55.44,193100
EGOV,20120808,14.03,14.4,13.98,14.2,244900
EHTH,20120808,17.56,17.79,17.2,17.74,58000
ELGX,20120808,12.4,12.69,12.23,12.57,624400
ELNK,20120808,6.73,6.85,6.57,6.8,1031100
ELON,20120808,2.95,3.14,2.5,3.07,442700
ELOS,20120808,10.1,10.11,9.94,9.99,30300
ELRC,20120808,16.69,17.07,16.52,17.01,30300
ELSE,20120808,4.03,4.03,4.01,4.01,400
ELTK,20120808,1.21,1.23,1.21,1.23,600
EMCB,20120808,77.93,78.04,77.78,77.98,32800
EMCF,20120808,21.32,21.33,21.32,21.33,400
EMCI,20120808,13.0533,13.1267,12.7,12.7733,13000
EMIF,20120808,33.07,33.28,33.05,33.17,17700
EMITF,20120808,56.8,57.6,56.8,57.6,300
EMKR,20120808,5.21,5.46,5.13,5.37,165700
EML,20120808,19.08,19.08,18.35,18.95,2700
EMMS,20120808,2.22,2.22,2.16,2.18,93800
EMMSP,20120808,19.46,19.46,19.46,19.46,300
ENDP,20120808,30.55,30.9,30.49,30.57,2690500
ENG,20120808,1.28,1.29,1.23,1.26,80600
ENOC,20120808,7.55,8.87,7.51,8.34,1953800
ENPH,20120808,6.59,6.59,4.81,5.07,632900
ENSG,20120808,29.38,29.57,29.17,29.38,80600
ENTG,20120808,8.26,8.39,8.24,8.35,444500
ENVI,20120808,6.12,6.3,6.12,6.22,18100
ENZN,20120808,6.57,6.7,6.57,6.67,218800
EPAX,20120808,5.34,5.59,5.34,5.48,16500
EPAY,20120808,19.92,20.34,19.92,20.13,96100
EPIQ,20120808,10.93,11.15,10.93,10.96,77700
EQIX,20120808,179.25,182,178.04,180.51,570900
ERIC,20120808,9.61,9.68,9.58,9.66,2377100
ERIE,20120808,63.76,64.44,61.13,64.06,41800
ERII,20120808,2.5,2.51,2.45,2.5,88100
EROC,20120808,8.98,9.06,8.93,8.95,203200
ESBK,20120808,19.15,19.15,19.07,19.1,1600
ESCA,20120808,5.75,5.85,5.65,5.65,1800
ESEA,20120808,1.21,1.24,1.17,1.17,36600
ESGR,20120808,96.2,96.6,93.77,94.23,14900
ESIO,20120808,12.08,12.21,12,12.03,118700
ESLT,20120808,32.9,32.9,32.26,32.8,9800
ESMC,20120808,0.87,0.99,0.79,0.86,11100
ESRX,20120808,59.42,60.88,58.95,60.73,15785700
ESSA,20120808,10.64,10.83,10.48,10.75,6900
ESSX,20120808,4.25,4.56,4.24,4.5,162200
ETFC,20120808,8.02,8.09,7.91,8.02,2436900
ETRM,20120808,3.56,3.56,3.36,3.44,41100
EUFN,20120808,15.6,15.77,15.6,15.77,5300
EVBS,20120808,4.25,4.25,4.25,4.25,2000
EVEP,20120808,53.53,54.64,53.25,53.88,315000
EVK,20120808,1.38,1.38,1.37,1.38,3100
EVOL,20120808,6.8,6.8,6.36,6.7,187700
EWBC,20120808,21.63,21.9,21.53,21.84,775800
EXA,20120808,9.93,10.07,9.93,9.98,9400
EXAC,20120808,16.34,16.73,16.18,16.62,10100
EXAS,20120808,9.95,10.2,9.8,10.05,3994700
EXEL,20120808,4.62,4.64,4.27,4.28,9945800
EXFO,20120808,4.76,4.84,4.75,4.75,10000
EXLP,20120808,22.04,22.4,21.81,22.11,120300
EXLS,20120808,25.58,26.37,25.43,26.31,227400
EXPD,20120808,35.4,36.64,35.3,36.42,2358300
EXPE,20120808,56.63,58.15,54.63,56.14,7823200
EXPO,20120808,25.88,26.425,25.88,26.235,28300
EXTR,20120808,3.35,3.4,3.35,3.39,266000
EXXI,20120808,32.3,32.74,31.99,32.13,1039900
EZCH,20120808,32.05,33.36,28.6,29.31,4089500
EZPW,20120808,23,23.36,22.82,23.13,172300
FALC,20120808,1.92,1.92,1.9,1.91,44200
FARM,20120808,8.6,9.19,8.51,8.52,73200
FARO,20120808,34.9,36.2,34.9,36.06,350600
FAST,20120808,43.38,43.48,42.65,42.88,1008400
FB,20120808,20.71,21.15,20.22,20.72,29537300
FBIZ,20120808,22.43,23.08,22.43,22.9,3200
FBMS,20120808,9.68,9.68,9.5,9.55,2000
FBNC,20120808,8.55,8.97,8.54,8.87,31800
FBNK,20120808,13.27,13.34,13.25,13.28,20700
FBRC,20120808,11.84,11.96,11.84,11.92,22200
FBSS,20120808,13.03,13.03,13.03,13.03,0
FCAP,20120808,19.89,19.89,19.89,19.89,300
FCBC,20120808,14.32,14.65,14.19,14.58,23300
FCCO,20120808,8.27,8.27,8.27,8.27,100
FCCY,20120808,9.12,9.13,9.03,9.03,400
FCEL,20120808,1.08,1.09,1.06,1.07,426800
FCFS,20120808,41,41.48,40.68,41.14,84600
FCLF,20120808,6.15,6.2,6.06,6.06,2300
FCNCA,20120808,166.06,167.94,165.99,166.42,1800
FCTY,20120808,4.67,4.7,4.59,4.68,3700
FCVA,20120808,2.36,2.36,2.3,2.3,10700
FDEF,20120808,16.25,16.66,16.25,16.51,9100
FDML,20120808,10.04,10.2,9.89,10.02,104600
FDUS,20120808,15.41,15.65,15.16,15.56,30500
FEIC,20120808,54.84,55.28,53.94,55.02,411600
FEIM,20120808,8.98,9.16,8.94,8.94,3400
FELE,20120808,27.755,28.055,27.69,27.86,41900
FES,20120808,4.53,4.6,4.51,4.52,17900
FFBC,20120808,16.03,16.16,15.95,16.06,152100
FFBCW,20120808,4.73,4.74,4.7,4.7,1000
FFHL,20120808,1.24,1.27,1.15,1.26,1800
FFIC,20120808,14.32,14.5,14.16,14.42,50500
FFIN,20120808,17.2,17.365,17.2,17.28,26400
FFIV,20120808,100.79,102.69,100.52,101.1,1156000
FFKT,20120808,8.17,8.3,8.13,8.25,11600
FFNM,20120808,3.38,3.4,3.18,3.25,10300
FFNW,20120808,8.15,8.19,8,8.09,15300
FHCO,20120808,6,6.09,5.96,5.97,36900
FIBK,20120808,14.28,14.54,14.17,14.31,8800
FINL,20120808,21.96,22.45,21.96,22.24,418400
FISI,20120808,17.4,17.65,17.28,17.59,9200
FISV,20120808,34.56,35.135,34.555,35.08,424900
FITB,20120808,14.11,14.32,14.05,14.3,7545900
FIVE,20120808,33,33.4,32.47,32.88,289400
FIZZ,20120808,14.43,14.43,14.15,14.27,46700
FLAT,20120808,62.26,62.28,62.19,62.19,800
FLDM,20120808,13.68,14.94,13.68,14.78,271800
FLEX,20120808,6.74,6.78,6.61,6.65,5097200
FLIC,20120808,19.2467,19.42,18.9667,19.16,4400
FLIR,20120808,21.15,21.15,20.94,21.05,938400
FLML,20120808,5.04,5.09,5,5,29900
FLWS,20120808,3.67,3.78,3.65,3.68,39900
FLXS,20120808,22.45,22.99,22.4,22.97,7700
FMBI,20120808,11.61,11.74,11.59,11.64,177000
FMER,20120808,16.14,16.17,15.93,15.94,1091100
FMNB,20120808,5.9,5.9,5.7,5.74,12200
FNFG,20120808,8.01,8.21,8.01,8.15,2404300
FNGN,20120808,21.88,22.25,21.43,21.52,426900
FNLC,20120808,16.63,16.84,16.51,16.61,5000
FNSR,20120808,13.9,14.01,13.44,13.57,1689000
FOLD,20120808,5.15,5.15,4.64,4.7,458800
FONE,20120808,22.95,22.95,22.94,22.94,300
FONR,20120808,3.56,3.57,3.42,3.45,12200
FORD,20120808,1.3,1.31,1.29,1.29,4900
FORM,20120808,5.45,5.49,5.26,5.29,562400
FORR,20120808,28.94,29.35,28.56,28.96,43300
FORTY,20120808,14.81,14.81,14.81,14.81,100
FOSL,20120808,89.2,89.52,86.09,87.41,2673500
FRAN,20120808,31.79,32.09,30.9,31.47,185600
FRBK,20120808,2.05,2.06,2.04,2.04,6000
FRED,20120808,15.58,15.8,15.53,15.62,70500
FREE,20120808,775,850,775,775,18800
FRGI,20120808,15.99,16.1,15.1,15.31,220500
FRME,20120808,14.28,14.44,14.19,14.39,61400
FRP,20120808,6.79,7,6.73,6.78,36900
FSBK,20120808,4.16,4.32,4.16,4.2,2400
FSBW,20120808,10.2,10.28,10.19,10.28,50600
FSC,20120808,10.42,10.5,10.42,10.46,524100
FSFG,20120808,18.2,18.3,18.2,18.21,2100
FSGI,20120808,2.79,2.79,2.7,2.7,1200
FSLR,20120808,21.15,21.79,20.68,21.41,8588000
FSTR,20120808,29.9,31.22,29.75,31.13,39800
FSYS,20120808,17.73,17.73,15.08,16.65,1127000
FTEK,20120808,4.89,4.99,4.86,4.9,88300
FTNT,20120808,24.94,25.23,24.75,24.89,1285700
FTR,20120808,4.49,4.58,4.48,4.55,10838700
FULL,20120808,7.88,7.9,7.82,7.9,21900
FULT,20120808,9.56,9.79,9.53,9.71,1054200
FUNC,20120808,6,6.93,5.8,6.65,20000
FUND,20120808,6.47,6.53,6.46,6.52,23400
FWRD,20120808,33.47,33.91,33.47,33.82,43800
FXCB,20120808,14.97,14.97,14.86,14.92,11300
FXEN,20120808,7.7,7.78,7.49,7.55,365500
GABC,20120808,21.33,21.33,20.81,21.08,8700
GAI,20120808,5.3,5.38,5.14,5.16,3500
GAIA,20120808,3.45,3.65,3.45,3.51,20100
GAIN,20120808,7.42,7.48,7.34,7.37,40400
GAINP,20120808,25.35,25.37,25.26,25.37,1900
GALE,20120808,1.55,1.57,1.5,1.5,937200
GALT,20120808,2.2,2.41,2.2,2.28,105800
GALTU,20120808,5,5,5,5,7500
GALTW,20120808,0.6,0.6,0.6,0.6,500
GAME,20120808,3.46,3.49,3.38,3.4,333700
GASS,20120808,6,6.03,5.75,5.78,18900
GBCI,20120808,15.18,15.34,15.13,15.24,263500
GBDC,20120808,15.27,15.38,15.11,15.15,72200
GBLI,20120808,19.25,20.05,19.01,19.68,33700
GBNK,20120808,9.8,9.9,9.3,9.9,46000
GCBC,20120808,19,19.47,19,19.47,1600
GCVRZ,20120808,1.42,1.45,1.4,1.4,238900
GENC,20120808,7.47,7.6,7.45,7.6,3500
GENE,20120808,18.75,19.7,17.05,17.5,237800
GERN,20120808,1.75,1.75,1.68,1.71,433500
GEVO,20120808,62.25,62.25,54,55.95,250200
GFED,20120808,7.15,7.15,6.29,6.85,11500
GFN,20120808,3.55,3.55,3.55,3.55,300
GGAL,20120808,4.86,5.14,4.54,5,180800
GHDX,20120808,30.74,31.42,30,31.33,131500
GIFI,20120808,27.15,27.37,26.63,27.15,21800
GIGA,20120808,1.39,1.49,1.32,1.32,6500
GIGM,20120808,1.11,1.11,1.09,1.09,59500
GIII,20120808,13.14,13.87,13,13.79,113600
GILD,20120808,28.49,28.635,28.25,28.41,4324500
GILT,20120808,2.55,2.71,2.55,2.66,33400
GLAD,20120808,8.45,8.5,8.35,8.41,47700
GLBS,20120808,3.08,3.08,2.95,2.95,1800
GLBZ,20120808,11.49,11.49,11.49,11.49,0
GLDC,20120808,3.45,3.5,3.45,3.49,15700
GLDD,20120808,7.43,7.56,7.39,7.54,151300
GLNG,20120808,39.9,40.81,39.7,40.5,521900
GLRE,20120808,23.52,23.76,23.47,23.52,139900
GLUU,20120808,4.76,4.82,4.56,4.59,1704000
GMAN,20120808,17.41,17.98,17.41,17.92,71000
GMCR,20120808,23.34,25.37,23.27,24.62,12887400
GMLP,20120808,31.18,31.33,30.7,30.79,61800
GNCMA,20120808,9.75,9.88,9.61,9.75,116500
GNMA,20120808,53.99,53.99,50.93,50.93,3300
GNMK,20120808,5.68,7.15,5.3,7.05,854900
GNTX,20120808,8.6,8.635,8.52,8.63,1361000
GNVC,20120808,2.05,2.1,2.02,2.08,17900
GOLD,20120808,95.08,97.19,94.45,94.72,384900
GOOD,20120808,17.15,17.34,16.97,17.06,90000
GOODN,20120808,26.05,26.05,26.05,26.05,0
GOODO,20120808,25.55,25.55,25.06,25.42,1700
GOODP,20120808,25.7,25.7,25.7,25.7,200
GOOG,20120808,319.525,322.935,319.25,321.115,1322300
GPIC,20120808,5.99,5.99,5.93,5.94,5900
GPOR,20120808,24.54,27.4,24.46,26.32,3935700
GPRE,20120808,4.23,4.59,4.22,4.51,144700
GRFS,20120808,20.89,21.19,20.55,20.8,133800
GRID,20120808,27.67,27.75,27.67,27.75,200
GRIF,20120808,28.76,28.76,28.62,28.62,600
GRMN,20120808,40.65,41,40.52,40.98,812300
GROW,20120808,4.44,4.58,4.42,4.47,9900
GRPN,20120808,7.1,7.5,6.92,6.93,5086300
GRVY,20120808,13.04,13.36,12.96,13.2,54900
GSBC,20120808,29.84,29.84,29.43,29.54,14200
GSIG,20120808,8.04,9.6,8.04,9.16,598900
GSIT,20120808,4.65,4.73,4.52,4.58,28300
GSM,20120808,13.26,13.57,13.15,13.3,222100
GSOL,20120808,6.49,6.54,6.4,6.41,14300
GSVC,20120808,9.64,9.64,9.33,9.48,148700
GT,20120808,11.44,11.73,11.29,11.63,6402500
GTIM,20120808,1.96,2.04,1.96,2.04,2000
GTLS,20120808,67.29,68.5,66.65,67.78,272700
GTXI,20120808,3.79,3.79,3.3,3.41,108200
GUID,20120808,10.27,10.52,10.15,10.52,91800
GULF,20120808,13.9,14.02,13.85,14.02,8800
GURE,20120808,1.05,1.08,1.02,1.03,74200
GYRO,20120808,112.63,112.83,112.11,112.11,1800
HA,20120808,6.23,6.35,6.16,6.29,345000
HAFC,20120808,11.66,12.07,11.56,12.07,248400
HAIN,20120808,27.535,27.785,27.385,27.52,268200
HALL,20120808,7.92,8.09,7.9,7.96,38100
HALO,20120808,5.98,6.05,5.79,5.98,2933100
HAS,20120808,36.82,37.07,36.6,37.04,1034100
HAYN,20120808,45.75,47.41,45.58,46.41,96800
HBAN,20120808,6.32,6.43,6.3,6.37,5115500
HBANP,20120808,1186.85,1205,1186.7,1205,100
HBCP,20120808,17.1,17.11,16.75,17.11,5600
HBHC,20120808,30.53,31.02,30.51,30.83,286600
HBIO,20120808,3.88,3.9,3.77,3.87,25800
HBMD,20120808,7.47,7.97,7.47,7.97,3000
HBNC,20120808,18.32,18.3333,17.96,18.1267,13000
HCBK,20120808,6.43,6.61,6.38,6.54,3310800
HCCI,20120808,17.77,18.36,17.77,18.13,43500
HCKT,20120808,4,4.03,3.54,3.56,411000
HCOM,20120808,18.2,18.57,18.01,18.4,18100
HCSG,20120808,22.19,22.32,21.95,22.05,335600
HDNG,20120808,9.31,9.62,9.11,9.33,8500
HDSN,20120808,3.41,3.57,3.33,3.53,87100
HEES,20120808,18.18,18.97,18.18,18.62,168000
HELE,20120808,30.73,31,30.47,30.52,91000
HEOP,20120808,5.49,5.49,5.34,5.43,10600
HFBC,20120808,7.58,7.58,7.3,7.49,3700
HFBL,20120808,16.8,18.12,16.8,17.5,4500
HFFC,20120808,12.85,12.99,12.33,12.78,24400
HFWA,20120808,14.14,14.32,13.82,13.92,20800
HGSH,20120808,0.51,0.51,0.51,0.51,0
HIBB,20120808,62.29,63.39,62.13,62.91,216800
HIFS,20120808,59.65,59.99,59.65,59.74,800
HIHO,20120808,1.42,1.43,1.41,1.43,12700
HILL,20120808,1.15,1.2,1.05,1.12,226900
HIMX,20120808,1.62,1.72,1.62,1.67,252900
HLIT,20120808,4.46,4.51,4.38,4.43,444300
HMIN,20120808,21.83,22.41,21.43,21.73,330500
HMNF,20120808,2.76,2.82,2.76,2.82,500
HMNY,20120808,2.5,2.54,2.5,2.54,200
HMPR,20120808,1.9,1.9,1.72,1.8,41600
HMST,20120808,18.43,18.495,18.265,18.495,8200
HMSY,20120808,34.88,36.12,34.55,35.77,794700
HNH,20120808,13.99,14.26,13.67,13.76,16200
HNRG,20120808,7.31,7.78,7.26,7.54,23000
HNSN,20120808,1.72,1.76,1.7,1.71,286000
HOFT,20120808,12.05,12.05,11.75,11.78,31000
HOLI,20120808,8.21,8.5,8.2,8.43,56000
HOLX,20120808,19.7,19.86,19.57,19.76,1283600
HOMB,20120808,15.15,15.4,15.065,15.35,18200
HOTR,20120808,3.69,3.7,3.69,3.7,9900
HOTRW,20120808,0.8,0.8,0.8,0.8,1000
HOVNP,20120808,6.5,7.25,6.5,7.16,2000
HPJ,20120808,1.07,1.07,1.07,1.07,0
HRZN,20120808,16.4,16.6,16.4,16.51,127800
HSIC,20120808,77.41,77.43,76.83,77.06,328100
HSII,20120808,12.96,13.37,12.85,13.07,104000
HSKA,20120808,10.15,10.25,9.86,10.09,6000
HSNI,20120808,43.29,44.05,43.24,43.6,405300
HSON,20120808,4.35,4.4,4.14,4.27,49300
HSTM,20120808,27.69,28.1,27.51,28.05,58700
HTBI,20120808,12.39,12.45,12.35,12.42,67100
HTBK,20120808,6.07,6.31,6.04,6.13,10100
HTCH,20120808,1.4,1.42,1.37,1.4,123100
HTHT,20120808,12.73,13.19,12.7,13.12,49900
HTLD,20120808,13.55,13.67,13.55,13.58,306600
HTLF,20120808,24.45,24.92,24.05,24.23,72400
HTWR,20120808,87.21,89,86.56,87.92,363400
HUBG,20120808,31.15,31.75,31.04,31.58,299000
HURC,20120808,21.76,21.76,20.76,20.8,21900
HURN,20120808,33.69,34.09,33.59,33.76,63400
HWAY,20120808,10.65,11.06,10.65,10.97,199400
HWBK,20120808,9,9,9,9,35400
HWCC,20120808,10.93,11.1,10.75,10.87,69100
HWKN,20120808,37.49,38.35,37.49,38.07,9300
HYGS,20120808,6.67,6.69,6.42,6.5,6200
HZNP,20120808,5,5.05,4.56,4.6,1213500
IACI,20120808,52.71,52.75,51.75,51.83,951800
IART,20120808,38.44,39.05,38.44,39.02,130600
IBB,20120808,133.54,133.63,132.35,132.74,494600
IBCP,20120808,2.73,2.78,2.64,2.66,17200
IBKC,20120808,46.2,46.87,46.2,46.81,125500
IBKR,20120808,13.88,13.95,13.81,13.9,241200
IBOC,20120808,17.96,18.02,17.72,17.88,203000
ICAD,20120808,0.43,0.47,0.41,0.44,80500
ICCC,20120808,5.62,5.62,5.17,5.4,5000
ICFI,20120808,21.79,22,21.54,21.87,29700
ICLN,20120808,7,7,6.79,6.82,8900
ICLR,20120808,23.75,24.41,23.58,24.32,190200
ICON,20120808,18.12,18.53,18.01,18.46,543700
ICUI,20120808,54.52,54.71,54.3,54.4,51200
IDCC,20120808,31.81,32.42,31.67,32.07,501300
IDRA,20120808,1,1,0.98,0.98,9700
IDSA,20120808,4.07,4.07,4.02,4.02,1500
IDSY,20120808,4.36,4.5,4.25,4.3,32000
IDTI,20120808,5.51,5.57,5.45,5.49,1189900
IDXX,20120808,44.37,45.065,44.015,44.965,669300
IEP,20120808,39.92,40.71,39.92,40.3,5500
IESC,20120808,2.96,2.96,2.87,2.87,300
IFEU,20120808,28,28,27.93,27.93,1200
IFGL,20120808,30.32,30.49,30.26,30.4,147900
IFON,20120808,1.51,1.55,1.5,1.52,38600
IGLD,20120808,2.51,2.69,2.51,2.59,4700
IGOV,20120808,99.74,99.99,99.3,99.5,41600
III,20120808,1.21,1.25,1.2,1.24,8400
IIIN,20120808,10.51,10.72,10.1,10.25,20100
IIJI,20120808,11.03,11.18,11.03,11.18,6400
IILG,20120808,20.17,20.45,19.07,19.71,408900
IIN,20120808,5.17,5.5,4.59,4.59,8000
IIVI,20120808,18.19,18.52,18.03,18.37,337100
IKAN,20120808,8.7,8.9,8.5,8.6,19400
IKNX,20120808,8.54,8.54,8.54,8.54,0
ILMN,20120808,43.81,44.02,43.06,43.61,789700
IMGN,20120808,13.1,13.1,12.67,12.7,918500
IMI,20120808,7.04,7.13,6.84,6.91,90000
IMKTA,20120808,16.73,16.73,16.32,16.48,43700
IMMR,20120808,5.5,5.57,5.41,5.46,38800
IMMU,20120808,3.51,3.53,3.45,3.46,113900
IMMY,20120808,3.2,3.2,3.2,3.2,0
IMOS,20120808,11.55,11.81,11.49,11.76,58100
INAP,20120808,6.87,6.97,6.76,6.94,154100
INCY,20120808,18.15,18.32,17.47,17.6,2686100
INDB,20120808,29.01,29.86,29.01,29.58,37600
INDY,20120808,22.18,22.24,22.08,22.15,31200
INFI,20120808,15.24,15.39,14.59,15.16,327900
INFN,20120808,5.77,5.84,5.72,5.76,305100
ININ,20120808,27.35,27.55,27.2,27.27,23400
INOD,20120808,3.89,3.98,3.83,3.84,38600
INPH,20120808,3.2,3.2,3.06,3.1,19300
INSM,20120808,3.26,3.29,3.13,3.13,36400
INTC,20120808,26.48,26.74,26.3,26.6,27035300
INTG,20120808,23.94,23.94,23.94,23.94,100
INTL,20120808,18.48,18.53,17.94,18.17,222500
INTU,20120808,59.86,60.2,59.11,59.62,1663900
INTX,20120808,13.51,13.51,13.22,13.45,52800
INVE,20120808,9,9,8,8.2,84500
INWK,20120808,12.26,12.4,12.17,12.21,83200
IOSP,20120808,31.38,31.72,31.04,31.63,51500
IPAR,20120808,17.2,17.34,17.05,17.11,19800
IPAS,20120808,2.29,2.29,2.09,2.18,421600
IPCC,20120808,56.49,57.5,56.49,56.91,51700
IPCI,20120808,2.73,2.8,2.69,2.69,7700
IPCM,20120808,44.47,44.97,44.36,44.49,113900
IPGP,20120808,61.9,62.72,59.74,60.51,956800
IPHS,20120808,51.35,51.65,49.4,49.75,188700
IPXL,20120808,23.8,24.19,23.45,23.55,397200
IQNT,20120808,11.91,12.74,11.58,12.51,242500
IRBT,20120808,22.89,23.49,22.56,23.33,184900
IRDM,20120808,7.05,7.18,6.95,7.15,389500
IRG,20120808,14.84,15.2,14.82,14.98,84700
IRIX,20120808,3.73,3.83,3.54,3.54,7300
IROQ,20120808,12.75,12.75,12.66,12.66,700
IRWD,20120808,11.92,11.95,11.41,11.6,1176000
ISBC,20120808,6.4039,6.4039,6.3451,6.3765,51300
ISCA,20120808,25.5,25.51,25.28,25.32,57200
ISHG,20120808,93.98,94.8,93.98,94.36,12600
ISIG,20120808,1.58,1.6,1.55,1.55,39400
ISIL,20120808,9.04,9.14,8.98,9.13,1948100
ISIS,20120808,12.66,12.83,12.45,12.6,3509800
ISLE,20120808,6.35,6.6,6.18,6.34,72000
ISM,20120808,23.24,23.27,22.93,23,12700
ISNS,20120808,4.82,4.97,4.82,4.97,1500
ISRG,20120808,494.1,502.18,494.03,501.22,219500
ISRL,20120808,109,109,109,109,100
ISSC,20120808,3.46,3.49,3.28,3.38,13800
ISSI,20120808,9.96,10.02,9.74,9.76,52600
ITIC,20120808,54.32,54.32,53.55,54,2700
ITRI,20120808,42.18,42.92,42.16,42.45,404300
ITRN,20120808,11.08,11.11,11.05,11.11,1600
IVAC,20120808,5.98,6.18,5.93,6.07,54000
IXYS,20120808,8.9,9.31,8.9,9.1,99200
JACK,20120808,26.33,26.45,25.83,26.06,833600
JAKK,20120808,15.68,15.79,15.45,15.76,76000
JASO,20120808,5.1,5.1,4.9,5.05,693600
JAXB,20120808,23.8,25.4,23.8,25.4,400
JAZZ,20120808,49.97,50.75,45.31,46.6,3184800
JBHT,20120808,55,55.17,54.8,55.06,762700
JBLU,20120808,5.07,5.15,5.05,5.13,2793300
JBSS,20120808,19.35,19.35,18.7,18.88,67400
JCOM,20120808,29.4,29.44,28.82,29.05,264400
JCS,20120808,10.9,11.2,10.9,11.05,3400
JCTCF,20120808,4.835,4.89,4.835,4.89,700
JIVE,20120808,16.9,17.01,15.15,15.31,3648500
JJSF,20120808,57.65,57.86,57.22,57.6,30800
JKHY,20120808,35.45,35.91,35.38,35.67,330100
JMBA,20120808,12.1,12.65,12.05,12.35,805100
JOBS,20120808,17.76,17.96,17.675,17.9,49800
JOEZ,20120808,1.03,1.05,1.02,1.04,177400
JOUT,20120808,20.51,20.82,20.19,20.55,11000
JRJC,20120808,1.22,1.22,1.2,1.2,3500
JSM,20120808,24.04,24.27,24.04,24.22,25300
JST,20120808,6.03,6.14,6.02,6.08,9400
JVA,20120808,5.84,6.63,5.83,6.58,795300
JXSB,20120808,15.69,16,15.69,16,300
KALU,20120808,56.34,57.64,55.48,56.49,73500
KCAP,20120808,7.96,8.05,7.85,7.92,98300
KCLI,20120808,36.34,37.89,36.07,36.4,11800
KELYA,20120808,12.75,14.3,12.39,14.22,601400
KELYB,20120808,14.08,14.47,13.99,14.47,1000
KEQU,20120808,12.34,12.74,12.31,12.53,10800
KERX,20120808,1.9,1.96,1.86,1.87,1139700
KEYW,20120808,10.68,11.09,10.58,10.98,81300
KFFB,20120808,7.74,7.74,7.74,7.74,0
KFRC,20120808,11.91,12.31,11.86,12.28,84700
KGJI,20120808,1.61,1.66,1.57,1.57,47400
KINS,20120808,6.25,6.25,6.25,6.25,300
KIRK,20120808,10.56,10.86,10.55,10.56,40300
KLAC,20120808,52.75,53.17,52.4,52.91,1886500
KLIC,20120808,11.04,11.37,11.04,11.25,902700
KNDI,20120808,4.81,5.13,4.81,4.96,530100
KONA,20120808,7.73,7.73,7.54,7.61,24100
KONE,20120808,2.2,2.2,2.2,2.2,0
KOOL,20120808,1.01,1.06,0.95,0.97,27200
KOPN,20120808,3.49,3.51,3.43,3.45,77300
KOSS,20120808,4.69,4.75,4.68,4.75,1000
KRNY,20120808,9.73,9.82,9.61,9.71,14500
KTCC,20120808,7.69,7.75,7.61,7.63,38900
KTEC,20120808,9.7,10,9.7,9.79,7400
KTOS,20120808,5.08,5.14,4.97,4.99,715200
KUTV,20120808,1.19,1.22,1.12,1.17,9600
KVHI,20120808,13.46,13.46,13.1,13.16,25900
KZ,20120808,7.6,7.7,7.54,7.59,28000
LABC,20120808,16.25,16.25,16.25,16.25,0
LABL,20120808,20.68,21.02,20.15,20.63,11000
LAKE,20120808,7.14,7.14,7.14,7.14,0
LAMR,20120808,34.75,35.99,34.27,34.41,7319200
LANC,20120808,69.99,70.24,69.76,70.1,20700
LARK,20120808,20.09,20.09,20.09,20.09,0
LAWS,20120808,9.58,10.49,9.58,10.06,11600
LAYN,20120808,21.15,21.23,21,21.09,77300
LBAI,20120808,10.08,10.15,9.97,9.99,12500
LBIX,20120808,4.11,4.18,4.11,4.18,1500
LBTYA,20120808,28.002,28.1196,27.7414,28.048,932800
LBTYB,20120808,53.44,53.44,53.44,53.44,0
LBTYK,20120808,51.61,51.88,51.17,51.69,549800
LCNB,20120808,13.04,13.04,13.04,13.04,200
LCUT,20120808,12.52,13.01,12.31,12.75,13600
LECO,20120808,41.39,41.39,40.41,40.67,811000
LEDS,20120808,2.44,2.46,2.28,2.33,7100
LFUS,20120808,55.37,55.65,54.96,55.49,72400
LGCY,20120808,27,27,26.35,26.52,117800
LGND,20120808,18.56,18.84,18,18.12,91500
LHCG,20120808,16.72,17.2,16.72,16.96,70500
LIFE,20120808,46.24,46.82,46.17,46.7,1367700
LIME,20120808,6.65,7,6.37,6.65,14600
LINC,20120808,3.83,3.87,3.69,3.84,101600
LINE,20120808,38.57,39.32,38.57,38.93,639100
LION,20120808,9.45,9.45,9.14,9.3,6000
LIOX,20120808,3.23,3.39,3.23,3.35,513000
LIVE,20120808,2.6267,2.6267,2.5033,2.5433,6800
LKFN,20120808,26.81,27.02,26.59,26.64,13300
LKQ,20120808,18.355,18.74,18.295,18.705,815100
LLNW,20120808,2.56,2.63,2.38,2.39,775700
LLTC,20120808,32.88,33.05,32.69,32.86,1883300
LMAT,20120808,6.45,6.46,6.42,6.46,3100
LMCA,20120808,32.8233,34.3133,32.5033,33.9633,3030400
LMCB,20120808,35.5913,35.8782,34.4682,35.6333,2200
LMIA,20120808,19.23,19.95,19.19,19.68,29500
LMNR,20120808,17.52,17.8,17.45,17.55,4200
LMNX,20120808,18,18.2,17.87,18.13,170000
LMOS,20120808,9.08,9.76,9.01,9.67,48000
LNCE,20120808,24.01,24.01,23.11,23.18,226100
LNDC,20120808,8.59,8.87,8.57,8.67,104500
LOAN,20120808,1,1,0.91,0.95,19100
LOGI,20120808,8.35,8.49,8.32,8.41,1639800
LOGM,20120808,19.67,19.82,19.25,19.67,334500
LOJN,20120808,2.75,2.9,2.74,2.75,30500
LONG,20120808,12.83,13.51,12.65,13.19,12200
LOOK,20120808,2.46,2.55,2.46,2.55,10400
LOPE,20120808,19.51,20.48,19.46,20.4,1032600
LORL,20120808,72.45,73,72.07,72.91,14500
LPLA,20120808,28.37,28.85,28.25,28.43,473600
LPNT,20120808,38.25,38.87,38,38.86,187300
LPSB,20120808,9.5,9.5,9.5,9.5,2000
LPSN,20120808,16.88,17.05,16.65,17.05,296400
LPTH,20120808,0.97,1.02,0.97,1.02,2000
LQDT,20120808,44.48,45.04,43.63,44.3,657900
LRAD,20120808,1.2,1.23,1.18,1.23,73300
LRCX,20120808,35.54,35.75,35.25,35.56,1479000
LSBK,20120808,10.12,10.12,10.1,10.1,600
LSCC,20120808,3.88,3.92,3.81,3.86,337100
LSTR,20120808,50.31,51.01,49.86,49.97,332600
LTBR,20120808,2.25,2.32,2.19,2.22,6700
LTRX,20120808,1.9,1.9,1.82,1.82,1400
LULU,20120808,57.99,58.41,57.39,58.18,1209600
LUNA,20120808,1.54,1.6,1.45,1.45,13400
LWAY,20120808,10.52,10.6,10.02,10.2,14000
LXRX,20120808,16.24,16.38,15.47,15.68,488200
LYTS,20120808,6.92,6.92,6.58,6.77,28100
MACK,20120808,7.7,7.7,7.33,7.37,63700
MAGS,20120808,3.64,3.8,3.64,3.78,13200
MANH,20120808,12.0725,12.2375,12.0675,12.1125,85300
MANT,20120808,21.69,22.09,21.5,21.94,151500
MARK,20120808,2.35,2.35,2.21,2.21,20600
MARPS,20120808,25.88,25.88,25.88,25.88,0
MASI,20120808,22.24,22.47,21.96,22,614900
MAT,20120808,35.3,35.61,35.27,35.59,1607800
MATR,20120808,7.62,7.9,7.6,7.71,14900
MATW,20120808,29.36,29.81,29.23,29.68,46000
MAYS,20120808,20,20,20,20,0
MBFI,20120808,20.19,20.35,20.07,20.26,132800
MBLX,20120808,11.34,11.82,11.34,11.46,13500
MBRG,20120808,16.59,16.59,16.27,16.47,3300
MBTF,20120808,3.03,3.05,2.86,2.95,15000
MBVT,20120808,27.01,27.19,26.7,27.12,2500
MBWM,20120808,17.1,17.11,16.62,16.76,35500
MCBC,20120808,3.04,3.21,3.04,3.15,25500
MCEP,20120808,22.44,22.86,22.15,22.38,19400
MCHP,20120808,34.83,35.03,34.74,34.93,1739200
MCHX,20120808,3.27,3.45,3.24,3.37,72900
MCOX,20120808,4.5,4.65,4.5,4.65,12800
MCRI,20120808,7.48,7.66,7.35,7.47,8700
MDAS,20120808,15.67,16.28,15.48,16.26,1101900
MDCA,20120808,9.55,9.63,9.45,9.54,34700
MDCO,20120808,25.25,25.58,24.62,25.48,587400
MDM,20120808,4.36,4.4,4.05,4.37,8400
MDRX,20120808,9.24,9.75,9.2,9.6,5857400
MDSO,20120808,17.795,17.975,17.62,17.955,105000
MDVN,20120808,49.715,50.36,48.46,48.7,410100
MEIP,20120808,2.64,2.7,2.58,2.7,18800
MELA,20120808,31.3,34.7,30.1,33.8,295600
MELI,20120808,88.76,89,85.26,85.85,961000
MEMP,20120808,17.4,17.66,17.4,17.58,21000
MENT,20120808,15.67,15.73,15.55,15.69,554700
MEOH,20120808,28.86,29.31,28.69,28.85,222200
MERC,20120808,5.72,5.76,5.61,5.7,58200
METR,20120808,12.3,12.51,12.25,12.31,32100
MFLX,20120808,26.74,27.22,26.59,26.95,16300
MFNC,20120808,6.49,6.49,6.49,6.49,0
MFRI,20120808,6.8,6.8,6.8,6.8,0
MFRM,20120808,30.41,30.79,29.52,30.34,99400
MFSF,20120808,11.01,11.01,10.75,10.75,2800
MGEE,20120808,32.9467,33.2867,32.6733,33.2333,62400
MGIC,20120808,4.5,4.58,4.29,4.3,330300
MGLN,20120808,47.79,48.22,47.49,47.7,245900
MGPI,20120808,3.25,3.34,3.13,3.13,9500
MGRC,20120808,24.09,24.09,23.65,23.7,54900
MGYR,20120808,4,4,4,4,300
MHGC,20120808,4.99,5.06,4.86,4.89,52300
MHLD,20120808,8.42,8.5,8.22,8.29,628600
MIDD,20120808,33.3733,33.79,33.11,33.4033,114600
MIND,20120808,16.68,17.05,16.62,16.81,79300
MINI,20120808,14.24,14.34,14.09,14.2,193100
MITK,20120808,4.67,4.77,4.35,4.44,551700
MITL,20120808,4.24,4.37,4.2,4.34,22700
MKSI,20120808,27.11,27.57,27.08,27.35,280100
MKTX,20120808,32.68,32.96,32.68,32.87,125600
MLAB,20120808,46.16,46.48,46.16,46.48,1400
MLHR,20120808,18.68,18.95,18.65,18.8,82900
MLNK,20120808,3.4,3.4,3.11,3.21,83800
MLNX,20120808,105.6,111.18,105.33,109.74,797300
MLVF,20120808,8.9,9.7,8.9,9.7,2100
MMLP,20120808,33.39,33.54,33.01,33.19,40700
MMSI,20120808,13.98,14.09,13.95,14.04,270600
MMYT,20120808,17.23,17.63,17.23,17.56,34900
MNDO,20120808,1.73,1.73,1.69,1.71,42300
MNKD,20120808,2.05,2.1,2.02,2.07,1112200
MNOV,20120808,1.82,1.94,1.72,1.77,12100
MNRK,20120808,7.9833,8.0417,7.8583,8.0167,2400
MNRO,20120808,35.17,35.84,34.61,34.92,224100
MNST,20120808,68.53,68.67,67.07,67.77,4217700
MNTA,20120808,13.64,14.24,13.61,13.78,453400
MNTX,20120808,9.48,9.48,7.75,7.9,361300
MOBI,20120808,1.9,2,1.88,1.88,36600
MOCO,20120808,15.04,15.04,14.75,14.98,4600
MOFG,20120808,21.38,22.15,21.34,21.8,9000
MORN,20120808,57.68,58.48,57.54,58.32,104700
MOSY,20120808,3.29,3.3,3.21,3.27,22900
MPAA,20120808,4.43,4.58,4.35,4.44,27000
MPB,20120808,10.29,10.29,10.29,10.29,0
MPEL,20120808,10.6,10.69,10.32,10.47,3763300
MPET,20120808,1,1,0.96,0.97,81900
MPWR,20120808,20.33,20.74,19.99,20.56,235600
MRCY,20120808,9.03,9.06,8.89,8.9,111000
MRGE,20120808,3.16,3.26,3.14,3.19,257300
MRLN,20120808,16.28,16.71,16.24,16.58,6300
MRTN,20120808,12.14,12.16,11.8533,11.9333,33700
MRVL,20120808,11.68,11.89,11.62,11.8,8094400
MSBF,20120808,5.8,5.8,5.8,5.8,1300
MSCC,20120808,19.76,19.99,19.39,19.93,501500
MSEX,20120808,18.9,18.96,18.56,18.62,34100
MSFG,20120808,12.09,12.17,11.89,12.07,12600
MSFT,20120808,30.21,30.47,30.11,30.33,26258400
MSLI,20120808,1.65,1.66,1.63,1.63,13200
MSON,20120808,3.05,3.06,3,3.05,1100
MSTR,20120808,125.74,128.09,125.4,126.45,71400
MTEX,20120808,6.17,6.31,6,6,4100
MTGE,20120808,23.8,24.09,23.65,24.01,808700
MTRX,20120808,10.48,10.74,10.46,10.58,57000
MTSC,20120808,50.75,51.86,50.61,51.63,63200
MTSI,20120808,13.22,13.51,12.35,12.64,71800
MTSL,20120808,1.7,1.7,1.7,1.7,0
MTSN,20120808,0.86,0.87,0.83,0.84,140500
MU,20120808,6.75,6.94,6.64,6.89,31848600
MVIS,20120808,2.16,2.19,1.83,2.01,535900
MXIM,20120808,28.17,28.44,28.01,28.32,1744500
MXWL,20120808,7.51,7.75,7.3,7.69,335900
MYGN,20120808,24.91,25.15,24.85,25,809900
MYL,20120808,23.24,23.3,23.08,23.18,4946600
MYRG,20120808,17.5,19.11,17.4,18.15,745300
NAII,20120808,6.65,6.76,6.54,6.54,1900
NANO,20120808,15.07,15.65,14.98,15.4,118800
NATH,20120808,32.43,32.88,30.7,31.96,8100
NATI,20120808,26.34,26.64,26.31,26.36,176700
NATL,20120808,24.19,24.19,23.87,24.06,5800
NATR,20120808,15.84,15.94,15.4,15.45,8100
NAUH,20120808,4.7,4.86,4.57,4.75,13200
NAVG,20120808,49.73,50.72,49.62,50.08,13100
NBBC,20120808,4.19,4.29,4.05,4.25,2000
NBIX,20120808,7.12,7.21,6.99,7.07,365600
NBN,20120808,8.68,8.75,8.55,8.75,9300
NBTB,20120808,21.13,21.42,21.01,21.17,35000
NCIT,20120808,6.73,6.94,6.58,6.86,47400
NCMI,20120808,14.25,14.34,14.02,14.17,204500
NCTY,20120808,4.77,4.79,4.52,4.73,2700
NDAQ,20120808,23.19,23.47,23.19,23.28,1106900
NDSN,20120808,51.04,53.33,50.85,53.22,259200
NECB,20120808,5.16,5.26,5.16,5.26,400
NEOG,20120808,26.7,26.8867,26.0067,26.5267,51200
NEON,20120808,4.6,4.62,4.4,4.43,147600
NEPT,20120808,4.71,4.81,4.7,4.72,152400
NEWP,20120808,12.7,12.7,12.43,12.52,151000
NEWS,20120808,12.05,12.12,11.93,12.08,22200
NEWT,20120808,9,9.15,8.7,9.15,37400
NFBK,20120808,14.95,15.1,14.95,15.01,9000
NFEC,20120808,0.78,0.9,0.73,0.85,2500
NFLX,20120808,8.2243,8.4129,8.1671,8.2571,2604300
NICE,20120808,31.77,32,31.53,31.89,275600
NICK,20120808,13.36,13.43,13.25,13.4,7100
NIHD,20120808,6.1,6.18,5.9,6.17,9543000
NILE,20120808,32.48,32.92,31.87,31.93,392800
NKSH,20120808,29.59,29.7,29.58,29.61,2500
NKTR,20120808,8.25,8.36,8.09,8.19,565000
NLNK,20120808,12.03,12.2,11.99,12.12,41300
NLST,20120808,1.64,1.69,1.61,1.62,72600
NMRX,20120808,10.05,10.11,9.96,9.98,40400
NNBR,20120808,8.45,8.95,8.34,8.77,134300
NPBC,20120808,8.86,8.99,8.84,8.88,400200
NRIM,20120808,21.33,21.39,21.08,21.25,5400
NSEC,20120808,8.28,8.79,8.25,8.79,8400
NSIT,20120808,18.16,18.32,18.11,18.25,258300
NSPH,20120808,53.6,55,52,52.6,745600
NSSC,20120808,3,3,2.97,2.98,19400
NSYS,20120808,3.23,3.53,3.17,3.25,1200
NTAP,20120808,33.25,33.33,32.76,32.98,5563000
NTCT,20120808,23.68,23.68,23.24,23.48,174700
NTES,20120808,55.66,56.08,54.31,54.78,306300
NTGR,20120808,36.77,37.62,36.34,37.26,442800
NTIC,20120808,10.5,10.52,9.81,10.1,13200
NTK,20120808,52.15,52.15,51.52,51.76,4300
NTLS,20120808,15.74,16.26,15.74,16.01,206500
NTRI,20120808,10.33,10.4,10.22,10.31,144400
NTRS,20120808,45.88,46.26,45.7,46.08,734600
NTWK,20120808,4.4,4.7,4.3,4.6,387000
NUAN,20120808,21.92,23.8,21.79,23.18,8878700
NURO,20120808,4.2,4.44,3.9,4.14,109900
NUTR,20120808,14.58,14.98,14.55,14.75,17000
NUVA,20120808,19.62,19.92,19.44,19.7,573200
NVAX,20120808,2.09,2.1,2.04,2.06,463900
NVDA,20120808,14.14,14.38,14.1,14.23,12934100
NVDQ,20120808,8.06,8.06,7.81,8,107400
NVEC,20120808,54.72,55.68,54.44,54.55,38600
NVGN,20120808,2.2,2.2,2.2,2.2,1800
NVMI,20120808,8.05,8.05,7.81,7.93,75900
NVSL,20120808,7.31,7.31,7.28,7.28,2200
NWBI,20120808,11.91,11.95,11.84,11.93,302000
NWFL,20120808,28.74,28.74,28.1,28.4,1900
NWLI,20120808,139.9,140.99,138.16,139.34,4800
NWPX,20120808,24.55,25.02,24.55,24.75,32800
NWS,20120808,23.94,24.09,23.76,23.89,4789500
NWSA,20120808,23.76,23.95,23.6,23.72,22289500
NXPI,20120808,23.94,24.19,23.52,23.81,1404600
NXST,20120808,8.2,8.22,8.05,8.15,35800
NXTM,20120808,15.55,15.55,12.98,13.03,3893700
NYMT,20120808,6.96,6.98,6.76,6.83,743300
NYMX,20120808,6.16,6.18,6.02,6.03,33800
NYNY,20120808,1.85,1.88,1.72,1.86,12300
OBAS,20120808,6.05,6.05,6.05,6.05,1100
OBCI,20120808,2.14,2.14,2.13,2.13,500
OCC,20120808,3.53,3.73,3.51,3.66,12900
OCFC,20120808,13.61,13.63,13.52,13.56,18900
OCLR,20120808,2.43,2.46,2.35,2.36,625400
OCLS,20120808,5.81,5.81,5.74,5.81,4600
ODFL,20120808,29.98,30.16,29.6,29.62,338600
OFED,20120808,12.96,14,12.96,14,3400
OFIX,20120808,41.87,42.3,41.86,42.12,158600
OFLX,20120808,11.05,11.05,10.3,10.39,3400
OGXI,20120808,14.24,14.44,14.22,14.22,12100
OIIM,20120808,3.9,4.04,3.9,4.01,240600
OKSB,20120808,9.54,9.65,9.38,9.52,24900
OLBK,20120808,10.77,10.77,10.77,10.77,100
OMAB,20120808,17.25,17.3,17.25,17.26,1500
OMCL,20120808,14.41,14.61,13.85,14.57,190200
OMER,20120808,8.47,8.83,8.3,8.4,89200
OMEX,20120808,3.92,3.95,3.86,3.9,380900
ONCY,20120808,2.84,2.88,2.74,2.8,79300
ONEQ,20120808,118.5,118.7,118.45,118.64,4700
ONFC,20120808,10.44,10.49,10.44,10.49,700
ONTY,20120808,4.58,4.61,4.46,4.5,196800
ONVI,20120808,3.51,3.51,3.51,3.51,100
OPHC,20120808,1.88,1.88,1.8,1.8,19100
OPOF,20120808,10.5,10.55,10.5,10.52,1000
OPTT,20120808,2.67,2.71,2.56,2.61,12600
OPXA,20120808,1.92,2,1.68,1.8,67800
OPXAW,20120808,0.06,0.09,0.05,0.05,11600
ORBC,20120808,3.24,3.25,3.15,3.22,67100
ORBK,20120808,8.08,8.3,7.97,8.3,97900
OREX,20120808,4.43,4.48,4.18,4.25,1927500
ORIG,20120808,16.47,16.53,14.85,16.5,46000
ORIT,20120808,14.09,14.31,14.04,14.24,81200
ORLY,20120808,86.81,87.6,86.56,86.7,1146300
ORRF,20120808,8.33,8.75,8.33,8.55,11900
OSBC,20120808,1.46,1.47,1.4,1.4,8400
OSBCP,20120808,5.5,5.5,5.33,5.35,1100
OSHC,20120808,13.07,13.16,13.07,13.16,400
OSIR,20120808,8.36,8.45,8.14,8.25,99300
OSIS,20120808,65.13,65.19,64.34,64.44,77300
OSM,20120808,24.02,24.1,23.82,23.98,10100
OSN,20120808,0.97,0.98,0.96,0.98,4000
OSTK,20120808,8.59,8.59,8.42,8.53,67000
OSUR,20120808,10.17,10.32,9.6,9.84,1819600
OTEX,20120808,24.685,25.075,24.25,24.575,325200
OTIV,20120808,1.56,1.56,1.5,1.56,28700
OTTR,20120808,23.39,23.63,23.35,23.51,58900
OVBC,20120808,19.31,19.31,19.31,19.31,0
OVLY,20120808,7.07,7.1,7.07,7.1,500
OVTI,20120808,14.63,14.9,14.53,14.7,1205400
OXGN,20120808,6.84,7.08,6.6,7.08,84400
OXLC,20120808,14.55,14.75,14.55,14.74,10000
OZRK,20120808,16.05,16.245,16.01,16.02,143600
PAAS,20120808,15.53,15.95,15.51,15.52,1192700
PACB,20120808,1.72,1.85,1.68,1.79,526100
PACW,20120808,23.79,24.04,23.04,23.97,140100
PAGG,20120808,29.27,29.45,29.25,29.31,4500
PANL,20120808,33.52,34.38,32.27,32.82,1685700
PATK,20120808,7.9667,7.9933,7.7333,7.9267,52300
PAYX,20120808,32.64,33,32.59,32.92,1703900
PBCT,20120808,11.82,11.97,11.82,11.94,2892100
PBHC,20120808,10.25,10.25,10.25,10.25,0
PBIB,20120808,1.72,1.72,1.72,1.72,0
PBIP,20120808,5.52,5.52,5.52,5.52,100
PBMD,20120808,3.5,3.5,3.5,3.5,0
PBSK,20120808,12.71,12.71,12.71,12.71,100
PCAR,20120808,40.49,40.67,40.06,40.54,1572700
PCBK,20120808,9.16,9.23,9.06,9.17,105000
PCCC,20120808,11.73,12.11,11.5,12.01,34700
PCH,20120808,34.02,34.44,33.61,33.78,99900
PCLN,20120808,575.1,586.97,559.75,562.32,6686200
PCO,20120808,1.21,1.22,1.2,1.21,115100
PCOM,20120808,13.09,13.28,12.91,12.98,29000
PCRX,20120808,14.61,14.95,14.45,14.94,173000
PCTI,20120808,5.9,5.94,5.82,5.89,26700
PCYO,20120808,2.06,2.06,2.06,2.06,3500
PDCE,20120808,25.04,26.49,25.03,26.15,695800
PDCO,20120808,34.75,34.86,34.64,34.78,489200
PDEX,20120808,1.68,1.76,1.66,1.74,15200
PDFS,20120808,10.21,10.3,10.1,10.19,56900
PDII,20120808,7.27,7.27,6.77,7,14700
PDLI,20120808,6.93,7.11,6.9,7.04,2267100
PEBK,20120808,8.8,8.8,8.8,8.8,800
PEBO,20120808,21.68,21.73,21.37,21.59,12200
PEGA,20120808,14.46,14.51,13.87,13.875,164900
PEIX,20120808,5.25,5.25,4.95,4.95,1629900
PENN,20120808,37.54,37.98,37.32,37.58,411800
PERF,20120808,8.28,8.36,8.28,8.33,16300
PERI,20120808,5.18,5.39,5.05,5.17,87200
PERY,20120808,19.23,19.62,19.03,19.33,17800
PESI,20120808,5.3,5.35,4.25,4.95,334700
PETS,20120808,9.7,9.82,9.66,9.75,233700
PFBC,20120808,11.06,11.69,10.96,11.48,18500
PFBI,20120808,8.77,9,8.74,8.87,10100
PFBX,20120808,11,11,10.21,10.21,500
PFIN,20120808,5.53,5.69,5.53,5.68,6900
PFLT,20120808,11.93,12.94,11.93,12.69,79000
PFPT,20120808,14.2,14.85,13.24,14.29,66400
PFSW,20120808,2.46,2.58,2.44,2.48,30800
PGC,20120808,14.6,14.6,14.18,14.32,3800
PGNX,20120808,4.62,4.75,4.52,4.59,330300
PGTI,20120808,3.19,3.23,3.09,3.11,33600
PHII,20120808,25.65,25.65,25.65,25.65,100
PHIIK,20120808,27.05,27.51,26.78,27.38,7800
PHMD,20120808,13.94,14.05,13.31,13.84,213100
PICO,20120808,24.45,24.7,24.21,24.56,57300
PKBK,20120808,5.23,5.25,5.09,5.25,600
PKOH,20120808,19.53,21.33,19.05,21.11,75200
PLAB,20120808,6,6.01,5.73,5.78,371400
PLBC,20120808,3.15,3.15,3.15,3.15,0
PLCE,20120808,50.28,51.78,50.18,51.53,480800
PLCM,20120808,9.48,9.63,9.39,9.47,2557900
PLNR,20120808,1.4,1.42,1.35,1.35,17100
PLPC,20120808,55.77,55.99,55.31,55.99,1200
PLTM,20120808,13.95,14.26,13.95,14.1,600
PLUG,20120808,1.23,1.24,1.19,1.2,82400
PLUS,20120808,35.07,36.49,34.95,36.18,23400
PLXS,20120808,29.58,30.97,29.26,30.47,214100
PMBC,20120808,6.7,6.93,6.52,6.87,17700
PMCS,20120808,5.73,5.78,5.65,5.74,5047700
PMD,20120808,11.1,11.48,11.09,11.28,14800
PNBK,20120808,16,16,16,16,9400
PNFP,20120808,19.48,19.85,19.47,19.61,49800
PNNT,20120808,10.74,10.84,10.52,10.52,207700
PNQI,20120808,39.9,39.92,39.62,39.64,5300
PNRA,20120808,155.19,158.11,155.19,156.6,401400
PNRG,20120808,25.4,25.56,25.01,25.24,3800
PNTR,20120808,2.6,2.81,2.36,2.36,5800
PODD,20120808,19.07,19.2,18.62,18.72,418400
POOL,20120808,37.86,37.86,37.02,37.52,166500
POPE,20120808,56.63,56.63,56.63,56.63,100
POWI,20120808,34.48,34.51,33.16,33.34,552200
POWL,20120808,43.65,43.65,40.5,40.98,83800
POZN,20120808,6.41,6.66,6.38,6.62,87900
PPBI,20120808,8.93,8.93,8.93,8.93,200
PPHM,20120808,1.76,1.9,1.72,1.9,1426400
PRAA,20120808,31.9167,32.4833,31.9167,32.1467,51100
PRAN,20120808,1.58,1.58,1.55,1.56,8800
PRCP,20120808,5.36,5.4,5.05,5.11,9300
PRFT,20120808,11.99,12,11.69,11.79,117400
PRFZ,20120808,64.38,65.07,64.34,64.8,34300
PRGS,20120808,19.63,19.94,19.51,19.58,176500
PRGX,20120808,7.88,7.88,7.7,7.78,63300
PRIM,20120808,13.07,13.72,12.05,13.63,148600
PRKR,20120808,2.14,2.18,1.8,1.91,594300
PRMW,20120808,1.05,1.17,0.96,1.15,1831200
PROV,20120808,12.65,12.75,12.53,12.55,24000
PRPH,20120808,1.12,1.12,1.12,1.12,100
PRSC,20120808,12.42,12.69,12.25,12.27,21700
PRSS,20120808,8.4,8.81,8.18,8.75,83100
PRTS,20120808,3.8,3.92,3.71,3.92,45800
PRXI,20120808,22.8,22.9,22.5,22.9,54300
PRXL,20120808,28.08,28.19,25.95,27.71,1221800
PSAU,20120808,34.12,34.7,34.12,34.63,1800
PSBH,20120808,4.49,4.49,4.49,4.49,100
PSCC,20120808,34.2,34.2,34.09,34.16,3700
PSCD,20120808,31.02,31.24,31.02,31.13,65800
PSCE,20120808,32.83,33.4,32.83,33.01,1000
PSCF,20120808,29.92,30.07,29.92,30.07,6600
PSCH,20120808,35.06,35.3,35.06,35.23,14800
PSCI,20120808,28.78,28.98,28.76,28.98,1300
PSCM,20120808,28.45,28.45,28.45,28.45,0
PSCT,20120808,29.55,29.75,29.55,29.71,6400
PSCU,20120808,31.06,31.22,31.06,31.22,700
PSDV,20120808,2.03,2.03,1.62,1.7,768100
PSEC,20120808,10.85,11.06,10.85,11.04,1377900
PSEM,20120808,8.55,8.73,8.31,8.63,65900
PSMT,20120808,71.98,72.92,71.23,71.41,86200
PSTB,20120808,4.64,4.69,4.6,4.67,40200
PSTI,20120808,3.6,3.64,3.51,3.56,877100
PSUN,20120808,2.11,2.19,1.91,1.98,1535200
PTEN,20120808,15.96,16.15,15.92,16.06,2752000
PTIE,20120808,3.77,3.81,3.7,3.73,40000
PTNR,20120808,3.45,3.67,3.41,3.56,190800
PTNT,20120808,3.57,3.65,3.51,3.51,10200
PTSI,20120808,9.44,9.51,9.35,9.35,2100
PULB,20120808,7.42,7.59,7.42,7.59,4000
PVTB,20120808,15.45,15.81,15.11,15.5,249300
PVTBP,20120808,26.37,26.48,26.36,26.37,1700
PWOD,20120808,38.77,39.21,38.77,39.21,1400
PWX,20120808,12.61,13.03,12.55,13.03,11300
PXLW,20120808,3.12,3.19,3.12,3.13,66500
PZZA,20120808,26,26.235,25.975,26,113300
QABA,20120808,25.18,25.18,25.18,25.18,100
QADA,20120808,13.71,13.8,13.56,13.67,5500
QADB,20120808,13.12,13.64,13.12,13.16,1300
QBAK,20120808,1.81,1.81,1.81,1.81,6300
QCCO,20120808,3.3,3.45,3.18,3.25,20800
QCLN,20120808,9.19,9.23,9.16,9.23,2700
QCOM,20120808,61.24,61.55,60.98,61.45,6544000
QCRH,20120808,12.95,12.95,12.95,12.95,100
QDEL,20120808,16.06,16.29,15.98,16.11,37200
QGEN,20120808,17.25,17.44,17.18,17.36,551200
QKLS,20120808,5.76,6.4,5.68,6.4,9900
QLGC,20120808,11.86,11.99,11.71,11.78,1070500
QLIK,20120808,22.36,22.62,21.82,22.14,1184900
QLTI,20120808,7.92,7.99,7.72,7.84,351300
QNST,20120808,8.84,9.05,8.74,8.94,144700
QQEW,20120808,25.63,25.73,25.6,25.71,28300
QQQ,20120808,66.48,66.76,66.37,66.62,20723400
QQQC,20120808,13.18,13.18,13.18,13.18,0
QQQX,20120808,15.96,16,15.89,15.94,43100
QQXT,20120808,23.81,23.87,23.81,23.83,3000
QSII,20120808,17.15,17.92,17.15,17.91,943800
QTEC,20120808,26.09,26.3,26.09,26.21,21100
QTWW,20120808,3.84,3.84,3.72,3.76,510200
QUIK,20120808,2.29,2.35,2.2,2.21,159800
RADA,20120808,1.23,1.23,1.22,1.22,3200
RAIL,20120808,19.95,19.95,18.85,19.22,168700
RAND,20120808,2.77,2.8,2.75,2.75,5800
RAVN,20120808,33,33.37,32.95,33.03,84100
RBCAA,20120808,23.61,23.93,23.31,23.63,10000
RBCN,20120808,9.47,9.5,9.28,9.47,100700
RBPAA,20120808,1.7,2.5,1.69,2.1,13100
RCII,20120808,36.5,36.84,36.24,36.49,193100
RCKY,20120808,11.65,11.7,11.41,11.41,6900
RCMT,20120808,5.63,5.72,5.54,5.59,10600
RCON,20120808,1.87,1.95,1.85,1.9,5700
RDCM,20120808,3.05,3.05,3.04,3.04,3100
RDEN,20120808,39.19,39.29,38.71,38.96,233300
RDI,20120808,5.05,5.08,4.99,5.03,21400
RDIB,20120808,5,5,5,5,0
RDNT,20120808,2.43,2.51,2.39,2.51,240300
RDWR,20120808,16.37,16.41,16.19,16.265,100800
RECN,20120808,11.48,11.75,11.47,11.69,190900
REDF,20120808,2.98,3.03,2.95,2.98,17400
REFR,20120808,2.95,2.95,2.87,2.93,19400
REGI,20120808,5.18,5.25,5.09,5.11,35100
REGN,20120808,138.52,141.96,138.01,139.63,594700
REIS,20120808,11.39,11.89,11.15,11.15,9300
RELL,20120808,12.25,12.43,12.25,12.42,17200
RELV,20120808,1.28,1.31,1.28,1.28,800
RENT,20120808,18.44,19.11,18.43,18.91,14400
REXI,20120808,6.25,6.34,6.18,6.21,14000
REXX,20120808,12.39,13.75,12.34,13.04,2383800
RFIL,20120808,3.98,4.05,3.97,3.98,3300
RGCO,20120808,18.11,18.23,17.85,17.85,4400
RGEN,20120808,4.7,4.73,4.66,4.67,258200
RGLD,20120808,78.9,79.97,78.17,78.79,385700
RICK,20120808,7.95,8.1,7.95,8.1,12500
RIGL,20120808,10.3,10.41,9.87,10.01,224900
RITT,20120808,2.86,2.86,2.75,2.75,4900
RIVR,20120808,16.07,16.07,16.07,16.07,0
RJET,20120808,5.21,5.33,5.15,5.19,228200
RLOC,20120808,12.76,13.35,12.76,13.28,172600
RLOG,20120808,7.76,7.87,7.71,7.83,16300
RMBS,20120808,4.66,4.83,4.56,4.6,830300
RMCF,20120808,11.99,12.15,11.99,12.04,7200
RMTI,20120808,8.73,8.88,8.5,8.51,47600
RNET,20120808,17.78,17.81,16.79,17.2,55100
RNST,20120808,18.14,18.19,17.88,18.1,32300
RNWK,20120808,7.98,8.16,7.94,8.04,50500
ROCK,20120808,10.83,10.98,10.75,10.92,79500
ROIA,20120808,0.83,0.83,0.78,0.79,2300
ROIAK,20120808,0.75,0.8,0.73,0.8,200300
ROIC,20120808,12.32,12.4,12.27,12.37,331900
ROIQ,20120808,9.6,9.6,9.6,9.6,0
ROLL,20120808,45.71,46.07,45.62,45.89,62500
ROSG,20120808,4.25,4.79,4.12,4.64,2224200
ROST,20120808,33.945,34.245,33.945,34.145,1086900
ROVI,20120808,14.76,14.87,14.5,14.66,1486000
ROYL,20120808,2.85,2.9,2.75,2.81,34100
RP,20120808,24.43,24.98,24.43,24.94,452800
RPRX,20120808,8.81,9.35,8.81,9.32,105600
RPTP,20120808,4.81,4.99,4.75,4.78,204000
RPXC,20120808,11.45,11.67,11.38,11.62,192900
RRD,20120808,12.99,13.13,12.9,13,2913600
RRGB,20120808,28.48,29.03,28.3,28.68,241000
RSTI,20120808,18.4,19.06,18.35,19.01,144100
RSYS,20120808,3.76,3.84,3.69,3.74,45400
RTIX,20120808,3.84,3.86,3.8,3.82,80400
RUSHA,20120808,16.39,16.91,16.26,16.48,129500
RUSHB,20120808,13.61,14.05,13.55,13.55,21700
RUTH,20120808,6.78,6.91,6.78,6.86,99900
RVSB,20120808,1.36,1.44,1.36,1.37,7400
RYAAY,20120808,29.74,30.06,29.49,29.64,130500
SAAS,20120808,4.96,5.04,4.96,5,23400
SAFM,20120808,37.93,39.83,37.93,39.54,443800
SAFT,20120808,45.15,45.44,44.73,45.42,25100
SAIA,20120808,15.62,15.62,15.16,15.32,97000
SALM,20120808,4.95,4.95,4.64,4.91,11600
SANM,20120808,8.39,8.56,8.26,8.33,576400
SANW,20120808,4.66,5,4.66,4.9,32500
SASR,20120808,18.66,18.68,18.47,18.59,23600
SATS,20120808,30,30.18,28.76,29.58,359900
SAVE,20120808,20.4,20.7,20.19,20.51,686500
SBAC,20120808,59.9,60.21,59.65,60.05,1825200
SBBX,20120808,5,5,5,5,400
SBCF,20120808,6.9,7.15,6.9,7.15,79400
SBGI,20120808,11.82,12,11.67,11.81,401800
SBLK,20120808,7.95,8.4,7.95,7.95,85700
SBNY,20120808,64.18,64.58,64.06,64.35,163500
SBNYW,20120808,38.8,38.8,38.8,38.8,0
SBRA,20120808,18.91,19.08,18.75,19.02,307700
SBSA,20120808,3.84,4.02,3.78,3.95,39600
SBSI,20120808,20.7619,20.7714,20.4286,20.4571,13100
SBUX,20120808,22.64,22.7,22.45,22.645,8314700
SCHL,20120808,30.77,31.09,30.51,30.88,124300
SCHN,20120808,31.34,32.35,30.53,31.63,544000
SCLN,20120808,5.2,5.24,5.08,5.1,572200
SCMP,20120808,4.09,4.3,4.05,4.13,44500
SCON,20120808,9.12,9.24,8.52,9.24,45800
SCOR,20120808,12.98,13.33,12.84,13.13,185700
SCSC,20120808,30.01,30.7,29.56,30.53,93600
SCSS,20120808,28.31,28.9,28.05,28.29,609700
SCVL,20120808,22.01,22.26,21.26,22.16,29200
SEAC,20120808,7.73,7.78,7.47,7.76,53600
SEED,20120808,1.48,1.53,1.47,1.48,45400
SEIC,20120808,21.53,21.76,21.5,21.68,365100
SENEA,20120808,24.59,25.48,24.59,25.18,12300
SENEB,20120808,24.46,24.46,24.46,24.46,0
SEV,20120808,5.1,5.11,5.03,5.03,600
SFLY,20120808,33,33.57,32.56,32.74,830200
SFNC,20120808,23.25,23.35,23.19,23.29,33200
SFST,20120808,8.14,8.14,8.14,8.14,0
SGC,20120808,11.92,12.38,11.75,11.75,3600
SGEN,20120808,24.28,24.42,23.65,23.87,1615600
SGI,20120808,7.03,7.04,6.82,6.82,518200
SGMA,20120808,3.55,3.75,3.55,3.71,4500
SGMO,20120808,5.03,5.08,5,5.05,99400
SGMS,20120808,6.85,7,6.62,6.8,1963100
SGNT,20120808,17.71,18.2,17.03,17.82,71300
SGRP,20120808,1.45,1.63,1.4,1.4,66000
SGYP,20120808,4.12,4.15,3.93,3.94,200100
SGYPU,20120808,10.6,10.6,10.6,10.6,0
SGYPW,20120808,2.48,2.48,2.25,2.25,800
SHBI,20120808,4.98,5.2,4.98,5.05,9200
SHEN,20120808,15.7,16,15.69,15.87,35000
SHIP,20120808,2.01,2.01,2.01,2.01,200
SHLD,20120808,52.2,53.91,52.2,52.38,399100
SHLM,20120808,22.43,22.5,22.1,22.49,133000
SHLO,20120808,10.69,10.95,10.37,10.54,15300
SHOO,20120808,27.3333,27.4467,26,27.02,401500
SHOR,20120808,4.68,4.8,4.57,4.63,272200
SHPG,20120808,92,93.14,91.9,92.93,305400
SIAL,20120808,71.44,72.42,71.26,72.25,355900
SIBC,20120808,13,13.07,12.97,12.97,7900
SIEB,20120808,1.63,1.63,1.63,1.63,100
SIFI,20120808,11.48,11.67,11.31,11.48,4700
SIFY,20120808,2.12,2.13,2.06,2.13,48200
SIGI,20120808,17.7,18,17.7,17.84,66600
SIGM,20120808,6.82,6.93,6.7,6.77,173500
SILC,20120808,14.99,14.99,14.72,14.77,4200
SIMO,20120808,15.38,15.8,15.33,15.7,351800
SINA,20120808,50.38,50.66,48.7,49.62,2225500
SINO,20120808,2.19,2.38,2.19,2.26,9500
SIRI,20120808,2.28,2.51,2.28,2.47,325221900
SIRO,20120808,49.59,50.45,49.47,50.41,304400
SIVB,20120808,57.09,57.55,56.55,56.99,176500
SIVBO,20120808,25.37,25.37,25.37,25.37,200
SKBI,20120808,2.12,2.18,2.12,2.18,2700
SKUL,20120808,15.36,15.54,14.77,15.33,545500
SKYW,20120808,7.75,8.44,7,8.17,1679900
SKYY,20120808,18.79,18.87,18.73,18.76,11300
SLAB,20120808,39.15,39.36,38.98,39.06,153200
SLGN,20120808,40.65,40.84,39.77,40.24,323600
SLM,20120808,5.6929,5.75,5.6786,5.7321,2394800
SLMAP,20120808,46.75,47.36,46.75,47.33,6900
SLMBP,20120808,46.1,46.54,46,46.54,1500
SLP,20120808,4.13,4.2,4.13,4.17,15900
SLRC,20120808,22.61,22.86,22.61,22.85,141800
SLTC,20120808,4,4,4,4,1200
SMBC,20120808,11.525,11.525,11.25,11.25,5200
SMCI,20120808,12,12.68,12,12.51,389500
SMED,20120808,2.83,2.85,2.76,2.82,1800
SMIT,20120808,3.3,3.3,3.26,3.26,1300
SMMF,20120808,3.7,3.73,3.7,3.7,1800
SMRT,20120808,7.94,8.12,7.84,8.02,32400
SMSI,20120808,1.71,1.72,1.7,1.7,49600
SMT,20120808,1.45,1.56,1.42,1.5,274400
SMTC,20120808,25.41,25.51,24.89,25.11,522500
SMTX,20120808,3.17,3.19,3.1,3.13,35200
SNAK,20120808,5.84,5.92,5.67,5.7,93500
SNBC,20120808,14.8,14.8,14.5,14.6,31000
SNCR,20120808,22.18,22.66,22.11,22.24,280100
SNDK,20120808,41.81,41.94,41.28,41.7,4315200
SNFCA,20120808,2.6,2.62,2.49,2.49,3100
SNHY,20120808,23.86,24.54,23.86,24.05,70500
SNMX,20120808,2.21,2.25,2.06,2.11,34900
SNPS,20120808,30.85,30.92,30.69,30.8,558600
SNSS,20120808,3.14,3.14,2.86,3.01,230700
SNTA,20120808,6.96,7.01,6.64,6.77,436700
SOCB,20120808,2.61,2.67,2.57,2.67,10300
SOCL,20120808,12.92,12.92,12.72,12.8,11100
SODA,20120808,44.29,44.5,39.08,40.97,5813800
SOFO,20120808,7.54,7.54,7.38,7.45,3200
SOHU,20120808,39.78,40.14,39.32,39.54,675600
SONA,20120808,7.33,7.35,7.33,7.35,1700
SONC,20120808,9.23,9.46,9.12,9.38,525900
SONS,20120808,7.95,9.7,7.95,9.05,3063000
SORL,20120808,1.95,2,1.93,1.98,19900
SOXX,20120808,54.23,54.71,54.13,54.57,413600
SPAN,20120808,16.57,16.57,15.6,15.6,1500
SPAR,20120808,5.21,5.29,5.2,5.21,60900
SPEX,20120808,10,10,9.4,9.6,5200
SPIL,20120808,5.57,5.65,5.57,5.65,306900
SPLK,20120808,30.26,30.66,29.69,30.16,231400
SPLS,20120808,13.2,13.49,13.17,13.33,6759100
SPNC,20120808,11.55,11.92,11.47,11.76,99200
SPNS,20120808,3.6,3.6,3.41,3.57,7300
SPPI,20120808,13.35,13.44,11.71,11.81,7315500
SPRO,20120808,1.6,1.7,1.6,1.7,3000
SPRT,20120808,3.04,3.06,2.92,2.98,171600
SPSC,20120808,31.9,31.95,30.63,31.32,38000
SPTN,20120808,15.19,15.4,14.99,15.33,69700
SPU,20120808,1.51,1.58,1.5,1.56,62800
SPWR,20120808,4.63,4.79,4.58,4.69,1808100
SQI,20120808,15.45,15.74,15.41,15.73,79400
SQNM,20120808,3.28,3.29,3.19,3.27,1531500
SQQQ,20120808,165.48,166.2,163.32,164.48,1677600
SRCE,20120808,22.58,22.61,22.29,22.35,7900
SRCL,20120808,90.43,90.58,89.21,89.67,441000
SRDX,20120808,17.83,17.83,17.68,17.7,78300
SREV,20120808,8.46,8.46,8.09,8.22,745400
SRPT,20120808,8.45,8.49,7.76,7.8,643400
SSBI,20120808,6.39,6.39,6.39,6.39,200
SSFN,20120808,4.19,4.19,4.19,4.19,0
SSH,20120808,8.83,9.2,8.46,8.46,90600
SSNC,20120808,24.75,25.25,24.04,25.01,297800
SSRI,20120808,13.12,13.61,13.03,13.08,809600
SSYS,20120808,66.78,67.68,66.4,66.73,441200
STAA,20120808,6.28,6.39,6.26,6.37,112800
STB,20120808,6.35,6.35,6.28,6.31,273300
STBA,20120808,16.74,16.97,16.66,16.76,31500
STBZ,20120808,16.23,16.33,16.08,16.29,30900
STEM,20120808,1.66,1.73,1.65,1.67,576700
STFC,20120808,13.83,14.1,13.76,13.84,51000
STKL,20120808,5.05,5.18,5.03,5.14,162400
STLD,20120808,12.98,13.31,12.98,13.19,2640500
STLY,20120808,4.23,4.34,4.2,4.25,10500
STMP,20120808,21.35,21.57,20.67,20.78,156600
STNR,20120808,41.53,42.76,41.53,42.12,41600
STPP,20120808,35.92,35.92,35.92,35.92,100
STRA,20120808,72.65,74.35,71.93,73.03,146700
STRL,20120808,10.04,10.12,9.91,10.03,15400
STRM,20120808,4.12,4.12,3.95,3.95,33500
STRS,20120808,8.68,8.68,8.68,8.68,100
STRT,20120808,24.18,24.18,23.5,23.6,3700
STX,20120808,32.47,33.42,32.12,32.65,17851100
STXS,20120808,2.12,2.15,1.83,1.91,11800
SUBK,20120808,13.5,14.44,13.31,14.36,55400
SUMR,20120808,3.11,3.14,3.08,3.12,12600
SUNS,20120808,17.25,17.53,17.24,17.36,112400
SUPN,20120808,12.29,12.62,12.29,12.55,16500
SURG,20120808,4.51,4.63,4.43,4.63,61800
SVA,20120808,2.19,2.19,2.15,2.16,7300
SVBI,20120808,2.66,2.8,2.6,2.6,2200
SVVC,20120808,16.08,16.2,15.96,16.04,29200
SWHC,20120808,9.41,9.62,9.32,9.43,820200
SWIR,20120808,9,9.54,8.8,9.41,175600
SWKS,20120808,28.81,29.07,28.52,28.65,2249300
SWSH,20120808,21.6,21.6,20.6,21,177800
SYBT,20120808,23.11,23.58,23.02,23.11,7900
SYKE,20120808,13.21,13.71,13.18,13.25,330200
SYMC,20120808,17.15,17.25,16.99,17.1,7409000
SYMX,20120808,1.06,1.07,1.06,1.06,8600
SYNA,20120808,29.1,29.58,28.28,28.93,694200
SYNC,20120808,9.88,10.15,9.58,9.93,318300
SYNL,20120808,12.45,12.73,12.19,12.73,5700
SYNT,20120808,29.78,30.305,29.65,30.135,83500
SYPR,20120808,6.99,6.99,6.3,6.41,121200
SYUT,20120808,5.79,5.79,5.64,5.74,54800
SZYM,20120808,13.5,13.5,12.47,12.52,404400
TACT,20120808,7.22,7.25,7.01,7.07,11300
TAIT,20120808,0.97,0.97,0.97,0.97,0
TASR,20120808,5.6,5.66,5.53,5.65,818300
TAST,20120808,5.48,5.55,5.35,5.41,124000
TATT,20120808,4.12,4.25,3.85,4.25,13100
TAX,20120808,11.84,11.88,11.84,11.88,700
TAXI,20120808,11.29,11.5,11.27,11.46,110100
TAYD,20120808,8.05,8.21,8.05,8.08,1100
TBBK,20120808,9.48,9.48,9.19,9.28,44700
TBNK,20120808,23.72,23.72,23.32,23.57,6900
TCBI,20120808,43.28,44.03,43.28,43.8,320500
TCBK,20120808,15.14,15.25,15.1,15.2,13900
TCCO,20120808,6.38,6.65,6.32,6.32,12200
TCPC,20120808,14.34,14.69,14.32,14.6,19100
TCRD,20120808,13.61,13.74,13.47,13.61,47900
TCX,20120808,4.48,4.6,4.12,4.28,236100
TEAR,20120808,3.5,3.5,3.2,3.33,136000
TECD,20120808,47.3,48.04,47.07,47.95,290400
TECH,20120808,68.07,69.03,68.07,68.54,59900
TESO,20120808,10.22,10.23,10,10.15,238600
TESS,20120808,18.61,18.66,18.33,18.6,34900
TFM,20120808,59.5,60.19,59.06,59.58,470400
TFSL,20120808,9.09,9.12,9.01,9.04,223800
TGA,20120808,9.7,9.99,9.63,9.68,100900
THFF,20120808,30.02,30.29,29.72,30.22,8500
THLD,20120808,7.51,7.77,7.51,7.72,781700
THOR,20120808,32.63,32.72,32.14,32.26,320600
THRM,20120808,12.04,12.04,11.51,11.56,117800
THRX,20120808,26.83,27.98,26.51,26.55,343900
THTI,20120808,1.5,1.5,1.36,1.4,6300
TICC,20120808,9.72,9.93,9.71,9.85,358000
TIGR,20120808,1.74,1.9,1.74,1.85,5200
TINY,20120808,3.8,3.84,3.71,3.74,31000
TISA,20120808,4.7,4.71,4.2,4.5,76100
TITN,20120808,29.32,30.32,29.32,30.02,257200
TIVO,20120808,9.17,9.22,8.94,9.07,1194200
TLF,20120808,5.13,5.35,5.11,5.17,1800
TNAV,20120808,5.69,5.9,5.69,5.72,43600
TNGO,20120808,20.3,20.3,19.87,20,348700
TOPS,20120808,8.96,8.96,8.96,8.96,0
TORM,20120808,14.09,14.28,14.09,14.1,3400
TOWN,20120808,14.27,14.4,14.05,14.09,38600
TQQQ,20120808,27.54,27.905,27.415,27.7,895900
TRAK,20120808,30,30,27.83,28.81,335400
TREE,20120808,14.33,14.75,13.72,14.19,52100
TRIB,20120808,12.52,12.63,11.8,12.48,82200
TRIP,20120808,37.08,37.69,36.1,36.77,4031800
TRMB,20120808,23.03,23.485,22.97,23.47,732100
TRMK,20120808,24.16,24.4,24.07,24.26,177000
TRNS,20120808,6.43,6.62,6.34,6.34,11000
TRNX,20120808,18.01,18.44,17.28,18,1215100
TROV,20120808,2.54,2.54,2.23,2.35,160400
TROVW,20120808,0.46,0.46,0.2,0.3,2100
TROW,20120808,61.42,61.65,60.72,60.78,1056800
TRS,20120808,22.18,22.18,21.69,21.87,51800
TRST,20120808,5.54,5.6,5.44,5.58,174500
TSBK,20120808,5.29,5.3,5.21,5.25,7700
TSCO,20120808,45.575,46.25,45,46.235,540800
TSEM,20120808,10.35,10.53,10.11,10.32,58100
TSLA,20120808,29.9,30,28.59,29.09,1308800
TSRA,20120808,14.69,14.97,14.66,14.74,190700
TSRI,20120808,3.73,3.73,3.73,3.73,100
TSRO,20120808,13.3,13.47,13.02,13.06,36600
TST,20120808,1.33,1.36,1.26,1.34,102400
TSYS,20120808,1.52,1.62,1.48,1.53,675000
TTEC,20120808,16.31,16.56,16.24,16.44,143100
TTEK,20120808,25.79,26.04,25.59,25.99,191500
TTGT,20120808,4.19,5.37,4.13,5.15,451200
TTHI,20120808,1.93,1.96,1.81,1.9,40000
TTMI,20120808,9.05,9.35,9.05,9.34,263600
TTWO,20120808,9.24,9.42,8.97,8.99,2471300
TUES,20120808,5.03,5.15,5.02,5.13,76400
TW,20120808,57.71,57.73,57.16,57.42,208800
TWER,20120808,3.81,4.03,3.8,3.94,168500
TWIN,20120808,20.57,21.18,20.03,20.66,94500
TWMC,20120808,3.08,3.12,3.07,3.09,9500
TXN,20120808,29.11,29.4,29.06,29.36,7852000
TXRH,20120808,17.47,17.75,17.25,17.48,456500
TYPE,20120808,14.66,14.85,14.57,14.66,45700
TZOO,20120808,21.98,22.38,21.81,22.04,76000
UACL,20120808,15.01,15.38,15.01,15.17,7900
UBCP,20120808,9.28,9.28,9.25,9.25,800
UBFO,20120808,2.31,2.41,2.31,2.41,1600
UBNK,20120808,14,14.22,14,14.09,65300
UBNT,20120808,13.89,14.19,13.6,14.1,352000
UBOH,20120808,9,9,9,9,1500
UBSH,20120808,15.01,15.19,14.88,14.94,25400
UBSI,20120808,23.56,23.96,23.56,23.79,147600
UCBA,20120808,6.95,7.62,6.9,7.25,6700
UCBI,20120808,7.4,7.61,7.39,7.59,199300
UCFC,20120808,3.07,3.1,2.83,3,24400
UCTT,20120808,6.15,6.54,6.1,6.53,29700
UEIC,20120808,15.03,15.05,14.84,15.01,22600
UEPS,20120808,8.17,8.42,8.17,8.35,65800
UFCS,20120808,21.41,21.51,21.12,21.48,40800
UFPI,20120808,34.3,35.3,34.07,34.88,55300
UFPT,20120808,16.8,17.15,16.8,16.87,9200
UG,20120808,18,18,17.34,17.34,2700
UHAL,20120808,94.26,96.97,94.2,95.71,20100
ULBI,20120808,2.89,3.39,2.77,2.77,281100
ULTA,20120808,87.68,87.86,85.73,86.53,702500
ULTI,20120808,94.78,96.24,94.09,94.81,163500
ULTR,20120808,0.75,0.77,0.72,0.72,156100
UMBF,20120808,48.62,49.23,48.4,49.03,96100
UMPQ,20120808,12.27,12.31,12.17,12.23,336400
UNAM,20120808,10.15,10.15,10.15,10.15,0
UNB,20120808,19.76,19.76,19.58,19.58,400
UNFI,20120808,53.92,54.92,53.71,54.31,144600
UNIS,20120808,3.08,3.09,2.95,3,148200
UNTD,20120808,5.32,5.44,5.28,5.43,700500
UNTY,20120808,5.95,5.95,5.95,5.95,100
UNXL,20120808,6.1,6.1,5.8,6.07,72600
UPIP,20120808,2.11,2.16,2.04,2.04,102800
URBN,20120808,30.71,31.09,30.65,30.91,943900
URRE,20120808,5.8,5.8,5.5,5.6,1047100
USAK,20120808,4.09,4.29,4,4.14,21500
USAP,20120808,34.4,35.48,34.4,34.86,10000
USAT,20120808,1.55,1.55,1.5,1.51,49300
USATP,20120808,16,16,16,16,200
USBI,20120808,6.16,6.2,6.07,6.09,1800
USCR,20120808,6.06,6.06,6,6,1700
USEG,20120808,2.31,2.34,2.31,2.31,38700
USLM,20120808,43.6,43.75,43.01,43.42,3700
UTEK,20120808,32.2,32.6,31.01,32.26,260200
UTHR,20120808,55.54,55.71,54.86,55.14,386900
UTIW,20120808,13.39,13.84,13.32,13.8,210400
UTMD,20120808,33.86,33.87,33.64,33.76,3100
UTSI,20120808,3.12,3.21,3.12,3.15,178700
UVSP,20120808,16.11,16.2,15.94,16.15,13600
VALU,20120808,12.56,12.56,12.2,12.31,2000
VASC,20120808,13.81,13.96,13.51,13.72,72400
VBFC,20120808,16,16.16,16,16,6000
VCIT,20120808,86.43,86.59,86.34,86.36,178600
VCLT,20120808,92.34,92.34,91.8,91.87,56900
VCSH,20120808,79.75,79.79,79.65,79.72,394200
VDSI,20120808,9.44,9.65,9.41,9.47,146500
VECO,20120808,36.72,38.11,36.19,37.89,863400
VGIT,20120808,66.25,66.27,66.15,66.17,13000
VGLT,20120808,78.02,78.06,77.48,77.61,21300
VGSH,20120808,60.96,60.96,60.93,60.95,35600
VIA,20120808,50.53,51.38,50.44,51.18,10400
VIAB,20120808,48.99,49.35,48.71,49.1,4692400
VICL,20120808,3.56,3.63,3.53,3.57,216100
VICR,20120808,7.03,7.14,6.81,6.83,45800
VIMC,20120808,1,1.08,1,1.03,43900
VIRC,20120808,1.6,1.6,1.56,1.56,8600
VISN,20120808,5,5.4,5,5.4,127500
VIVO,20120808,16.76,16.91,16.75,16.9,104000
VLGEA,20120808,35.29,35.86,35.2,35.6,5500
VMBS,20120808,52.61,52.62,52.51,52.59,35200
VNDA,20120808,4.2,4.34,3.93,4,291000
VNET,20120808,10.93,10.93,10.28,10.53,319700
VNQI,20120808,50.22,50.4,50,50.25,47400
VOD,20120808,29.77,30.07,29.77,30.07,6429300
VONE,20120808,63.65,64.01,63.65,63.91,1600
VONG,20120808,66.6,66.81,66.6,66.66,3700
VONV,20120808,61.06,61.41,61.06,61.37,10200
VOXX,20120808,7.52,7.72,7.51,7.64,293400
VRA,20120808,23.21,23.58,22.75,23.38,347800
VRML,20120808,1.88,1.9,1.83,1.84,91200
VRNT,20120808,28.08,28.16,27.83,27.89,64600
VRSK,20120808,46.84,49.47,46,48.96,1617600
VRSN,20120808,45.83,46.58,45.79,46.5,1456900
VRTA,20120808,3.88,3.88,3.88,3.88,200
VRTB,20120808,4.76,4.76,4.76,4.76,100
VRTS,20120808,84.37,85.5,83.01,85.15,12600
VRTU,20120808,15.82,15.99,15.29,15.75,89100
VRTX,20120808,51.88,52.28,50.48,50.81,1221000
VSAT,20120808,35.3,36.06,35.02,35.66,353700
VSCP,20120808,8.8,9,8.6,9,7800
VSEC,20120808,22.5,22.52,22.18,22.41,3100
VSTM,20120808,9.23,9.67,8.84,8.94,3300
VTHR,20120808,63.64,63.82,63.64,63.82,700
VTWG,20120808,66.24,66.53,66.14,66.18,13200
VTWO,20120808,63.8,63.99,63.64,63.64,1600
VTWV,20120808,61.38,61.41,61.03,61.11,10700
VVUS,20120808,22.16,22.85,22.02,22.2,5124900
VXUS,20120808,43.5,43.8,43.5,43.65,71600
WABC,20120808,46.22,46.78,46.21,46.3,130100
WAFD,20120808,16.13,16.43,16.07,16.39,326200
WAFDW,20120808,3.37,3.37,3.37,3.37,0
WASH,20120808,24.91,25.06,24.74,24.87,10200
WAVX,20120808,2.4,2.6,2.32,2.36,285700
WAYN,20120808,8.32,8.32,8.3,8.3,500
WBKC,20120808,16.45,17,16.45,17,9100
WBMD,20120808,15.42,15.49,14.99,15.15,219100
WDC,20120808,41.63,42.49,41.31,41.86,4293000
WDFC,20120808,48.45,49.01,48.38,48.4,32400
WEBK,20120808,14.97,14.97,14.97,14.97,0
WEN,20120808,4.55,4.59,4.53,4.54,1913100
WERN,20120808,23.27,23.38,23.14,23.28,468100
WETF,20120808,7.02,7.1,6.94,7.03,341800
WEYS,20120808,23.55,23.6,23.2,23.29,6700
WFD,20120808,7.67,7.69,7.55,7.58,23800
WFM,20120808,46.96,47.4,46.67,46.855,1539700
WIBC,20120808,6.41,6.49,6.39,6.49,973900
WIFI,20120808,9.49,9.49,8.76,9,69100
WILC,20120808,4.07,4.11,4.07,4.11,300
WILN,20120808,4.95,4.95,4.87,4.9,4900
WIN,20120808,10.05,10.21,9.65,10.05,16439000
WINA,20120808,56.75,56.75,55.83,55.83,900
WIRE,20120808,28.24,28.69,28.08,28.12,65200
WLB,20120808,7.13,7.35,7.13,7.29,18800
WLDN,20120808,1.25,1.25,1.25,1.25,2000
WLFC,20120808,12.24,12.43,12.02,12.14,7600
WMAR,20120808,10.17,10.45,10.17,10.39,29000
WMGI,20120808,19.29,20.05,19.29,19.96,245300
WOOD,20120808,37.92,38.24,37.92,38.12,14500
WOOF,20120808,18.5,18.74,18.5,18.68,555200
WPCS,20120808,110.88,115.5,110.88,115.5,22500
WPPGY,20120808,66.31,66.68,66.1,66.51,21100
WPRT,20120808,37.5,37.5,36.21,36.46,1278300
WRES,20120808,2.87,3.03,2.85,2.97,428000
WRLD,20120808,70.3,72.08,69.91,71.38,130400
WSBC,20120808,20.68,20.89,20.67,20.82,31500
WSBF,20120808,3.91,4.75,3.9,4.29,43200
WSCI,20120808,7.16,7.5,7.02,7.38,9700
WSFS,20120808,13.7233,13.9267,13.4767,13.7667,22200
WSTG,20120808,12.59,12.6,12.35,12.35,3500
WSTL,20120808,2.19,2.28,2.17,2.22,225000
WTBA,20120808,10.13,10.25,10.09,10.15,9000
WTFC,20120808,36.68,36.84,36.43,36.69,134400
WTFCW,20120808,17.72,17.72,17.72,17.72,0
WVFC,20120808,8.5,8.5,8.5,8.5,0
WVVI,20120808,3.45,3.53,3.45,3.45,1400
WWD,20120808,35,35.69,34.92,35.46,240500
WWWW,20120808,18.1,18.18,17.56,17.78,794600
WYNN,20120808,101.81,102.98,101.54,102.71,1353700
XBKS,20120808,4.1,4.15,4.1,4.11,4100
XLNX,20120808,33.62,33.86,33.54,33.72,1689100
XNPT,20120808,8.3,8.79,8.07,8.3,807400
XOMA,20120808,3.14,3.3,3.02,3.18,340600
XRAY,20120808,38.29,38.68,38.23,38.54,875400
XXIA,20120808,15.62,15.76,15.39,15.42,243000
YHOO,20120808,16.15,16.32,16.09,16.17,7378900
YNDX,20120808,20.77,21.2,20.68,21.11,1377300
YOD,20120808,4,4.4,3.87,4.34,2100
YORW,20120808,18.2,18.2,17.73,17.75,18800
YRCW,20120808,5.11,5.27,5.03,5.17,127400
Z,20120808,39,41.05,37.55,38.24,2527800
ZAGG,20120808,8.55,8.77,8.52,8.72,622200
ZAZA,20120808,34.8,35.9,34.8,35.4,96500
ZBRA,20120808,35.57,35.8,35.36,35.54,124100
ZEUS,20120808,16.5,16.94,16.5,16.71,51100
ZGNX,20120808,16.88,16.96,16.24,16.56,292900
ZHNE,20120808,0.58,0.58,0.55,0.55,12000
ZINC,20120808,9.36,9.65,9.33,9.4,163200
ZION,20120808,18.92,19.14,18.91,19.03,1404000
ZIONW,20120808,2.97,2.97,2.72,2.72,2900
ZIOP,20120808,5.35,5.37,5.18,5.25,447900
ZIXI,20120808,2.44,2.49,2.4,2.44,98100
ZLTQ,20120808,4.99,5.05,4.88,4.89,134000
ZN,20120808,1.76,1.79,1.74,1.77,51800
ZNGA,20120808,3.01,3.05,2.9,2.95,12422100
ZUMZ,20120808,34.26,35.67,34.18,35.19,388800
