AAME,20100202,1.38,1.39,1.38,1.39,2900
AAON,20100202,6.1126,6.24,6.1126,6.2015,69100
AAPL,20100202,27.9871,28.0457,27.6257,27.98,24940700
AAWW,20100202,37.53,38.56,37.53,38.34,224100
AAXJ,20100202,53.03,53.7,52.6,53.42,714400
ABAX,20100202,23.71,24.14,23.6,24,155200
ABCB,20100202,9.39,9.39,9.21,9.25,109400
ABCD,20100202,3.77,3.83,3.75,3.77,17800
ABCO,20100202,16.11,16.5,16.065,16.225,61000
ABCW,20100202,1.29,1.29,1.14,1.15,273800
ABIO,20100202,18.18,18.18,16.68,17.52,7900
ABMD,20100202,7.92,8.09,7.9,8.03,251400
ABTL,20100202,5.45,5.45,5.2,5.4,57400
ACAD,20100202,1.32,1.41,1.29,1.4,596700
ACAS,20100202,3.33,3.58,3.27,3.49,7714500
ACAT,20100202,8.47,8.92,8.46,8.9,42000
ACET,20100202,5.23,5.23,5.14,5.16,117900
ACFC,20100202,1.61,1.61,1.43,1.47,1500
ACGL,20100202,23.6067,23.6233,23.2833,23.42,1254700
ACHN,20100202,2.6,2.87,2.49,2.7,3078200
ACIW,20100202,5.34,5.3567,5.2833,5.2933,137400
ACLS,20100202,1.62,1.77,1.58,1.76,1435700
ACOR,20100202,29.73,30.97,29.5,30.42,2194400
ACPW,20100202,5.2,5.3,5,5,50900
ACTG,20100202,8.65,8.85,8.55,8.63,78800
ACTS,20100202,2.45,2.45,2.4,2.41,45700
ACUR,20100202,5,5.07,5,5.01,16900
ACWI,20100202,41.2,41.46,40.86,41.45,418600
ACWX,20100202,39.62,40,39.45,39.91,90900
ACXM,20100202,15.1,15.66,14.98,15.6,1114100
ADAT,20100202,2.16,2.16,2,2.02,186300
ADBE,20100202,32.54,33.13,32.31,32.98,5735600
ADEP,20100202,3.29,3.29,3.24,3.29,5500
ADI,20100202,27.55,27.93,27.35,27.78,2901900
ADP,20100202,36.3653,36.3653,35.7155,36.1546,3637400
ADRA,20100202,25.14,25.38,25.14,25.34,3000
ADRD,20100202,20.65,20.83,20.61,20.82,10300
ADRE,20100202,41,41.33,40.65,41.17,175600
ADRU,20100202,20.33,20.45,20.33,20.45,5400
ADSK,20100202,23.77,24.05,23.67,23.95,2610500
ADTN,20100202,21.35,21.54,21.18,21.49,728300
ADUS,20100202,8.74,8.74,8.48,8.59,10300
AEHR,20100202,1.75,1.8,1.71,1.77,18800
AEIS,20100202,13.3,14.05,13.21,13.95,500400
AEPI,20100202,33.36,33.9,33.18,33.43,36900
AETI,20100202,2.1,2.17,2.1,2.17,1300
AEY,20100202,2.19,2.2,2.16,2.16,10900
AEZS,20100202,5.1,5.22,5.1,5.16,156700
AFAM,20100202,35.86,36.74,35.8,36.64,89700
AFCB,20100202,11.26,11.26,11.25,11.25,700
AFFX,20100202,5.52,5.8,5.4,5.78,1224800
AFOP,20100202,0.595,0.6,0.585,0.6,66400
AFSI,20100202,12.05,12.24,11.95,12.04,157100
AGEN,20100202,0.85,0.85,0.8,0.84,316800
AGII,20100202,26.67,26.87,26.3,26.34,184100
AGNC,20100202,26.33,26.76,26.33,26.66,320500
AGYS,20100202,8.62,8.92,8.6,8.71,77200
AHGP,20100202,27.74,28.48,27.73,28.28,47700
AHPI,20100202,4.66,5.22,4.66,4.99,400
AIMC,20100202,10.72,10.83,10.58,10.7,77700
AINV,20100202,10.42,10.59,10.36,10.5,1311700
AIRM,20100202,9.98,9.98,9.6733,9.7367,83000
AIRT,20100202,9.59,9.85,9.45,9.76,14900
AIXG,20100202,31.51,32.16,31.11,31.57,382300
AKAM,20100202,26.41,26.5,25.96,26.37,3234300
AKRX,20100202,1.56,1.58,1.56,1.56,202800
ALCO,20100202,25.49,26.1,25.47,25.86,5900
ALGN,20100202,18,18.52,17.97,18.12,1289000
ALGT,20100202,51.07,52.63,51.07,51.99,296800
ALKS,20100202,11.08,11.27,10.94,11.25,1357200
ALLB,20100202,8.3,8.3,8.3,8.3,0
ALLT,20100202,4.09,4.25,4.09,4.22,22300
ALNY,20100202,17.08,17.43,16.88,17.36,141900
ALOG,20100202,40.1,40.46,39.87,40.12,51800
ALOT,20100202,7.5,7.55,7.48,7.5,1500
ALSK,20100202,8.03,8.05,7.92,7.92,721700
ALTR,20100202,22,22.32,21.81,22.28,10222500
ALXA,20100202,29.6,29.6,26.8,27.5,84300
ALXN,20100202,23.64,24.385,23.555,24.325,908400
AMAG,20100202,44.22,44.67,43.68,44.28,250800
AMAT,20100202,12.59,12.59,12.35,12.51,21525900
AMCC,20100202,7.93,8.17,7.91,8.06,863900
AMCN,20100202,7.9,8.01,7.76,7.94,208600
AMD,20100202,7.74,7.96,7.72,7.91,21118000
AMED,20100202,55.5,58.96,55.5,58.83,1574500
AMGN,20100202,58.6,59.3,58.41,59.23,7670700
AMIC,20100202,4.7,4.7,4.7,4.7,0
AMKR,20100202,6.17,6.31,6.07,6.15,2078700
AMNB,20100202,18.7,18.94,18.14,18.21,12100
AMOT,20100202,2.6,2.6,2.6,2.6,200
AMOV,20100202,22.37,22.525,22.195,22.525,1500
AMPH,20100202,23.18,23.2,22.85,22.85,11800
AMRB,20100202,7.86,8.05,7.77,8.05,15500
AMRI,20100202,9.52,9.6,9.35,9.48,69900
AMRN,20100202,1.46,1.46,1.04,1.15,114700
AMSC,20100202,384.3,387.9,355.2,356.9,4244200
AMSF,20100202,17.17,17.43,16.73,16.93,81200
AMSG,20100202,21.02,21.21,20.68,21.15,116300
AMSWA,20100202,5.5,5.61,5.36,5.38,50300
AMWD,20100202,20.05,20.39,19.88,20.11,24900
AMZN,20100202,118.79,118.98,114.4,118.12,23084900
ANAD,20100202,3.83,3.98,3.82,3.94,499200
ANAT,20100202,106.3,108.79,105.31,107.77,17600
ANCX,20100202,6,6,5.9,5.9,8500
ANDE,20100202,18.6933,19.24,18.4067,18.9933,136400
ANGO,20100202,16.19,16.29,15.87,16.11,79300
ANIK,20100202,6.21,6.43,6.07,6.4,51600
ANSS,20100202,42.13,42.57,41.86,42.35,267400
APEI,20100202,37.9,38.35,37.42,38.19,232100
APOG,20100202,13.99,14.1,13.72,14.05,211600
APOL,20100202,60.68,60.76,59.9,60.39,2567100
APPY,20100202,13.5,13.5,13.02,13.44,106200
ARAY,20100202,5.91,5.91,5.7,5.82,183400
ARCC,20100202,12.43,12.71,12.36,12.67,1803100
ARCI,20100202,1.99,2.84,1.99,2.84,5400
ARCW,20100202,0.964,0.964,0.964,0.964,1600
AREX,20100202,8.44,8.49,8.28,8.45,37800
ARIA,20100202,2.29,2.3,2.23,2.24,753000
ARII,20100202,10.02,10.31,9.8,9.85,32200
ARKR,20100202,13.6,13.73,13.5,13.5,10300
ARLP,20100202,20.78,21.125,20.61,21.05,137000
ARMH,20100202,9.52,9.82,9.35,9.81,6259400
ARNA,20100202,3.3,3.33,3.2,3.22,991400
AROW,20100202,25.5,25.57,24.65,25.02,23200
ARQL,20100202,3.24,3.24,3.15,3.16,145400
ARRS,20100202,10.27,10.39,10.14,10.21,999500
ARRY,20100202,2.6,2.6,2.39,2.39,881600
ARTNA,20100202,17.51,17.79,17.42,17.42,12400
ARTW,20100202,4.15,4.15,4.15,4.15,0
ARTX,20100202,1.7,1.73,1.7,1.73,4600
ARWR,20100202,0.57,0.61,0.57,0.6,48300
ASBI,20100202,3.25,3.25,3.21,3.21,1300
ASCMA,20100202,25.68,25.82,25.31,25.5,47900
ASEI,20100202,78.8,79.27,78.19,78.22,118500
ASFI,20100202,6.1,6.34,6,6.13,31900
ASML,20100202,32.43,32.76,32.07,32.51,3560500
ASPS,20100202,22.8,23.5,22.07,23.27,240900
ASRV,20100202,1.45,1.49,1.45,1.49,7500
ASRVP,20100202,20,20,20,20,0
ASTC,20100202,2.53,2.8,2.52,2.8,338800
ASTE,20100202,25.29,25.4,24.52,24.77,188900
ASTI,20100202,44.8,45.7,44.2,45,100800
ASUR,20100202,1.5,1.5267,1.46,1.5,5700
ASYS,20100202,10.83,11.14,10.67,11,83200
ATAI,20100202,3.41,3.65,3.4,3.6,17100
ATAX,20100202,5.8,5.86,5.68,5.79,67300
ATEC,20100202,4.59,4.91,4.5,4.51,122900
ATHN,20100202,41.04,41.24,39.93,40.28,435800
ATHX,20100202,2.4,2.82,2.36,2.62,1526100
ATLO,20100202,18.63,18.68,17.86,17.86,8800
ATML,20100202,4.83,4.94,4.78,4.86,4666900
ATNI,20100202,47.45,48.23,47.35,47.46,65000
ATRC,20100202,5.83,5.85,5.8,5.83,15000
ATRI,20100202,141.51,143.11,139,140.23,15300
ATRM,20100202,27.5,28.4,26.8,27.8,22400
ATRO,20100202,7.025,7.025,6.7083,6.7167,27200
ATSG,20100202,2.33,2.36,2.25,2.34,215700
ATVI,20100202,10.08,10.26,10.05,10.25,15095600
AUBN,20100202,18.99,20.37,18.61,18.78,3700
AUDC,20100202,3.22,3.34,3.21,3.31,87200
AVAV,20100202,31.48,31.51,27.71,30.12,2773100
AVGO,20100202,17.51,17.8,17.35,17.7,1772800
AVID,20100202,12.66,12.99,12.61,12.9,214000
AVNW,20100202,7.2,7.34,7.11,7.21,332400
AWRE,20100202,2.51,2.69,2.51,2.57,37700
AXAS,20100202,2.1,2.14,2,2.06,253000
AXTI,20100202,3.1,3.28,3.03,3.07,195200
AZPN,20100202,9.19,9.22,9.17,9.2,90600
BABY,20100202,13.53,13.59,13.33,13.46,91200
BAMM,20100202,6.55,6.69,6.48,6.67,38500
BANF,20100202,39.98,39.99,38.84,39,20700
BANFP,20100202,25.3,25.31,25.3,25.31,200
BANR,20100202,20.44,20.79,20.02,20.58,135200
BASI,20100202,0.78,0.78,0.75,0.75,6600
BBBY,20100202,39.31,40.16,39.05,40.04,2846900
BBEP,20100202,14,14.5,13.95,14.39,259600
BBGI,20100202,3.45,3.45,3.45,3.45,0
BBOX,20100202,27.09,27.49,26.76,26.91,155700
BBRY,20100202,64.43,65.94,64.06,65.63,11778700
BBSI,20100202,12.81,13.14,12.56,12.62,19900
BCBP,20100202,8.68,9.66,8.68,9.66,200
BCPC,20100202,19.47,19.59,19.23,19.35,60300
BCRX,20100202,7.12,7.36,7.02,7.29,720200
BDGE,20100202,23.8,23.8,23.12,23.21,7900
BDMS,20100202,15.53,15.53,15.53,15.53,0
BDSI,20100202,3.47,4.07,3.47,3.79,164900
BEAT,20100202,5.86,5.97,5.8,5.9,523000
BEAV,20100202,23.01,25.77,22.09,25.03,3347700
BEBE,20100202,6.4,6.61,6.38,6.56,579100
BECN,20100202,16.69,16.85,16.54,16.77,312000
BELFA,20100202,17.23,17.23,16.55,17.16,1900
BELFB,20100202,19.37,19.82,18.87,19.09,24100
BFIN,20100202,9.54,9.76,9.52,9.56,61000
BGCP,20100202,4.05,4.07,3.96,3.99,447100
BGFV,20100202,14.54,14.99,14.44,14.72,223800
BIDU,20100202,42.845,42.85,42.31,42.618,988800
BIIB,20100202,53.76,54.95,53.24,54.94,2178400
BIOC,20100202,4.26,4.32,4.26,4.3,6700
BIOD,20100202,16.2,16.2,15.56,15.96,180700
BIOS,20100202,7.27,7.41,7.13,7.13,472500
BJRI,20100202,21.35,21.85,21.32,21.7,344700
BKCC,20100202,9.05,9.05,8.93,9.02,373000
BKMU,20100202,6.64,6.69,6.55,6.58,157300
BKSC,20100202,10.5,11.47,10.31,10.53,3500
BLDP,20100202,2.26,2.32,2.2,2.23,150700
BLDR,20100202,3.35,3.42,3.31,3.33,434600
BLKB,20100202,22.49,22.96,22.22,22.75,184500
BMRC,20100202,31.77,31.97,31.35,31.4,6800
BMRN,20100202,20.41,20.73,20.19,20.71,2223600
BMTC,20100202,16.23,16.44,15.86,15.86,20500
BNCL,20100202,8.95,9,8.86,8.99,122800
BNCN,20100202,7.8,7.8,7.8,7.8,0
BNSO,20100202,1.07,1.15,1.07,1.15,6900
BOBE,20100202,28.65,28.82,28.29,28.53,119900
BOCH,20100202,5.68,5.68,5.49,5.49,300
BOFI,20100202,11.43,12.31,11.35,12.13,108100
BOKF,20100202,47.33,47.6,46.85,47,113000
BONT,20100202,9.2,9.5,8.9,9.4,65200
BOOM,20100202,16.5,16.65,16.3,16.57,124300
BPFH,20100202,6.97,7.13,6.78,6.91,720100
BPOP,20100202,21.1,21.4,21,21.1,7292600
BPOPM,20100202,15,15,15,15,100
BPOPN,20100202,15.75,15.75,15.31,15.31,600
BRCD,20100202,6.7,6.78,6.56,6.75,26741400
BRCM,20100202,27.92,28.05,27.48,28.03,7597500
BRID,20100202,10.53,11.27,10.53,11.27,2500
BRKL,20100202,9.99,10.04,9.81,9.91,296600
BRKR,20100202,12.71,13.16,12.6,12.84,468700
BRKS,20100202,8.4,8.74,8.27,8.64,388700
BSET,20100202,4.24,4.4,4.24,4.33,3700
BSQR,20100202,2.45,2.5,2.37,2.41,38100
BSRR,20100202,10.28,10.4,10.25,10.27,39300
BSTC,20100202,27.14,27.39,27,27,13200
BUSE,20100202,3.8,3.98,3.72,3.76,176300
BVSN,20100202,13.3,13.3,13.11,13.26,4700
BWEN,20100202,59,60.3,58.2,58.8,902800
BWINA,20100202,21.8,21.8,21.8,21.8,0
BWINB,20100202,24.25,24.45,23.97,23.98,11000
BWLD,20100202,47.91,48.17,47.38,47.39,389700
BYFC,20100202,6.84,6.9,6.5,6.5,1000
CA,20100202,21.9693,22.1889,21.7996,22.099,6040900
CAAS,20100202,16.43,17.49,15.51,17.27,1586100
CAC,20100202,29.98,30.31,29.37,30,30000
CACB,20100202,0.69,0.7,0.65,0.67,104300
CACC,20100202,53,53,51.17,51.26,91100
CADC,20100202,63.12,64.92,60.12,64.2,26900
CAKE,20100202,22.05,22.24,21.88,21.95,878000
CALD,20100202,3.09,3.31,3.06,3.26,147400
CALI,20100202,25.8,27.9,24.66,27.3,48200
CALM,20100202,16.495,16.71,16.355,16.385,82200
CAMP,20100202,2.81,2.84,2.79,2.81,53000
CAMT,20100202,2.5,2.61,2.44,2.57,67800
CART,20100202,5.1,5.2,5.05,5.06,700
CARV,20100202,7.1,7.1,7.1,7.1,100
CASH,20100202,17.6,18.15,17.6,18.06,4400
CASM,20100202,2.15,2.24,2.05,2.24,3000
CASS,20100202,30.33,30.45,30.1,30.11,13800
CASY,20100202,30.74,30.88,30.24,30.5,197700
CATM,20100202,11.01,11.47,10.9,11.41,139300
CATY,20100202,9.68,9.74,9.31,9.56,11068700
CAVM,20100202,22.57,22.95,22.49,22.74,590400
CBAK,20100202,13,13.2,12.2,12.4,1207200
CBAN,20100202,4.45,4.45,4.45,4.45,1200
CBLI,20100202,80,83.8,77,83.8,42500
CBMX,20100202,65.5,69.6,65.4,66.1,26700
CBNJ,20100202,6.1,6.62,6.1,6.34,38700
CBNK,20100202,12.87,12.94,12.87,12.89,8800
CBPO,20100202,10,10.3,9.91,10.19,220700
CBRL,20100202,38.1,38.38,37.65,37.74,114600
CBSH,20100202,39.5,39.7,38.9,39.25,443600
CCBG,20100202,11.95,12.15,11.77,11.77,41400
CCMP,20100202,36.35,36.47,35.3,35.76,224000
CCNE,20100202,15.31,15.95,15.25,15.25,10400
CCOI,20100202,11.01,11.24,10.87,11.16,488200
CCRN,20100202,8.97,9.02,8.79,8.86,66100
CCUR,20100202,4.3,4.6,4.04,4.56,65700
CDNS,20100202,5.9,6.13,5.87,6.09,4835200
CDTI,20100202,1.68,1.8,1.63,1.8,2800
CDZI,20100202,11.93,11.99,11.52,11.59,54900
CECE,20100202,3.79,3.79,3.69,3.72,13100
CECO,20100202,21.8,22.07,21.46,21.57,1441500
CELG,20100202,28.425,28.96,28.155,28.875,2776500
CENT,20100202,9.69,9.92,9.52,9.63,174800
CENTA,20100202,9,9.03,8.76,8.78,318100
CENX,20100202,12.45,12.86,12.2,12.65,5340200
CERN,20100202,19.4425,19.7875,19.3475,19.7225,703400
CERS,20100202,1.87,1.91,1.83,1.91,108800
CETV,20100202,29.71,30.11,29.46,29.6,255300
CEVA,20100202,11.72,11.88,11.53,11.62,161700
CFBK,20100202,6.9,6.9,6.9,6.9,300
CFFI,20100202,20,20.5,20,20.5,3300
CFFN,20100202,32.65,32.88,32.52,32.78,65800
CFNB,20100202,12.92,13.11,12.83,12.87,3500
CFNL,20100202,9.51,9.51,9.33,9.46,160300
CGEN,20100202,4.51,4.7,4.31,4.66,2067800
CGNX,20100202,8.25,8.36,8.13,8.34,153800
CHCI,20100202,0.73,0.78,0.73,0.73,69400
CHCO,20100202,31.24,31.34,30.91,31.05,62100
CHDN,20100202,35.82,36.07,35.55,35.85,26500
CHEV,20100202,8.35,8.35,7.92,7.92,3600
CHFC,20100202,21.03,21.09,20.71,20.9,60000
CHFN,20100202,8.9704,8.9704,8.9704,8.9704,0
CHKE,20100202,16.04,16.25,16.01,16.15,89800
CHKP,20100202,31.98,32.51,31.81,32.4,2752800
CHLN,20100202,19,20.3,18.8,19.5,320500
CHNR,20100202,11.65,11.97,11.41,11.8,6900
CHOP,20100202,64,67,64,66.7,120000
CHRS,20100202,5.81,5.89,5.75,5.8,921900
CHRW,20100202,57.24,57.54,56.68,57.42,1478200
CHSCP,20100202,28.01,28.09,27.9,28,21000
CIDM,20100202,1.4,1.47,1.4,1.47,56600
CINF,20100202,26.29,26.64,26.21,26.64,804200
CISG,20100202,18.08,18.87,18.08,18.82,92700
CIZN,20100202,20.78,20.87,20.35,20.35,8400
CKEC,20100202,7.24,7.25,7,7.09,43400
CLBH,20100202,3.98,3.99,3.98,3.99,1200
CLCT,20100202,9.26,9.5,9.26,9.5,14800
CLDX,20100202,4.48,4.53,4.43,4.49,226500
CLFD,20100202,1.99,2.07,1.97,2.02,36500
CLMS,20100202,13.53,13.66,13.23,13.26,133300
CLMT,20100202,20.09,20.2,19.81,20.15,159600
CLNE,20100202,17.92,18.25,17.61,18.17,1215100
CLRO,20100202,3.11,3.11,3.07,3.1,700
CLSN,20100202,2.85,2.93,2.85,2.9,3900
CLUB,20100202,2.44,2.61,2.4,2.6,127500
CLWT,20100202,11.275,11.935,10.725,10.945,121600
CMCO,20100202,13.18,13.24,13.05,13.14,89600
CMCSA,20100202,15.85,16.35,15.84,16.29,19263100
CMCSK,20100202,15.33,15.6,15.2,15.55,5311500
CME,20100202,58.034,59.144,57.622,58.642,693900
CMLS,20100202,2.39,2.52,2.38,2.52,8500
CMTL,20100202,35.44,35.46,33.81,33.92,576200
CNBKA,20100202,20.41,20.42,20.03,20.05,5400
CNMD,20100202,22.5,23.01,22.31,22.84,180000
CNOB,20100202,8.65,8.79,8.63,8.67,75700
CNSL,20100202,16.93,17.09,16.75,16.86,136100
CNTF,20100202,3.2,3.24,3.14,3.19,165900
CNTY,20100202,2.39,2.56,2.39,2.56,10200
CNYD,20100202,57.5,60.1,57.25,60.1,61300
COBZ,20100202,5.5,5.58,5.42,5.51,115900
COHR,20100202,29.93,30.78,29.51,30.22,481200
COHU,20100202,13.49,13.57,13.11,13.15,61900
COKE,20100202,50.66,50.9,50.33,50.5,22400
COLB,20100202,18.73,18.73,17.98,18.16,307600
COLM,20100202,21.935,22.075,21.695,21.81,215200
CONN,20100202,5.53,5.64,5.51,5.57,99600
COOL,20100202,6.3,6.72,6.3,6.65,559700
CORE,20100202,14.765,15.055,14.765,14.965,47200
CORT,20100202,2.51,2.59,2.51,2.57,9700
COSI,20100202,2.96,3.04,2.88,3.04,77600
COST,20100202,58,58.88,57.6,58.77,5231400
COWN,20100202,5.24,5.29,5.1,5.15,192600
CPHC,20100202,7.05,7.05,7.05,7.05,0
CPHD,20100202,14.67,15.41,14.45,15.31,801400
CPIX,20100202,12.48,12.68,11.88,12.28,29800
CPLA,20100202,72.17,72.31,71,71.93,141100
CPLP,20100202,9.45,9.45,9.22,9.31,257900
CPRT,20100202,16.985,17.265,16.925,17.2,296600
CPRX,20100202,0.63,0.64,0.61,0.62,105000
CPSI,20100202,38,38.98,37.48,38.61,253500
CPSS,20100202,1.4,1.4,1.29,1.39,19700
CPST,20100202,1.18,1.19,1.16,1.18,1978400
CRAI,20100202,25.48,26.32,25.23,25.9,33300
CRAY,20100202,4.7,5.08,4.55,4.99,546500
CRDC,20100202,1.64,1.84,1.61,1.73,82200
CREE,20100202,59.15,59.68,58.06,59.23,1968900
CRESY,20100202,11.98,12.49,11.98,12.34,94000
CRIS,20100202,2.27,2.34,2.18,2.27,1339000
CRME,20100202,26.3,27.2,25.95,27.15,172400
CRMT,20100202,23.34,23.54,22.66,23.41,27500
CRNT,20100202,12.9,12.96,12.31,12.36,591200
CROX,20100202,7.26,7.56,7.15,7.51,1849100
CRUS,20100202,7.08,7.08,6.9,6.96,624000
CRVL,20100202,15.54,16.23,15.26,15.96,49300
CRWN,20100202,1.5,1.5,1.42,1.44,39600
CRWS,20100202,2.7,2.7,2.7,2.7,3400
CRZO,20100202,25.29,25.67,24.81,25.02,1080100
CSBK,20100202,8.53,8.59,8.51,8.52,21600
CSCD,20100202,4.35,4.89,4.3,4.63,18400
CSCO,20100202,22.81,23.11,22.51,23.02,54108900
CSFL,20100202,10.75,10.95,10.5,10.92,82600
CSGP,20100202,40.17,40.17,39.04,39.04,196200
CSGS,20100202,19.48,19.86,19.25,19.78,383600
CSII,20100202,4.21,4.29,4.21,4.22,12900
CSIQ,20100202,22.33,23.03,22.26,23.03,1962500
CSPI,20100202,3.7,3.71,3.64,3.66,9600
CSUN,20100202,4.17,4.35,4.17,4.27,797300
CSWC,20100202,20.6,20.79,20.53,20.5475,2700
CTAS,20100202,25.18,25.49,25.04,25.44,1047100
CTBI,20100202,24.95,25.35,24.41,24.59,46300
CTCM,20100202,13.82,14.15,13.61,14.11,218200
CTCT,20100202,17.6,17.9,17.39,17.56,243800
CTHR,20100202,1.32,1.32,1.27,1.31,71700
CTIB,20100202,2.48,2.65,2.48,2.58,3400
CTIC,20100202,5.6,5.65,5.55,5.6,7359500
CTRN,20100202,30.4,31.03,29.62,30.43,138500
CTRP,20100202,32.9,33.96,32.7,33.23,3325700
CTSH,20100202,22.32,22.635,22.04,22.585,2994700
CTWS,20100202,22.64,22.64,22.16,22.24,32500
CTXS,20100202,42.01,42.5,41.65,42.35,2622200
CUBA,20100202,6.3,6.32,6.29,6.3,2900
CUTR,20100202,8.85,8.98,8.81,8.89,44600
CVBF,20100202,9.22,9.24,8.94,9.02,1540300
CVCO,20100202,34.4,34.89,34.12,34.27,15000
CVCY,20100202,5.84,5.84,5.84,5.84,100
CVGI,20100202,5.01,5.07,4.86,5,94200
CVGW,20100202,16.77,16.83,16.2,16.43,78600
CVLT,20100202,22.26,22.5,21.84,21.85,481500
CVLY,20100202,5.41,5.65,5.41,5.63,10300
CVTI,20100202,3.92,4.02,3.74,3.87,6000
CVV,20100202,4.5,4.5,4.5,4.5,1000
CWBC,20100202,2.91,2.91,2.91,2.91,100
CWCO,20100202,13.82,14.1,13.81,13.97,76800
CWST,20100202,4.39,4.39,4.3,4.34,54600
CXDC,20100202,7.86,8.19,7.7,8,33800
CY,20100202,10.9,11.37,10.83,11.27,4935000
CYAN,20100202,3.4,3.58,3.27,3.48,18000
CYBE,20100202,7.6,7.67,7.48,7.64,2800
CYBX,20100202,18.48,18.71,18.11,18.36,118400
CYCC,20100202,13.3,15.82,12.74,14.49,8391600
CYCCP,20100202,3.9,3.9,3.9,3.9,0
CYNO,20100202,10.22,10.27,10.12,10.13,38000
CYOU,20100202,33.09,34.49,32.15,32.96,315000
CYTK,20100202,18.42,18.84,18.06,18.66,192200
CYTR,20100202,8.47,8.54,8.33,8.33,490500
CYTX,20100202,7.04,7.36,7,7.24,1122300
CZFC,20100202,4.9,4.97,4.9,4.97,3900
CZNC,20100202,10,10,9.57,9.57,13700
CZWI,20100202,3.92,4,3.91,3.92,6600
DAIO,20100202,4.49,4.62,4.39,4.39,10100
DAKT,20100202,7.76,7.78,7.56,7.72,200400
DARA,20100202,2.55,2.6,2.4,2.45,1167700
DAVE,20100202,6.25,6.4,6.21,6.4,114800
DCOM,20100202,11.79,11.97,11.55,11.77,201800
DCTH,20100202,69.6,70.88,68.96,70.4,191400
DENN,20100202,2.48,2.67,2.48,2.56,1885800
DEPO,20100202,2.86,2.87,2.8,2.85,228100
DEST,20100202,11.625,12.15,11.625,11.985,25800
DGAS,20100202,14.57,14.795,14.57,14.795,2500
DGICA,20100202,14.39,14.48,14.39,14.45,24200
DGICB,20100202,16.03,16.03,16.03,16.03,0
DGII,20100202,9.59,9.82,9.37,9.41,66500
DGLY,20100202,2.32,2.44,2.1,2.33,63900
DHIL,20100202,59.05,60,55.61,56.9,11900
DIOD,20100202,17.39,17.78,17.27,17.64,254300
DISCA,20100202,29.73,29.92,29.32,29.51,2002900
DISCB,20100202,29.42,29.42,29.42,29.42,100
DISCK,20100202,13.34,13.34,13.12,13.25,370700
DISH,20100202,19.07,19.12,18.6,18.89,3158400
DJCO,20100202,64.25,64.25,64.24,64.24,300
DLTR,20100202,16.7134,17.0167,16.6767,16.9667,1414600
DMLP,20100202,22.28,22.36,22.01,22.25,24900
DMND,20100202,36.45,36.72,36.12,36.64,100200
DMRC,20100202,15.83,15.95,15.45,15.9,8300
DNBF,20100202,6.43,6.5,6.43,6.5,1100
DORM,20100202,7.655,7.71,7.615,7.62,31600
DRAD,20100202,1.98,2.05,1.91,1.99,15800
DRAM,20100202,17.46,17.58,16.98,17.34,23300
DRRX,20100202,2.22,2.22,2.13,2.2,187000
DRWI,20100202,11.89,11.95,11.6,11.71,494000
DRYS,20100202,5.79,5.83,5.67,5.82,13751400
DSCO,20100202,0.71,0.73,0.68,0.69,797000
DSGX,20100202,5.99,6.04,5.95,5.95,26600
DSPG,20100202,7.34,7.37,7.2,7.3,123800
DSWL,20100202,4,4.02,3.94,3.97,5200
DTLK,20100202,4.44,4.48,4.43,4.47,2700
DTSI,20100202,28.07,28.12,27.62,28.1,230000
DVAX,20100202,14.3,16,14.3,15.1,177100
DWA,20100202,39.77,40.29,39.59,40.24,738900
DWCH,20100202,2.43,2.48,2.38,2.48,7000
DWSN,20100202,23.33,24.34,23.33,24.11,54900
DXCM,20100202,9.34,9.49,9.24,9.34,330000
DXPE,20100202,13.21,13.21,12.64,12.88,45500
DXYN,20100202,2.49,2.52,2.4,2.41,4300
DYAX,20100202,3.6,3.61,3.42,3.58,578100
DYNT,20100202,5.5,5.6,5.3,5.6,19400
EBAY,20100202,23.05,23.33,22.92,23.08,11883300
EBIX,20100202,14.37,14.63,14.18,14.34,348700
EBSB,20100202,3.893,3.893,3.7827,3.8113,27100
EBTC,20100202,10.72,10.78,10.6,10.75,13800
ECHO,20100202,12.06,12.24,11.69,11.9,132700
ECOL,20100202,15.76,15.81,15.09,15.27,305400
ECPG,20100202,15.86,16.34,15.7,16.16,111000
EDAP,20100202,2.36,2.37,2.27,2.37,17000
EDGW,20100202,2.98,3,2.93,3,12300
EDUC,20100202,6.38,6.39,6.1,6.1,2600
EEFT,20100202,20.31,20.46,20.02,20.26,300600
EEI,20100202,14.9,15,14.82,14.82,3500
EFII,20100202,11.47,11.69,11.4,11.65,192200
EFOI,20100202,1.1,1.1,1.06,1.09,55200
EFSC,20100202,9.38,9.38,9.07,9.11,26300
EFUT,20100202,5.3,5.5,5.26,5.26,7700
EGBN,20100202,11.04,11.05,10.92,10.97,41300
EGHT,20100202,1.25,1.29,1.22,1.26,247200
EGLE,20100202,378.72,382.32,374.4,378.72,1026800
EGOV,20100202,8.32,8.39,8.26,8.28,334300
EHTH,20100202,18.46,18.69,18.27,18.52,94100
ELGX,20100202,4.55,4.63,4.31,4.59,210800
ELNK,20100202,8.05,8.24,7.95,8.22,1955100
ELON,20100202,8.52,9.05,8.46,8.98,660500
ELOS,20100202,9.85,10.11,9.85,9.94,128400
ELRC,20100202,11.73,11.96,11.51,11.55,43200
ELSE,20100202,3.72,3.8,3.72,3.8,2600
ELTK,20100202,1.1,1.16,1.1,1.15,15700
EMCF,20100202,14.21,14.25,14.21,14.25,400
EMCI,20100202,13.68,13.7333,13.5,13.5,14400
EMIF,20100202,30.02,30.39,30.01,30.38,9600
EMITF,20100202,458,458,458,458,0
EMKR,20100202,4.08,4.16,3.96,4.08,568200
EMMS,20100202,1.17,1.2,1.12,1.2,79000
EMMSP,20100202,13.37,13.37,13.37,13.37,5200
ENDP,20100202,19.99,20.17,19.79,20.08,1802000
ENG,20100202,3.05,3.07,3.04,3.04,98600
ENOC,20100202,32.64,33,32.5,32.55,166600
ENSG,20100202,17.23,17.29,17.08,17.13,42000
ENTG,20100202,3.91,4.19,3.88,4.15,2816900
ENZN,20100202,9.73,9.8,9.71,9.77,863300
EPAX,20100202,11.37,11.97,11.2,11.35,51500
EPAY,20100202,17.01,17.25,17,17.21,272700
EPIQ,20100202,12.36,12.36,12.15,12.15,160400
EQIX,20100202,95.91,97.24,94.68,96.58,1431000
ERIC,20100202,10.17,10.26,10.07,10.24,4998900
ERIE,20100202,38.72,39.01,38.31,39.01,37000
ERII,20100202,6.05,6.25,5.95,6.09,271400
EROC,20100202,5.96,6,5.65,5.96,189900
ESBK,20100202,15.9,16.48,15.9,16.48,900
ESCA,20100202,2.69,2.69,2.69,2.69,1400
ESEA,20100202,4.1,4.21,4.08,4.17,80700
ESGR,20100202,64,64.77,63.42,63.72,15200
ESIO,20100202,11.04,11.09,10.87,10.96,99900
ESLT,20100202,63.6,64.64,63.51,64.36,25600
ESMC,20100202,1.57,1.57,1.57,1.57,1500
ESRX,20100202,42.74,43.55,42.38,43.515,1746100
ESSA,20100202,11.93,11.95,11.88,11.91,34900
ESSX,20100202,5.51,5.51,5.51,5.51,1000
ETFC,20100202,16,16.2,15.1,15.3,81911904
ETRM,20100202,3.78,3.84,3.54,3.72,786100
EVBS,20100202,7.5,8,7.36,8,600
EVEP,20100202,32.38,32.6,31.96,32.58,236400
EVK,20100202,4.2,4.2,4.16,4.16,16500
EVOL,20100202,6.21,6.25,6.09,6.16,11600
EWBC,20100202,16.55,16.65,16.25,16.49,632900
EXAC,20100202,16.03,16.33,15.86,15.86,37700
EXAS,20100202,4.25,4.25,3.9,3.96,170600
EXEL,20100202,6.57,6.71,6.45,6.67,556300
EXFO,20100202,5.3,5.47,5.09,5.34,65400
EXLP,20100202,22.79,23.39,22.68,22.91,26100
EXLS,20100202,18.19,18.52,18.19,18.31,74200
EXPD,20100202,34.43,34.92,34.06,34.8,2532700
EXPE,20100202,22.14,22.26,21.66,22.07,3496300
EXPO,20100202,13.39,13.56,13.39,13.4,53600
EXTR,20100202,2.8,2.85,2.68,2.78,1037500
EXXI,20100202,19.11,20.7,18.85,19.9,1551600
EZCH,20100202,12.28,12.31,12.03,12.08,127600
EZPW,20100202,18.13,18.14,17.77,17.87,367800
FALC,20100202,3.45,3.46,3.38,3.39,96400
FARM,20100202,17.69,17.8,17.26,17.54,20200
FARO,20100202,18.29,18.45,17.63,17.98,66300
FAST,20100202,20.865,21.525,20.82,21.475,1987400
FBIZ,20100202,10.15,10.15,10.15,10.15,2000
FBMS,20100202,9.75,9.75,9.75,9.75,0
FBNC,20100202,15.42,15.63,14.84,14.96,55500
FBSS,20100202,14.4,14.5,14.4,14.5,200
FCAP,20100202,13.75,13.75,13.75,13.75,400
FCBC,20100202,11.55,11.79,11.47,11.65,36800
FCCO,20100202,5.8,5.8,5.8,5.8,0
FCCY,20100202,5.8,6,5.79,6,13300
FCEL,20100202,2.9,3.32,2.9,2.97,1195600
FCFS,20100202,22.46,22.51,21.71,21.91,160100
FCLF,20100202,6.75,6.75,6.75,6.75,0
FCNCA,20100202,172.92,174,170.5,172.27,29400
FCTY,20100202,3.4,3.41,3.4,3.4,3700
FCVA,20100202,9,9,8.12,8.36,1300
FDEF,20100202,10.5,10.6,10,10.59,62700
FDML,20100202,16.6,16.93,16.55,16.9,143100
FEIC,20100202,20.92,21.33,20.61,21.25,430800
FEIM,20100202,4.88,4.89,4.79,4.88,3100
FELE,20100202,13.32,13.47,13.13,13.37,181300
FFBC,20100202,16.77,16.97,16.47,16.57,332600
FFHL,20100202,1.05,1.1,1.05,1.08,14500
FFIC,20100202,12.33,12.41,12.24,12.3,128000
FFIN,20100202,18.0734,18.0734,17.5334,17.57,101700
FFIV,20100202,48.41,50.82,47.84,50.48,1752000
FFKT,20100202,8.54,8.82,8.49,8.5,16300
FFNM,20100202,1.39,1.54,1.39,1.54,900
FFNW,20100202,6.09,6.24,5.84,6,84600
FHCO,20100202,5.65,5.67,5.59,5.59,97000
FINL,20100202,11.12,11.4,11.1,11.37,444800
FISI,20100202,12.63,13,12.61,12.65,16400
FISV,20100202,22.86,23.25,22.65,23.2,1908900
FITB,20100202,12.48,12.55,12.08,12.48,20103800
FIZZ,20100202,11.55,11.74,11.55,11.59,47400
FLEX,20100202,6.6,6.87,6.58,6.83,8063200
FLIC,20100202,16.2,16.28,16.1333,16.1467,21400
FLIR,20100202,29.84,30.25,29.65,30.08,929300
FLML,20100202,8.61,8.61,8.5,8.6,29700
FLWS,20100202,2.06,2.09,2,2.01,258300
FLXS,20100202,11.33,11.42,11.25,11.42,1600
FMBI,20100202,12.96,12.98,12.56,12.91,982500
FMER,20100202,20.37,20.47,20,20.25,1153300
FNFG,20100202,13.79,13.79,13.54,13.66,1168100
FNLC,20100202,14.19,14.32,13.87,13.9,16900
FNSR,20100202,10.46,11,10.39,10.91,550300
FOLD,20100202,3.93,3.93,3.7,3.71,36500
FONR,20100202,1.44,1.58,1.41,1.58,14000
FORD,20100202,2.39,2.39,2.3,2.34,47500
FORM,20100202,15.96,16.06,15.54,15.78,672900
FORR,20100202,26.85,27.01,26.59,26.73,51900
FORTY,20100202,11.24,11.24,10.92,11.04,5700
FOSL,20100202,33.19,33.8,32.8,33.62,376100
FRBK,20100202,4.9,4.9,4.46,4.5,62100
FRED,20100202,10.11,10.11,9.92,10.04,185800
FREE,20100202,17500,17625,16500,16875,84700
FRME,20100202,6.6,6.74,6.27,6.27,97600
FRPT,20100202,5.5,5.5,5.15,5.28,880100
FSBK,20100202,10.11,10.33,10.05,10.05,11500
FSFG,20100202,10.44,10.45,10.41,10.43,7400
FSGI,20100202,2.5,2.5,2.3,2.3,19200
FSLR,20100202,117.49,118.68,115.29,117.37,2175600
FSTR,20100202,27.15,27.3,26.77,26.99,57600
FSYS,20100202,37.59,37.87,36.2,37.4,939800
FTEK,20100202,7.45,7.64,7.33,7.62,134100
FTNT,20100202,8.75,8.865,8.505,8.565,649900
FUEL,20100202,1.3,1.35,1.3,1.35,4300
FULT,20100202,9.01,9.06,8.9,9,1001800
FUNC,20100202,5.85,5.9,5.7,5.7,18300
FUND,20100202,6.13,6.32,6.1,6.25,48700
FWRD,20100202,23.06,23.57,22.74,23.09,183700
FXCB,20100202,9.85,9.85,9.75,9.76,6000
FXEN,20100202,2.93,3.15,2.92,3.12,206500
GABC,20100202,14.6,15.15,14.6,14.61,16300
GAI,20100202,11.45,11.45,11.23,11.23,200
GAIA,20100202,6.79,7.05,6.65,6.8,39500
GAIN,20100202,4.66,4.72,4.62,4.69,80000
GALT,20100202,1.8,2.04,1.68,1.68,91000
GAME,20100202,8.48,8.66,8.37,8.55,1218500
GASS,20100202,4.71,4.93,4.64,4.91,54200
GBCI,20100202,14.45,14.54,14.02,14.1,625100
GBNK,20100202,7.35,7.35,6.85,7,88800
GCBC,20100202,15.1,15.1,15.1,15.1,300
GENC,20100202,6.79,7.12,6.79,7.06,3700
GENE,20100202,6,6,5.75,6,4600
GERN,20100202,5.49,5.85,5.47,5.8,1445200
GFED,20100202,5.6,5.6,5.2,5.2,4300
GFN,20100202,1.27,1.28,1.27,1.28,2100
GGAL,20100202,5.31,5.34,5.24,5.31,31100
GHDX,20100202,16.83,16.94,16.75,16.87,143900
GIFI,20100202,17.54,18.21,17.44,18.13,103300
GIGA,20100202,2.26,2.4,2.26,2.35,23000
GIGM,20100202,2.75,3.04,2.74,2.99,4215000
GIII,20100202,9.075,9.56,9.075,9.505,165800
GILD,20100202,23.825,24.28,23.745,24.28,10298300
GILT,20100202,5.31,5.43,5.31,5.42,12400
GLAD,20100202,7.49,7.95,7.47,7.86,233300
GLBL,20100202,7.14,7.22,6.98,7.18,807800
GLBZ,20100202,8.54,8.59,8.5,8.51,400
GLDC,20100202,3.46,3.54,3.4,3.5,3800
GLDD,20100202,5.83,5.95,5.74,5.81,293900
GLNG,20100202,11.95,12.06,11.62,11.63,295700
GLRE,20100202,23.62,23.95,23.5,23.72,98400
GLUU,20100202,1.37,1.42,1.37,1.4,142200
GMCR,20100202,28.1533,28.7733,28.11,28.6933,1215600
GNCMA,20100202,5.88,6,5.59,5.59,263400
GNTX,20100202,9.895,10.07,9.79,10.005,2039900
GNVC,20100202,18,19.1,17.8,18.6,4169200
GOLD,20100202,73.23,73.71,72.27,73.23,928300
GOOD,20100202,13.91,14.03,13.87,13.87,33500
GOODO,20100202,20.61,21.25,20.52,20.6,4600
GOODP,20100202,22.9,22.99,22.11,22.11,6200
GOOG,20100202,267.48,267.48,263.805,265.56,4096300
GPIC,20100202,5.69,5.94,5.69,5.89,2800
GPOR,20100202,10.47,10.71,10.33,10.6,185700
GPRE,20100202,13.15,13.44,12.98,13.32,112000
GPRO,20100202,43.14,44.12,43,43.79,332400
GRID,20100202,30.01,30.4,29.9,30.38,57000
GRIF,20100202,28.12,28.17,27.4,27.4,4000
GRMN,20100202,32.52,33.47,32.31,33.28,1355600
GROW,20100202,9.75,9.83,9.53,9.74,91700
GRVY,20100202,15.12,15.44,14.8,15.44,86400
GSBC,20100202,22.48,22.81,21.65,21.8,36300
GSIT,20100202,4.41,4.49,4.38,4.4,83800
GSM,20100202,9.4,10.09,9.4,9.97,798200
GSOL,20100202,6.22,6.24,6.15,6.21,56600
GT,20100202,13.62,14.08,13.59,13.93,2595800
GTIM,20100202,1.16,1.16,1.13,1.13,900
GTLS,20100202,16.53,17.09,16.2,16.73,333400
GTXI,20100202,4.11,4.15,4.05,4.12,89900
GUID,20100202,5.68,5.68,5.33,5.37,6600
GULF,20100202,14.37,14.48,14.37,14.48,1900
GYRO,20100202,38.45,38.45,38.45,38.45,100
HA,20100202,5.98,6.41,5.98,6.37,497200
HAFC,20100202,2.02,2.05,1.78,1.84,983600
HAIN,20100202,8,8.18,8,8.12,291300
HALL,20100202,7.88,7.89,7.72,7.75,103100
HALO,20100202,5.42,5.6,5.35,5.55,292700
HAS,20100202,31.27,32.01,31.07,31.96,2634900
HAWK,20100202,20.91,21.31,20.23,20.44,153600
HAYN,20100202,29.53,31.13,29.51,30.81,44000
HBAN,20100202,4.88,4.94,4.82,4.93,35142300
HBANP,20100202,890,894,890,890,100
HBCP,20100202,12.36,12.36,12.17,12.17,14200
HBHC,20100202,40.83,41.13,40.15,40.3,172800
HBIO,20100202,3.47,3.48,3.39,3.39,53300
HBNC,20100202,8.5555,8.5555,8.4445,8.4445,3800
HCBK,20100202,13.27,13.28,13.09,13.21,6017600
HCCI,20100202,10.83,10.83,10.5,10.72,14400
HCKT,20100202,2.64,2.75,2.5,2.6,122400
HCSG,20100202,13.9267,14.2,13.8933,14.16,178700
HDNG,20100202,5.35,5.48,5.3,5.35,34600
HDSN,20100202,2.25,2.35,2.17,2.17,99400
HEES,20100202,9.95,10.09,9.62,9.62,88100
HELE,20100202,23.8,24.4,23.58,24.27,189600
HEOP,20100202,4.93,4.93,4.93,4.93,0
HFBC,20100202,10.29,10.6,10.29,10.45,1700
HFFC,20100202,10.2,10.2,10.01,10.01,3300
HFWA,20100202,14.05,14.1,13.98,14.05,47700
HIBB,20100202,21.73,21.87,21.48,21.74,226600
HIFS,20100202,32.16,32.16,32.15,32.16,500
HIHO,20100202,2.36,2.36,2.05,2.11,26300
HILL,20100202,1.76,1.79,1.66,1.73,120200
HIMX,20100202,2.95,2.99,2.94,2.98,230100
HLIT,20100202,5.99,6.16,5.97,6.07,1265200
HMIN,20100202,31.44,31.99,30.92,31.73,299500
HMNF,20100202,5.6,5.6,5.55,5.55,1400
HMPR,20100202,52.25,52.5,48,48.5,72900
HMSY,20100202,15.2533,15.41,15.1667,15.2767,250100
HNSN,20100202,2.71,2.76,2.52,2.64,325400
HOFT,20100202,12.77,13.35,12.54,13.04,76900
HOLI,20100202,11.34,12.47,11.34,12.44,116000
HOLX,20100202,16.16,16.84,15.86,16.58,17808100
HOMB,20100202,11.61,11.69,11.46,11.61,141200
HOVNP,20100202,5.44,5.45,5.43,5.45,2900
HPJ,20100202,5.53,6.46,5.53,6.26,607900
HSIC,20100202,54.79,55.97,54.59,55.86,839900
HSII,20100202,25.65,26.22,25.58,25.93,52500
HSKA,20100202,0.63,0.65,0.62,0.62,24500
HSNI,20100202,19.23,19.69,19.09,19.57,401900
HSTM,20100202,3.62,3.7,3.62,3.63,29500
HTBK,20100202,3.77,3.77,3.6,3.63,8000
HTCH,20100202,7.02,7.25,6.91,7.2,441400
HTLD,20100202,13.95,13.97,13.73,13.79,638700
HTLF,20100202,14,14.04,13.96,13.96,29300
HTWR,20100202,38.8,39.44,38.72,38.81,44100
HUBG,20100202,23.7,23.99,23.24,23.83,346400
HURC,20100202,16.87,16.87,16.62,16.66,17400
HURN,20100202,23.98,24.13,23.63,24.01,146900
HWAY,20100202,17.09,17.26,16.71,17.15,207700
HWBK,20100202,9.99,9.99,9.99,9.99,0
HWCC,20100202,12.14,12.57,12.03,12.43,111600
HWKN,20100202,20.78,20.9,20.43,20.43,33300
HYGS,20100202,0.36,0.36,0.35,0.35,241100
IACI,20100202,20.26,20.45,20.16,20.35,973600
IART,20100202,38.06,38.53,38,38.24,124600
IBB,20100202,83.15,85.49,83.15,85.49,653200
IBCP,20100202,0.77,0.77,0.7,0.72,186600
IBKC,20100202,54.26,54.93,54.03,54.42,142400
IBKR,20100202,16.16,16.47,16.09,16.38,624600
IBOC,20100202,20.88,21.1,20.61,20.74,376700
ICAD,20100202,1.41,1.5,1.41,1.5,114700
ICCC,20100202,4.03,4.04,4.03,4.03,900
ICFI,20100202,23.79,24.04,23.65,23.91,95400
ICLN,20100202,20.08,20.18,19.85,20,28600
ICLR,20100202,25.35,25.94,25.3,25.88,368700
ICON,20100202,13.28,13.3,12.9,13.19,790700
ICUI,20100202,32.2,33.21,32,32.6,769200
IDCC,20100202,25.12,25.26,24.94,25.16,297900
IDRA,20100202,4.63,4.75,4.6,4.6,43000
IDSA,20100202,6.26,6.5,6.26,6.4933,4800
IDSY,20100202,2.86,2.89,2.85,2.87,21200
IDTI,20100202,5.87,6,5.77,5.94,2346400
IDXX,20100202,25.055,25.59,24.76,25.46,1040700
IESC,20100202,5.08,5.35,5.08,5.28,35100
IFEU,20100202,28.71,29.05,28.71,29,2900
IFGL,20100202,27.53,28.1,27.53,28.02,88800
IFON,20100202,1.07,1.15,1.05,1.15,31100
IGLD,20100202,23.53,24.51,23.5,23.57,68200
IGOV,20100202,102.82,102.82,102.31,102.47,7800
III,20100202,3.71,3.86,3.45,3.48,230400
IIIN,20100202,9.76,9.82,9.5,9.64,72000
IIJI,20100202,4.15,4.29,4.15,4.29,6500
IILG,20100202,12.8,13.01,12.75,12.88,124600
IIN,20100202,3.15,3.15,3.15,3.15,0
IIVI,20100202,13.395,13.615,13.245,13.43,88800
IKAN,20100202,20.3,22,20.3,21.5,108700
IKNX,20100202,6.34,6.34,6.34,6.34,0
ILMN,20100202,37.12,37.92,36.75,37.83,1057300
IMGN,20100202,6.88,6.96,6.75,6.92,513000
IMKTA,20100202,13.99,14.11,13.78,13.81,58200
IMMR,20100202,4.78,4.78,4.5,4.52,88100
IMMU,20100202,3.3,3.43,3.23,3.4,1346800
IMMY,20100202,6.25,6.25,6,6,1500
IMOS,20100202,0.71,0.71,0.7,0.7,94900
INAP,20100202,4.59,4.68,4.56,4.6,209600
INCY,20100202,10.67,10.97,10.51,10.93,2048000
INDB,20100202,23.29,23.34,22.96,23.17,87500
INDY,20100202,24.08,24.22,23.91,24.2,17400
INFI,20100202,6.1,6.16,6.05,6.1,47000
INFN,20100202,7.07,7.21,7,7.14,1066200
ININ,20100202,18.35,18.55,17.82,17.89,105400
INOD,20100202,5.09,5.18,5.07,5.11,56200
INPH,20100202,2.88,2.98,2.87,2.92,3400
INSM,20100202,0.88,0.88,0.85,0.85,453800
INTC,20100202,19.68,20.04,19.56,19.91,63332400
INTG,20100202,9.19,9.19,9.19,9.19,0
INTU,20100202,29.88,30.03,29.64,29.96,3239200
INTX,20100202,4.4,4.41,4.4,4.41,4000
INVE,20100202,18.7,21.4,18.3,20.3,15300
INWK,20100202,5.7,5.87,5.7,5.84,258600
IOSP,20100202,9.79,9.82,9.44,9.67,99500
IPAR,20100202,13.3,13.45,13.01,13.21,92700
IPAS,20100202,1.11,1.12,1.02,1.08,326700
IPCC,20100202,39.56,39.6,39.26,39.47,40100
IPCI,20100202,1.63,1.7,1.55,1.7,9000
IPCM,20100202,34.04,34.55,33.8,34.45,99900
IPGP,20100202,14.51,14.6,14.38,14.5,84900
IPHS,20100202,20.27,20.44,19.96,20.19,121100
IPXL,20100202,14.11,14.11,13.78,13.88,365300
IRBT,20100202,15.33,16.38,15.33,16.18,133300
IRDM,20100202,7.01,7.13,6.83,6.88,372400
IRIX,20100202,2.98,3,2.96,2.96,2600
ISBC,20100202,4.6667,4.702,4.5804,4.5961,266700
ISCA,20100202,26.08,26.21,25.85,26.04,362400
ISHG,20100202,103.07,103.22,102.91,103.15,63500
ISIG,20100202,5.05,5.15,5.05,5.15,7500
ISIL,20100202,14.06,14.34,13.92,14.27,2710400
ISIS,20100202,11.41,11.8,11.2,11.76,1137000
ISLE,20100202,8.04,8.15,7.88,7.93,273500
ISNS,20100202,14.74,14.75,14.1,14.22,8600
ISRG,20100202,328.46,337.88,326.63,335.59,479100
ISRL,20100202,63.45,63.45,63.45,63.45,300
ISSC,20100202,4.08,4.2,4.04,4.2,7600
ISSI,20100202,6.45,6.94,6.42,6.88,906000
ITIC,20100202,34.24,35.67,34.24,35.2,400
ITRI,20100202,62.25,63.31,61.9,62.82,391000
ITRN,20100202,13.52,13.59,13.45,13.57,6200
IVAC,20100202,14.2,14.62,14.2,14.47,242000
IXYS,20100202,7.32,7.38,7.15,7.15,239100
JACK,20100202,19.68,20.46,19.61,20.34,822500
JAKK,20100202,11.15,11.28,11.01,11.18,147500
JASO,20100202,23.35,24.7,22.95,24.3,8941500
JAXB,20100202,194.8,206,194.8,206,400
JAZZ,20100202,9.5,10.11,9.5,9.84,309500
JBHT,20100202,30.86,30.94,30.32,30.66,1413500
JBLU,20100202,5.08,5.11,5,5.07,4691600
JBSS,20100202,16,16,15.69,15.75,15200
JCOM,20100202,20.82,20.97,20.56,20.85,331100
JCS,20100202,12.17,12.27,11.99,11.99,13800
JCTCF,20100202,3.105,3.105,3.105,3.105,0
JJSF,20100202,41.5,42.09,41.5,41.88,68600
JKHY,20100202,22.47,23.06,22.28,22.76,854300
JMBA,20100202,8.5,8.7,8.35,8.65,379900
JOBS,20100202,7.875,7.99,7.85,7.94,14700
JOEZ,20100202,1.59,1.72,1.51,1.7,909700
JOUT,20100202,10.74,10.74,10.74,10.74,0
JRJC,20100202,7.4,7.51,7.33,7.47,78900
JST,20100202,41.69,44.73,41.01,42.86,176500
JXSB,20100202,10.75,10.75,10.75,10.75,100
KALU,20100202,36.9,37.55,36.9,37.44,89600
KCAP,20100202,4.27,4.31,4.1,4.25,151600
KCLI,20100202,27.77,28.3,27.52,27.88,22700
KELYA,20100202,13.61,13.92,13.46,13.87,173400
KELYB,20100202,13.34,13.34,13.34,13.34,0
KEQU,20100202,14.5,14.5,14.5,14.5,600
KERX,20100202,2.7,2.73,2.66,2.7,522100
KFFB,20100202,10.01,11.11,10.01,10.05,3300
KFRC,20100202,13.46,14.01,12.97,13.92,157700
KINS,20100202,2.97,2.97,2.95,2.96,2500
KIRK,20100202,15.36,15.51,15.12,15.17,295800
KLAC,20100202,29.14,29.39,28.69,29.1,5245700
KLIC,20100202,4.93,5.32,4.93,5.21,1493900
KNDI,20100202,3.87,4.05,3.68,3.92,251400
KONA,20100202,3.43,3.64,3.28,3.64,4900
KOOL,20100202,0.52,0.57,0.52,0.55,176400
KOPN,20100202,4.07,4.14,4,4.01,315500
KOSS,20100202,4.15,4.23,4.1,4.18,5500
KRNY,20100202,9.64,9.75,9.55,9.58,33600
KTCC,20100202,4.89,5.19,4.83,5.01,123000
KTEC,20100202,13.95,14.5,13.95,14.31,20300
KTOS,20100202,9.65,9.8,9.5,9.76,38600
KVHI,20100202,13.2,13.27,13,13.24,60500
KZ,20100202,9.15,9.15,8.56,8.73,612700
LABL,20100202,12,12.12,11.77,11.89,55400
LAKE,20100202,8.45,8.45,8.15,8.39,8000
LAMR,20100202,29.24,30.27,29.01,30.25,490400
LANC,20100202,54.23,55.9,53.9,55.74,205400
LARK,20100202,15.1,15.24,15,15.15,1500
LAWS,20100202,16.33,16.33,15.9,16.04,5700
LAYN,20100202,25.4,25.49,25.01,25.22,68800
LBAI,20100202,6.86,6.99,6.76,6.76,87200
LBTYA,20100202,13.3112,13.4287,13.2141,13.3418,2632800
LBTYB,20100202,25.84,25.84,25.84,25.84,0
LBTYK,20100202,25.54,26.05,25.48,25.77,414100
LCUT,20100202,8.25,8.25,7.79,8.02,13000
LECO,20100202,24.505,25.08,24.5,24.97,142300
LFUS,20100202,30.46,30.53,29.94,30.05,127000
LGCY,20100202,19.9,20.19,19.5,20.15,240500
LGND,20100202,10.74,10.92,10.56,10.62,375200
LHCG,20100202,30.57,30.78,30.39,30.44,535900
LIFE,20100202,49.4,50.51,49.23,50.5,1735900
LIME,20100202,35,36.19,34.93,35.35,39300
LINC,20100202,20.67,20.75,20.11,20.12,160500
LINE,20100202,26.95,27.49,26.76,27.46,1437900
LION,20100202,5.38,5.4,5.25,5.25,15400
LIOX,20100202,2.38,2.69,2.35,2.58,377100
LIVE,20100202,0.5,0.5,0.5,0.5,0
LJPC,20100202,0.15,0.15,0.13,0.14,1249600
LKFN,20100202,18,18.28,17.79,17.81,49500
LLNW,20100202,3.58,3.62,3.51,3.61,82400
LLTC,20100202,26.97,27.19,26.77,27.06,5176000
LMAT,20100202,4.63,4.69,4.63,4.65,1300
LMCA,20100202,9.0567,9.5833,9.01,9.5667,876600
LMIA,20100202,12.79,12.99,12.77,12.9,27800
LMNX,20100202,13.47,13.82,13.4,13.78,314200
LNCE,20100202,22.33,22.51,22.21,22.29,146900
LNDC,20100202,6.35,6.48,6.34,6.34,73900
LOAN,20100202,1.15,1.15,1.09,1.14,15200
LOGI,20100202,16.95,17.04,16.75,16.95,1440900
LOGM,20100202,17.3,17.55,16.86,17.37,113900
LOJN,20100202,4.36,4.4,4.3,4.4,9000
LONG,20100202,10.2,10.63,10.18,10.46,5000
LOOK,20100202,2.88,2.94,2.88,2.88,15500
LOPE,20100202,20,21.44,19.89,21.09,997700
LORL,20100202,28.71,29.14,28.26,28.92,33300
LPNT,20100202,30.4,31.22,30.26,31.18,414500
LPSB,20100202,4.47,4.47,4.47,4.47,0
LPSN,20100202,6.5,6.53,6.4,6.44,338400
LPTH,20100202,2.4,2.69,2.4,2.66,68500
LQDT,20100202,10.68,10.98,10.68,10.9,126500
LRCX,20100202,33.93,34.11,33.52,33.93,3957300
LSBK,20100202,7.7,7.7,7.7,7.7,100
LSCC,20100202,2.68,2.75,2.64,2.73,1761000
LSTR,20100202,36.89,36.89,35.39,35.75,1615900
LTBR,20100202,7.4,8.26,7.4,7.79,49200
LTRX,20100202,3.28,3.55,3.28,3.55,4000
LULU,20100202,14.15,14.635,14.12,14.6,843600
LUNA,20100202,3.1,3.2,2.91,2.95,69000
LWAY,20100202,11.54,11.92,11.54,11.76,20400
LXRX,20100202,13.37,13.51,13.09,13.44,416900
LYTS,20100202,5.87,5.87,5.77,5.8,77200
MAGS,20100202,4.16,4.26,4.16,4.26,8500
MANH,20100202,5.4,5.4475,5.3625,5.41,140800
MANT,20100202,48.3,48.49,47.35,47.43,233500
MARPS,20100202,16.09,16.75,16.09,16.5,3700
MASI,20100202,27.67,27.99,27.53,27.9,370000
MAT,20100202,20.27,20.83,20.03,20.81,5341900
MATW,20100202,34,34.37,33.93,33.95,97700
MAYS,20100202,16.5,17,16.5,17,1500
MBFI,20100202,20.02,20.38,19.8,20.27,530000
MBLX,20100202,57.6,59.88,57.3,59.22,124900
MBRG,20100202,13.23,13.48,13.06,13.46,3600
MBTF,20100202,1.67,1.75,1.61,1.71,27800
MBVT,20100202,20.92,21.34,20.92,20.95,7900
MBWM,20100202,4,4.02,3.85,3.87,9700
MCBC,20100202,1.84,1.98,1.79,1.83,61300
MCHP,20100202,26.6,26.69,26.23,26.56,3464600
MCHX,20100202,5.62,5.73,5.42,5.46,159700
MCRI,20100202,6.95,7.16,6.83,7.02,33900
MDAS,20100202,20.52,20.8,20.37,20.6,242900
MDCA,20100202,8.45,8.64,8.44,8.64,26300
MDCO,20100202,8.3,8.39,8.07,8.33,270200
MDM,20100202,2.16,2.26,2.16,2.26,5100
MDRX,20100202,16.97,17.59,16.84,17.47,1779300
MDSO,20100202,7.995,8.49,7.925,8.39,239500
MDVN,20100202,17.21,17.93,17.08,17.85,1378300
MELA,20100202,92.5,94.3,92,92.7,143400
MELI,20100202,38.63,39.46,37.81,39.35,661200
MENT,20100202,8.12,8.21,7.92,8.16,604100
MEOH,20100202,23.47,23.9,23.3,23.71,458300
MERC,20100202,3.05,3.09,3.03,3.08,74300
METR,20100202,12.7,12.74,12.55,12.69,21700
MFLX,20100202,23.69,23.78,23.12,23.2,282000
MFNC,20100202,4.65,4.65,4.65,4.65,0
MFRI,20100202,6.84,6.93,6.83,6.9,5400
MFSF,20100202,6.52,6.52,6.52,6.52,0
MGEE,20100202,22.3933,22.3933,22.1,22.1,69100
MGIC,20100202,1.61,1.79,1.61,1.75,108000
MGLN,20100202,39.42,39.73,38.92,39.72,205400
MGPI,20100202,6.57,6.68,6.28,6.65,54300
MGRC,20100202,21.06,21.16,20.71,20.95,60900
MGYR,20100202,3.72,3.75,3.71,3.75,500
MHGC,20100202,4,4.04,3.92,4,214600
MHLD,20100202,6.78,6.82,6.7,6.75,153600
MIDD,20100202,15.15,15.2367,14.7033,15.15,153400
MIND,20100202,7.86,7.86,7.63,7.72,3500
MINI,20100202,13.94,14,13.76,13.84,233100
MKSI,20100202,16.67,17.11,16.47,16.95,281200
MKTX,20100202,13.77,13.92,13.62,13.83,106100
MLAB,20100202,27.11,27.25,27.1,27.11,1200
MLHR,20100202,16.55,17.13,16.55,17.04,378400
MLNK,20100202,10.38,10.45,10.11,10.24,209800
MLNX,20100202,18.7,19,18.5,18.86,332700
MLVF,20100202,9.45,9.45,9.45,9.45,0
MMLP,20100202,34,34.4,33.37,34.25,92300
MMSI,20100202,14.072,14.168,13.944,14.144,141800
MNDO,20100202,1.1,1.1,1.05,1.07,95000
MNKD,20100202,9.8,9.95,9.12,9.6,3857700
MNOV,20100202,7,7.05,7,7.05,600
MNRK,20100202,5.4083,5.4167,5.4083,5.4167,2800
MNRO,20100202,22.9867,23.1133,22.6667,22.78,165800
MNST,20100202,19.665,19.73,19.02,19.54,521900
MNTA,20100202,14.68,15.2,14.67,15.15,575700
MNTX,20100202,2.21,2.23,2.2,2.23,13900
MOCO,20100202,9.89,9.89,9.71,9.88,8900
MOFG,20100202,9.49,9.5,9.49,9.5,400
MORN,20100202,47.14,47.32,46.27,47.32,40500
MOSY,20100202,4.6,4.84,4.25,4.31,488100
MPAA,20100202,5.88,5.88,5.78,5.84,8000
MPB,20100202,10,10,10,10,0
MPEL,20100202,3.7,4.17,3.31,4.09,24943400
MPET,20100202,1.59,1.61,1.56,1.56,138600
MPWR,20100202,20.8,21.63,20.71,21.5,597200
MRCY,20100202,12.12,12.29,11.59,11.63,79200
MRGE,20100202,2.61,2.66,2.56,2.6,197300
MRLN,20100202,9.56,9.94,9.53,9.8,19200
MRTN,20100202,11.7133,11.8133,11.5133,11.58,104400
MRVL,20100202,18.43,18.77,18.34,18.64,10445000
MSBF,20100202,7.25,7.25,7.25,7.25,2400
MSCC,20100202,15.5,16.02,15.34,15.7,1336700
MSEX,20100202,16.83,17.26,16.83,17.11,45800
MSFG,20100202,5.43,6,5.4,5.65,100100
MSFT,20100202,28.37,28.5,28.14,28.46,54413600
MSON,20100202,2.01,2.01,1.92,1.97,9300
MSTR,20100202,94.37,95.62,94.03,94.66,60600
MTEX,20100202,31.1,32,30,30.1,55800
MTRX,20100202,10.5,10.78,10.5,10.73,178500
MTSC,20100202,26.02,26.44,25.99,26.25,41400
MTSL,20100202,0.75,0.75,0.75,0.75,0
MTSN,20100202,3.34,3.65,3.32,3.59,721000
MU,20100202,9.27,9.5,9.25,9.35,21667600
MVIS,20100202,16.4,17.12,16.32,16.72,810800
MXIM,20100202,18,18.39,17.89,18.34,5278600
MXWL,20100202,15.66,15.76,15.35,15.51,125400
MYGN,20100202,23.76,24.15,23.61,23.98,2735600
MYL,20100202,18.21,18.24,17.82,18.2,4753800
MYRG,20100202,16.08,16.13,15.88,15.96,85800
NAII,20100202,7.8,7.8,7.8,7.8,0
NANO,20100202,9,9.7,9,9.66,536800
NATH,20100202,14.83,15.19,14.83,15.09,5300
NATI,20100202,19.6867,20.04,19.6467,19.9867,450100
NATL,20100202,18.36,18.36,17.45,17.45,18200
NATR,20100202,7.94,8.85,7.94,8.69,3100
NAVG,20100202,42.69,42.69,42.07,42.27,39800
NAVI,20100202,2.99,3,2.93,2.99,64600
NBBC,20100202,2.19,2.25,2.18,2.23,21700
NBIX,20100202,2.44,2.48,2.3,2.35,186600
NBN,20100202,11.75,11.75,11.74,11.75,3000
NBTB,20100202,20.73,21,20.56,20.61,135200
NCIT,20100202,28.55,28.55,26.15,26.78,175800
NCMI,20100202,15.37,15.37,15.11,15.27,149400
NCTY,20100202,6.98,7.34,6.98,7.21,102300
NDAQ,20100202,18.46,18.72,18.4,18.58,1849500
NDSN,20100202,28.635,29.075,28.415,29,170300
NECB,20100202,6.52,6.52,6.1,6.14,3700
NEOG,20100202,14.42,14.5533,14.22,14.4067,50300
NEPT,20100202,1.94,2,1.93,1.93,15800
NEWP,20100202,8.67,9.23,8.54,9.12,356700
NEWS,20100202,4.6,4.6,4.48,4.53,93300
NEWT,20100202,4.65,5,4.6,4.95,9400
NFBK,20100202,12.83,12.95,12.75,12.78,32500
NFLX,20100202,8.7,8.8786,8.6957,8.8357,1463100
NICE,20100202,29.79,30.73,29.79,30.42,168100
NICK,20100202,7.45,7.75,7.45,7.72,37400
NIHD,20100202,33.53,34.02,32.8,33.8,1397800
NILE,20100202,51.89,54.12,51.55,53.88,274300
NKSH,20100202,26.14,26.49,25.25,25.25,11000
NKTR,20100202,11.32,11.93,11.23,11.88,835600
NLST,20100202,3.57,3.89,3.53,3.77,677800
NMRX,20100202,4.49,4.49,4.46,4.47,900
NNBR,20100202,3.93,3.93,3.79,3.85,9800
NPBC,20100202,5.87,6.02,5.85,5.87,1368100
NRIM,20100202,16,16.17,15.69,16,17100
NSEC,20100202,13.6,13.6,13.59,13.59,400
NSIT,20100202,11.58,11.8,11.5,11.75,191700
NSPH,20100202,113.6,115.6,108,109.4,27700
NSSC,20100202,2.1,2.19,2.01,2.01,17200
NSYS,20100202,3.77,3.77,3.05,3.1,1200
NTAP,20100202,30.14,31.13,30,30.97,8362900
NTCT,20100202,14.2,14.6,14.15,14.54,264800
NTES,20100202,32.96,33.84,32.85,33.67,673300
NTGR,20100202,20.97,21.15,20.7,21.1,204100
NTIC,20100202,10.28,10.28,10.28,10.28,0
NTLS,20100202,16.14,16.32,16.03,16.18,151600
NTRI,20100202,21.21,21.89,21.05,21.4,1139100
NTRS,20100202,52.32,52.48,51.83,52.12,1211900
NTWK,20100202,10.2,10.2,9.8,10.2,164700
NUAN,20100202,15.1,15.29,14.77,15.11,3450400
NURO,20100202,12.78,13.2,12.6,13.14,21200
NUTR,20100202,13.06,13.1,12.89,12.92,61000
NUVA,20100202,28.45,28.68,28.15,28.44,542900
NVAX,20100202,2.29,2.31,2.2,2.25,1020900
NVDA,20100202,16.51,16.95,16.46,16.74,21245300
NVEC,20100202,40.9,41.37,39.83,40.22,81200
NVGN,20100202,2.56,2.56,2.46,2.56,1600
NVLS,20100202,21.49,22.03,21.49,21.76,2869600
NVMI,20100202,4.46,4.62,4.35,4.55,123400
NVSL,20100202,5.52,5.55,5.52,5.55,2100
NWBI,20100202,11.64,11.84,11.51,11.58,946500
NWFL,20100202,26.26,26.26,25.22,25.22,19600
NWLI,20100202,159.47,164.64,159.47,160.92,4900
NWPX,20100202,23.87,24.41,23.79,24.3,63100
NWS,20100202,14.81,15.05,14.64,15.04,4526000
NWSA,20100202,12.53,12.85,12.43,12.76,36697700
NXST,20100202,4.64,4.76,4.64,4.65,7900
NXTM,20100202,8.21,8.29,7.96,8.02,71400
NYMT,20100202,7,7,6.56,6.73,39600
NYMX,20100202,4.3,4.33,4.2,4.25,18000
NYNY,20100202,2.15,2.16,2.09,2.09,88300
OBAS,20100202,5.95,6.15,5.95,6.15,400
OBCI,20100202,1.09,1.09,1.05,1.05,3800
OCFC,20100202,10.07,10.19,9.96,9.97,142100
OCLR,20100202,8.75,9.15,8.6,8.95,2609700
OCLS,20100202,12.88,13.79,12.81,12.81,104000
ODFL,20100202,12.5067,12.5645,12.3511,12.4578,575500
OESX,20100202,4.78,5.31,4.7,5.14,118300
OFIX,20100202,29.87,30.17,29.6,29.94,53200
OFLX,20100202,10.25,10.39,10.15,10.16,7000
OGXI,20100202,14.56,15.15,14.33,15.03,114700
OIIM,20100202,4.85,4.87,4.72,4.75,147300
OKSB,20100202,7.72,8.24,7.63,8.11,188800
OLBK,20100202,7.05,7.05,7.05,7.05,0
OMAB,20100202,12.46,12.71,12.25,12.57,101300
OMCL,20100202,12.65,13,12.56,12.69,222000
OMER,20100202,6.02,6.3,5.87,6.09,22500
OMEX,20100202,1.45,1.45,1.38,1.41,335600
ONCY,20100202,2.33,2.43,2.25,2.43,41500
ONEQ,20100202,85.63,86.29,85.26,86.27,11300
ONFC,20100202,8.9,8.96,8.88,8.96,3800
ONTY,20100202,4.9,5.06,4.72,5.01,143200
ONVI,20100202,7.58,7.64,7.58,7.6,5000
OPHC,20100202,5.84,6.44,5.84,6.44,300
OPOF,20100202,14.35,14.35,13.85,13.85,7700
OPTT,20100202,6.51,6.76,6.51,6.74,127400
OPXA,20100202,8,8.44,7.68,8.12,357900
OPXAW,20100202,0.85,1.07,0.85,1.07,600
ORBC,20100202,2.26,2.31,2.26,2.3,13000
ORBK,20100202,9.1,9.3,9.1,9.28,42300
OREX,20100202,6.72,7.24,6.67,7.15,992900
ORIT,20100202,13.24,13.24,12.98,13,17500
ORLY,20100202,38.15,38.95,38.1,38.85,1478000
ORRF,20100202,31.28,31.58,30.2,30.2,3800
OSBC,20100202,5.79,6.06,5.34,5.64,65600
OSBCP,20100202,5.95,6.1,5.87,5.87,6000
OSHC,20100202,9.25,9.5,9.24,9.5,7900
OSIR,20100202,8.08,8.32,7.98,8.3,169700
OSIS,20100202,26.28,26.81,26.07,26.73,248800
OSTK,20100202,12.08,12.08,11.35,11.42,212500
OSUR,20100202,5.37,5.37,5.19,5.31,338600
OTEX,20100202,20.095,20.415,20.095,20.295,161900
OTIV,20100202,2.29,2.41,2.27,2.3,64400
OTTR,20100202,21.55,21.65,21.2,21.4,427000
OVBC,20100202,19.6,19.85,19.31,19.31,4800
OVLY,20100202,4.35,4.35,4.35,4.35,0
OVTI,20100202,13.31,13.48,13.19,13.2,1187900
OXGN,20100202,15,15.48,14.16,14.64,341000
OZRK,20100202,7.38,7.4125,7.3425,7.375,149700
PAAS,20100202,22.79,22.85,22.12,22.61,907300
PACW,20100202,20.09,20.27,19.74,19.99,173900
PAGG,20100202,25.73,26.37,25.73,26.29,38500
PANL,20100202,11.38,11.52,11.2,11.36,158300
PATK,20100202,1.86,1.8933,1.7667,1.7667,6000
PAYX,20100202,29.36,29.62,28.97,29.51,3507100
PBCT,20100202,15.76,15.86,15.54,15.66,5081600
PBHC,20100202,6.32,6.32,5.5,5.5,1000
PBIB,20100202,12.48,12.72,12.09,12.09,16000
PBIP,20100202,8.96,9.34,8.96,9.12,2300
PCAR,20100202,36.51,36.65,35.48,36.12,3708700
PCBK,20100202,10.5,10.65,10.05,10.05,67400
PCCC,20100202,6.32,6.53,6.32,6.35,42600
PCLN,20100202,205.25,205.82,201.73,204.42,608200
PCTI,20100202,5.79,5.94,5.76,5.89,67900
PCYO,20100202,2.5,2.5,2.4,2.48,20800
PDCO,20100202,28.5,29.4,28.49,29.36,1357500
PDEX,20100202,0.49,0.52,0.49,0.51,800
PDFS,20100202,3.95,3.98,3.84,3.98,25300
PDII,20100202,4.97,5.13,4.97,4.99,12700
PDLI,20100202,6.61,6.79,6.56,6.77,3157500
PEBK,20100202,5.25,5.27,5.24,5.27,1300
PEBO,20100202,13.28,13.28,12.43,12.46,24800
PEGA,20100202,17.575,18.605,17.5,18.5,392000
PEIX,20100202,29.85,29.85,26.1,27.9,4582800
PENN,20100202,27.2,27.64,27.05,27.57,637500
PERF,20100202,6.1,6.1,6.1,6.1,0
PERY,20100202,16.39,16.85,16.14,16.75,47500
PESI,20100202,9.7,10,9.25,9.25,91300
PETS,20100202,18.87,18.96,18.69,18.74,278500
PFBC,20100202,1.49,1.54,1.36,1.36,173000
PFBI,20100202,7.31,7.4,7.25,7.4,4100
PFBX,20100202,18.66,19.35,18.06,18.12,8400
PFIN,20100202,2.56,2.56,2.56,2.56,0
PFSW,20100202,2.75,2.82,2.66,2.67,145600
PGC,20100202,10.81,11.3,10.81,11.06,33600
PGNX,20100202,4.48,4.57,4.4,4.44,111600
PGTI,20100202,1.88,1.95,1.85,1.87,34700
PHII,20100202,19.78,19.78,19.78,19.78,0
PHIIK,20100202,19.15,19.15,18.43,18.69,28200
PHMD,20100202,1.71,1.79,1.71,1.73,6300
PICO,20100202,31.56,31.84,31.19,31.22,66100
PKBK,20100202,8.71,9.5,8.71,9.4,19000
PKOH,20100202,8.87,9.17,8.62,9.07,40000
PLAB,20100202,3.96,4.03,3.9,3.99,417100
PLBC,20100202,3.2,3.2,3.01,3.05,1800
PLCE,20100202,32.93,34.27,32.79,34.08,791600
PLCM,20100202,11.5,11.635,11.4,11.55,1627300
PLNR,20100202,2.76,3.04,2.65,3.02,38800
PLPC,20100202,37.52,38,35.61,36.61,10900
PLUG,20100202,0.57,0.58,0.56,0.58,491900
PLUS,20100202,15.92,15.92,15.54,15.54,8100
PLXS,20100202,34.06,34.06,33.21,33.45,311300
PMBC,20100202,3.01,3.02,2.93,3.02,10500
PMCS,20100202,8.32,8.42,8.22,8.36,4624900
PMD,20100202,7.85,7.85,7.6,7.6,7200
PNBK,20100202,16.8,16.9,16.1,16.1,3100
PNFP,20100202,15.24,15.4,14.99,15.38,196400
PNNT,20100202,9.3,9.3,8.99,9.07,179300
PNQI,20100202,24.13,24.23,24.02,24.22,2600
PNRA,20100202,73.35,73.77,72.7,73.72,645400
PNRG,20100202,31.3,31.3,30.32,30.56,1500
PNTR,20100202,7.11,7.22,6.8,7,42100
PODD,20100202,14,14.15,13.91,14.01,288800
POOL,20100202,18.86,19.09,18.76,18.85,285400
POPE,20100202,24.39,24.46,24.29,24.46,3200
POWI,20100202,31.89,32.38,31.65,32.02,117500
POWL,20100202,30.2,30.2,29.15,29.35,69900
POZN,20100202,5.84,6.09,5.81,6.05,84700
PPBI,20100202,4.36,4.36,3.51,3.7,3500
PPHM,20100202,2.92,2.99,2.86,2.94,235000
PRAA,20100202,15.0467,15.2333,14.7,14.7767,67900
PRAN,20100202,1.32,1.35,1.32,1.33,2000
PRCP,20100202,3.28,3.28,3.16,3.16,12700
PRFT,20100202,9.86,10.04,9.5,9.98,214900
PRFZ,20100202,49.75,50.45,49.6,50.38,33200
PRGN,20100202,4.49,4.74,4.4,4.74,569600
PRGS,20100202,18.84,18.9533,18.76,18.8333,195200
PRGX,20100202,5.92,6,5.73,5.98,56500
PRIM,20100202,8.11,8.16,8,8,29500
PRKR,20100202,1.77,1.84,1.77,1.8,182300
PROV,20100202,3.47,3.51,3.17,3.49,57300
PRSC,20100202,12.57,12.66,12.28,12.51,96100
PRTS,20100202,5.98,6.08,5.9,5.91,24800
PRXI,20100202,12.8,12.9,12.6,12.6,39100
PRXL,20100202,19.73,19.73,19.28,19.52,557000
PSAU,20100202,35.99,36.33,35.69,35.96,10900
PSBH,20100202,3.38,3.38,3.2,3.2,1400
PSDV,20100202,3.57,3.57,3.5,3.55,33700
PSEC,20100202,11.2,11.61,11.13,11.49,842400
PSEM,20100202,9.33,9.72,9.33,9.39,102700
PSMT,20100202,20.2,20.28,20.08,20.16,42000
PSTI,20100202,1.23,1.24,1.21,1.23,21700
PSUN,20100202,3.63,3.78,3.58,3.7,1400400
PTEN,20100202,16.34,16.58,16.23,16.44,6583000
PTIE,20100202,5.36,5.41,5.31,5.4,230200
PTNR,20100202,21.08,21.15,20.86,21.04,78500
PTSI,20100202,10.3,10.42,10.04,10.25,10700
PULB,20100202,6.58,6.61,6.58,6.6,4600
PVTB,20100202,13.2,13.89,13.19,13.63,1331700
PVTBP,20100202,24.13,24.42,24,24,16500
PWOD,20100202,30.65,30.88,30.5,30.5,7900
PWX,20100202,12,12,12,12,200
PXLW,20100202,3.01,3.14,3.01,3.09,52800
PZZA,20100202,11.955,11.955,11.43,11.485,257200
QABA,20100202,23.26,23.29,23.2,23.29,2200
QBAK,20100202,2.24,2.25,2.21,2.23,3800
QCCO,20100202,5.76,5.76,5.55,5.66,14800
QCLN,20100202,14.62,14.62,14.48,14.6,11100
QCOM,20100202,39.82,39.89,38.98,39.26,45670200
QCRH,20100202,9.08,9.08,8.07,8.44,12800
QDEL,20100202,13.39,13.88,13.38,13.67,184000
QGEN,20100202,21.9,22.16,21.84,22.14,1161600
QKLS,20100202,152.4,152.4,144.48,145.2,117100
QLGC,20100202,17.53,17.62,17.31,17.44,4767100
QLTI,20100202,4.67,4.75,4.64,4.69,120100
QQEW,20100202,18.95,19.19,18.89,19.19,29900
QQQ,20100202,43.31,43.78,43.03,43.65,110727600
QQQX,20100202,12.64,12.74,12.5,12.7,76500
QQXT,20100202,17.37,17.61,17.37,17.61,1600
QSII,20100202,26.525,27.05,26.275,26.96,358100
QTEC,20100202,19.64,19.87,19.52,19.74,237000
QTWW,20100202,3.28,3.48,3.2,3.36,1513800
QUIK,20100202,2.39,2.42,2.36,2.37,75200
RADA,20100202,2.63,2.63,2.35,2.57,12800
RAIL,20100202,19.82,20.23,19.42,20.13,92000
RAND,20100202,3.8,3.8,3.8,3.8,0
RAVN,20100202,14.175,14.385,14.025,14.135,34600
RBCAA,20100202,16.24,16.48,15.79,15.84,73300
RBCN,20100202,16.66,17.28,16.32,16.97,168300
RBPAA,20100202,2.36,2.39,2.3,2.3,1800
RCII,20100202,21.66,22.85,21.48,22.21,3087700
RCKY,20100202,8.82,8.94,8.44,8.86,20800
RCMT,20100202,2.5,2.51,2.5,2.5,2100
RCON,20100202,5.63,6.15,5.63,6.06,21400
RDCM,20100202,2.19,2.4,2.11,2.11,39200
RDEN,20100202,16.2,16.6,16.07,16.46,267900
RDI,20100202,3.97,3.97,3.93,3.93,35600
RDIB,20100202,5.25,5.25,5.25,5.25,0
RDNT,20100202,2.27,2.59,2.21,2.5,477600
RDWR,20100202,7.955,7.99,7.68,7.885,58100
RECN,20100202,18.06,18.25,17.96,18.19,205200
REDF,20100202,2.71,2.77,2.7,2.72,15100
REFR,20100202,3.4,3.42,3.33,3.37,7100
REGN,20100202,26.5,28.09,26.22,28,830600
REIS,20100202,6.25,6.41,6.24,6.24,15100
RELL,20100202,7.99,8.43,7.76,8.27,156900
RELV,20100202,3.18,3.18,2.92,2.95,1900
RENT,20100202,15.99,16.29,15.85,15.85,24100
REXI,20100202,3.91,4,3.8,3.86,37500
REXX,20100202,12.85,13.12,12.61,12.91,435500
RFIL,20100202,2.275,2.325,2.275,2.295,2500
RGCO,20100202,15.65,15.65,15.215,15.625,1100
RGEN,20100202,3.51,3.54,3.42,3.43,152500
RGLD,20100202,44.74,44.89,43.61,43.76,598500
RICK,20100202,10.8,11.29,10.77,11.09,124400
RIGL,20100202,8.39,9,8.26,8.94,779400
RITT,20100202,1.84,2,1.84,2,2400
RIVR,20100202,13,13,13,13,0
RJET,20100202,5.03,5.14,4.92,5.08,668400
RLOG,20100202,3.25,3.35,3.25,3.35,1900
RMBS,20100202,22.74,22.93,22.17,22.78,2210800
RMCF,20100202,8.69,8.69,8.59,8.67,1000
RMTI,20100202,7.04,7.22,6.93,7.15,92600
RNST,20100202,14.47,14.64,14.45,14.46,61400
RNWK,20100202,4.27,4.36,4.2,4.35,496700
ROCK,20100202,14.87,15,14.48,14.65,199600
ROIA,20100202,3.82,4.18,3.82,4.08,15300
ROIAK,20100202,3.35,3.39,3.23,3.27,119000
ROIC,20100202,10.27,10.35,10.24,10.31,152000
ROLL,20100202,24.15,25.22,24,24.72,151900
ROSG,20100202,24.9,25.8,24.9,25.35,13100
ROST,20100202,11.5925,11.75,11.5575,11.7075,2707100
ROVI,20100202,28.32,28.7,28.07,28.61,1160400
ROYL,20100202,2.4,2.43,2.36,2.4,46800
RPRX,20100202,1.01,1.13,0.85,0.86,13082800
RPTP,20100202,2.3,2.58,2.3,2.49,73400
RRD,20100202,20.15,20.57,20.01,20.38,2060900
RRGB,20100202,19.25,19.25,18.86,19.11,125700
RSTI,20100202,22.1,22.28,21.81,22.08,183000
RSYS,20100202,7.62,7.74,7.51,7.52,139200
RTIX,20100202,3.16,3.19,3.01,3.04,714100
RUSHA,20100202,11.47,11.85,11.47,11.73,156600
RUSHB,20100202,10.1,10.26,10.1,10.19,400
RUTH,20100202,2.69,2.73,2.61,2.66,558000
RVSB,20100202,2.7,2.73,2.51,2.56,25700
RXII,20100202,5.1,5.27,5.1,5.2,106900
RYAAY,20100202,27.56,27.62,27.26,27.53,612900
SAAS,20100202,2.98,3.01,2.95,3.01,154200
SAFM,20100202,46.26,46.77,46.06,46.55,307600
SAFT,20100202,35.11,35.25,34.75,34.87,27100
SAIA,20100202,8.3867,8.4867,7.9533,8.0667,170900
SALM,20100202,5.21,5.21,4.63,4.95,42900
SANM,20100202,13.99,14.39,13.89,14.19,1638200
SASR,20100202,12.26,12.49,12.15,12.43,67500
SATS,20100202,19.21,19.62,18.5,19.29,161500
SBAC,20100202,34.28,34.28,33.33,34.06,1042800
SBBX,20100202,3.78,3.79,3.76,3.76,1000
SBCF,20100202,7.75,7.75,7.4,7.55,256100
SBGI,20100202,5.57,5.74,5.49,5.62,644400
SBLK,20100202,39.9,40.65,39.45,40.65,242800
SBNY,20100202,34.95,35.21,34.74,35.15,466200
SBSA,20100202,0.76,0.81,0.75,0.75,116200
SBSI,20100202,18.7714,19.0095,18.4476,18.4476,50900
SBUX,20100202,10.99,11.245,10.955,11.225,7668000
SCHL,20100202,29.71,29.99,29.27,29.69,121900
SCHN,20100202,43.56,45.73,42.85,45.51,1400800
SCLN,20100202,2.75,2.84,2.71,2.83,397800
SCMP,20100202,3.9,3.99,3.63,3.65,36700
SCON,20100202,33.12,34.44,33,33.96,19600
SCOR,20100202,13.79,13.92,13.72,13.9,94500
SCSC,20100202,28.2,28.35,27.76,28.17,152600
SCSS,20100202,6.99,7.79,6.91,7.68,1685900
SCVL,20100202,12.0867,12.62,12.0867,12.1867,66300
SEAC,20100202,6.45,6.56,6.36,6.5,107300
SEED,20100202,10.99,11.25,10.65,11.04,1838500
SEIC,20100202,17.72,17.83,17.6,17.74,782600
SENEA,20100202,27.6,27.86,26.86,26.87,120900
SENEB,20100202,27.61,27.67,26.96,27.34,2600
SFLY,20100202,15.91,16.55,15.76,16.23,132000
SFNC,20100202,26.75,26.88,26.27,26.34,43000
SFST,20100202,7.55,7.55,7.55,7.55,600
SGC,20100202,9.94,9.94,9.94,9.94,0
SGEN,20100202,10.23,10.39,10.05,10.35,737400
SGI,20100202,8.11,8.52,8.08,8.33,436700
SGMA,20100202,5.95,6.08,5.82,6.08,15700
SGMO,20100202,5.5,5.53,5.35,5.42,213800
SGMS,20100202,14.57,14.64,14.4,14.52,486900
SGRP,20100202,1.1,1.1,1.1,1.1,6000
SHBI,20100202,13.21,13.4,13.15,13.26,20800
SHEN,20100202,17.17,17.23,17.04,17.05,57100
SHIP,20100202,1.23,1.33,1.21,1.31,1707800
SHLD,20100202,94.23,94.85,92.66,94.3,1608600
SHLM,20100202,22.21,22.73,21.96,22.7,257700
SHLO,20100202,4.41,4.45,4.41,4.45,300
SHOO,20100202,11.9822,12.1067,11.8252,12.0622,193500
SHOR,20100202,5.54,5.55,5.35,5.37,110900
SIAL,20100202,48.8,49.61,48.45,49.34,771800
SIEB,20100202,2.31,2.32,2.29,2.29,600
SIFI,20100202,5,5,5,5,2200
SIFY,20100202,1.91,1.92,1.78,1.79,60400
SIGI,20100202,15.4,15.43,15.21,15.28,224000
SIGM,20100202,11.06,11.34,10.95,11.28,409200
SILC,20100202,10.15,10.19,9.87,10.1,12400
SIMO,20100202,2.9,3.02,2.64,2.88,2185700
SINA,20100202,36.37,37.96,36.37,37.84,1580300
SINO,20100202,3.13,3.13,2.91,2.96,4100
SIRI,20100202,0.92,0.95,0.9,0.91,148743100
SIRO,20100202,31.9,32.81,31.72,32.67,269500
SIVB,20100202,43.48,43.59,42.62,43.07,522300
SIVBO,20100202,21.48,21.6,21.16,21.25,2300
SKBI,20100202,8.67,8.99,8.67,8.77,33600
SKYW,20100202,15.04,15.38,14.88,15.22,292700
SLAB,20100202,43.81,45.1,43.6,44.35,1258000
SLGN,20100202,26.58,27.075,26.33,27.005,306900
SLMAP,20100202,37.95,38.28,37.65,38.17,6700
SLP,20100202,1.65,1.69,1.65,1.66,8100
SLTC,20100202,0.25,0.25,0.23,0.24,81300
SMBC,20100202,6.675,6.75,6.675,6.75,4500
SMCI,20100202,12.51,12.74,12.36,12.68,210400
SMED,20100202,7.26,7.49,7.25,7.34,77200
SMIT,20100202,3.55,3.55,3.55,3.55,0
SMMF,20100202,3.95,3.95,3.95,3.95,0
SMRT,20100202,8.25,8.44,8.04,8.27,315700
SMSI,20100202,7.95,7.98,7.77,7.84,212200
SMTC,20100202,15.54,15.66,15.31,15.45,591800
SMTX,20100202,1.43,1.43,1.35,1.4,52200
SNAK,20100202,2.38,2.44,2.38,2.44,27000
SNBC,20100202,19.3,19.95,18.35,18.75,36200
SNCR,20100202,17.15,17.3,16.88,17.09,133500
SNDK,20100202,26.44,27.07,26.11,26.92,10314100
SNFCA,20100202,3.52,3.52,3.52,3.52,0
SNHY,20100202,14.7267,15.06,14.6667,14.9533,65600
SNMX,20100202,4.33,4.33,4,4.3,82000
SNPS,20100202,21.33,21.72,21.24,21.34,1374700
SNSS,20100202,0.91,1.07,0.9,0.98,6846100
SNTA,20100202,4.34,4.39,4.26,4.32,132600
SOCB,20100202,3.07,3.27,3.07,3.25,4100
SOFO,20100202,6.06,6.6,6.06,6.6,7000
SOHU,20100202,50.03,51.22,49,51.16,1372900
SONA,20100202,8.24,8.32,8.18,8.23,57300
SONC,20100202,8.52,8.58,8.45,8.48,510300
SONS,20100202,10.5,10.65,10.1,10.35,1876300
SORL,20100202,10.06,10.43,9.63,10.19,127700
SPAN,20100202,16,16,16,16,800
SPAR,20100202,6.18,6.23,6.02,6.1,188500
SPEX,20100202,25.6,27,25.2,25.4,6200
SPIL,20100202,6.51,6.64,6.49,6.6,1943400
SPLS,20100202,23.54,24.07,23.4,24,7205300
SPNC,20100202,6.9,7.03,6.83,6.97,140100
SPNS,20100202,1.4,1.4,1.4,1.4,4000
SPPI,20100202,4.68,4.73,4.45,4.51,950100
SPRO,20100202,3.19,3.28,3.11,3.16,6700
SPRT,20100202,2.51,2.54,2.47,2.51,83400
SPTN,20100202,13.8,13.91,13.66,13.79,137000
SQNM,20100202,4.16,4.35,4.1,4.32,2550000
SRCE,20100202,15.24,15.39,15.05,15.18,36400
SRCL,20100202,53.66,53.66,52.99,53.59,486300
SRDX,20100202,20.08,20.26,19.76,20.05,80500
SSBI,20100202,5.24,5.4,5.2,5.25,4600
SSFN,20100202,9,9.25,9,9.25,11500
SSRI,20100202,18.6,18.66,17.85,18.15,830800
SSYS,20100202,22.87,23.25,22.7,22.87,178200
STAA,20100202,3.6,3.97,3.6,3.79,171500
STBA,20100202,17.78,18.08,17.51,17.55,146400
STEM,20100202,1.2,1.25,1.2,1.22,1368600
STFC,20100202,15.95,16.07,15.7,15.81,40000
STKL,20100202,2.94,2.99,2.92,2.95,112700
STLD,20100202,16.34,16.47,15.83,16.36,5272900
STLY,20100202,9.79,9.85,9.54,9.69,26400
STMP,20100202,8.96,9.01,8.92,9.01,44000
STNR,20100202,38.79,39.03,38.28,38.75,44400
STRA,20100202,208.98,210.13,206.3,208.59,158500
STRL,20100202,18.48,18.82,18.13,18.7,124400
STRM,20100202,2.17,2.24,2.16,2.18,8200
STRS,20100202,9.87,10.25,8.76,10.24,8400
STRT,20100202,19.85,20.69,19.71,20.11,3800
STX,20100202,17.88,18.6,17.78,18.58,17574100
STXS,20100202,40.8,42.3,40.7,41.5,648500
SUBK,20100202,27.18,27.18,26.03,26.03,26400
SUMR,20100202,5.15,5.15,5.03,5.06,2000
SURG,20100202,1.24,1.25,1.22,1.24,12700
SVA,20100202,6.07,6.58,6.05,6.5,1410400
SVBI,20100202,3.59,4.15,3.59,4.02,19300
SWHC,20100202,4.05,4.25,4.04,4.14,1563500
SWIR,20100202,11.4,11.56,11.25,11.5,149900
SWKS,20100202,13.5,13.86,13.41,13.68,7371200
SYBT,20100202,20.85,21.13,20.73,20.8,29000
SYKE,20100202,24.01,24.4,23.74,24.4,646600
SYMC,20100202,17.31,17.43,17.09,17.33,12981700
SYMX,20100202,0.95,0.99,0.94,0.99,39600
SYNA,20100202,26.46,26.99,25.85,26.88,845300
SYNL,20100202,8,8,8,8,0
SYNT,20100202,16.795,16.9,16.345,16.86,186800
SYPR,20100202,2.94,3.12,2.94,3.12,21100
SYUT,20100202,13.61,13.61,13.46,13.47,55200
TACT,20100202,7.1,7.18,6.91,7.18,7500
TAIT,20100202,1.42,1.42,1.42,1.42,1000
TASR,20100202,5.91,5.98,5.83,5.97,505600
TAST,20100202,6.28,6.34,6.23,6.25,67300
TATT,20100202,8.5,8.7,8.5,8.67,6400
TAXI,20100202,8.01,8.05,7.98,7.98,34500
TAYD,20100202,5.25,5.25,4.87,4.91,900
TBBK,20100202,6.96,6.97,6.6,6.62,84500
TBNK,20100202,18.36,18.36,17.75,18,31700
TCBI,20100202,17.12,17.25,16.81,17.07,290300
TCBK,20100202,17.25,17.43,17.22,17.23,68900
TCX,20100202,2.76,2.76,2.68,2.68,104400
TEAR,20100202,1.1,1.1,1.1,1.1,5600
TECD,20100202,41.39,41.69,40.7,41.52,951000
TECH,20100202,64,65.81,63.04,65.69,357300
TESO,20100202,13.48,13.85,13.48,13.59,104300
TESS,20100202,13.4867,13.4933,12.6667,13.3333,16900
TFSL,20100202,12.77,12.82,12.57,12.75,1131300
TGA,20100202,3.76,3.96,3.71,3.88,128600
THFF,20100202,27.64,27.82,27.4,27.65,29300
THLD,20100202,1.86,1.9,1.83,1.85,21400
THOR,20100202,28.45,29.03,28.26,28.78,796300
THRX,20100202,10.89,10.96,10.58,10.74,587800
TICC,20100202,5.88,5.98,5.88,5.88,83500
TIGR,20100202,3.35,3.35,3.28,3.3,33800
TINY,20100202,4.07,4.15,4.04,4.08,81200
TISA,20100202,1.1,1.1,1.04,1.08,19000
TITN,20100202,11.05,11.25,10.96,11.18,69000
TIVO,20100202,9.08,9.2,8.94,9.17,927300
TNDM,20100202,15.62,15.81,15.16,15.17,1103000
TOPS,20100202,8.05,8.05,7.7,7.7,24500
TORM,20100202,0.56,0.56,0.54,0.56,2800
TOWN,20100202,10.85,11.17,10.85,11.09,75700
TRAK,20100202,18.08,18.43,18.01,18.27,254800
TREE,20100202,7.28,7.6,7.28,7.47,43500
TRIB,20100202,4.01,4.08,3.76,3.96,24200
TRMB,20100202,11.595,11.735,11.48,11.635,780400
TRMK,20100202,22.72,22.83,22.31,22.49,486100
TRNS,20100202,6.85,6.85,6.85,6.85,0
TROW,20100202,51.16,51.59,50.69,51.17,1741100
TRS,20100202,5.77,5.87,5.74,5.79,63700
TRST,20100202,5.98,6.04,5.88,5.91,445300
TRUE,20100202,3.05,3.06,2.97,2.97,1600
TSBK,20100202,4.26,4.41,4.25,4.3,4600
TSCO,20100202,13.0075,13.27,12.9375,13.23,277100
TSEM,20100202,18.3,18.45,17.85,18.15,410700
TSRA,20100202,17.25,17.5,16.87,17.36,931200
TSRI,20100202,2.4,2.45,2.33,2.45,1900
TSYS,20100202,9.09,9.27,8.87,8.91,531900
TTEC,20100202,19.06,19.19,18.84,19.11,270100
TTEK,20100202,21.93,22.17,21.5,21.55,595300
TTGT,20100202,5.43,5.8,5.12,5.54,83700
TTHI,20100202,2.74,2.78,2.73,2.76,27200
TTMI,20100202,10.55,10.9,10.55,10.65,275700
TTWO,20100202,9.32,9.4,9.2,9.34,1847200
TUES,20100202,4.46,4.7,4.41,4.68,990200
TW,20100202,43.75,44.1,43.19,43.55,162400
TWER,20100202,1.84,1.87,1.8,1.87,28100
TWIN,20100202,9.88,9.99,9.67,9.71,23600
TWMC,20100202,1.39,1.4,1.39,1.39,2900
TXN,20100202,22.97,23.37,22.94,23.31,11891000
TXRH,20100202,11.97,12.21,11.86,12.14,1166500
TYPE,20100202,9.1,9.25,9,9.18,108400
TZOO,20100202,10.9,11.15,10.84,11.05,87900
UACL,20100202,16.5,17.41,16.44,17.18,40900
UBCP,20100202,9.29,9.34,9,9,1400
UBFO,20100202,5.2,5.39,5.17,5.23,10000
UBNK,20100202,13.11,13.24,13,13.03,60400
UBOH,20100202,9.03,9.27,9.03,9.2,4400
UBSH,20100202,12.99,13.18,12.91,13.07,35000
UBSI,20100202,24.16,24.75,23.67,23.77,398100
UCBA,20100202,6.5,6.5,6.5,6.5,11500
UCBI,20100202,4.32,4.38,4.19,4.19,639100
UCFC,20100202,1.41,1.72,1.38,1.7,151100
UCTT,20100202,6.61,6.77,6.55,6.7,49000
UEIC,20100202,23.86,24.35,23.5,24.07,56300
UEPS,20100202,17.83,18.13,17.56,17.96,270600
UFCS,20100202,16.9,17.06,16.9,16.96,56300
UFPI,20100202,33.93,35.57,33.55,35.19,153300
UFPT,20100202,7.14,7.2,6.98,7.2,18100
UG,20100202,11.48,11.48,11.48,11.48,0
UHAL,20100202,37.3,37.3,35.8,36.28,38600
ULBI,20100202,4.09,4.13,4,4.1,78800
ULTA,20100202,19.74,19.74,18.88,19.49,365600
ULTI,20100202,30.01,30.39,29.72,30,127500
ULTR,20100202,4.8,4.89,4.73,4.74,117100
UMBF,20100202,38.72,38.81,38.3,38.38,271500
UMPQ,20100202,11.84,11.86,11.54,11.69,2391200
UNAM,20100202,9.75,9.75,9.75,9.75,0
UNB,20100202,17.51,17.51,17.51,17.51,700
UNFI,20100202,27.01,27.18,26.79,26.94,277000
UNTD,20100202,6.47,6.55,6.38,6.5,565900
UNTY,20100202,3.94,3.98,3.94,3.98,6000
URBN,20100202,32.47,32.91,32.28,32.67,2744800
URRE,20100202,7.5,8.4,7.5,8,487900
USAK,20100202,12.28,12.31,12.1,12.11,19400
USAP,20100202,19.65,19.94,18.62,19.18,25500
USAT,20100202,1.65,1.66,1.6,1.65,9000
USATP,20100202,9,9,9,9,0
USBI,20100202,14.94,15.27,14.64,14.64,10600
USEG,20100202,5.44,5.82,5.42,5.8,571800
USLM,20100202,37.95,38.94,36.54,38.2,11200
UTEK,20100202,13.75,14.16,13.65,14.13,99000
UTHR,20100202,59.68,61.97,59.06,61.46,1255100
UTIW,20100202,13.89,13.89,13.57,13.69,729200
UTMD,20100202,27.98,28.27,27.33,27.33,9200
UTSI,20100202,6.66,6.9,6.42,6.63,758600
UVSP,20100202,17.53,17.56,17.22,17.5,36000
VALU,20100202,25.82,25.82,25.01,25.18,12900
VASC,20100202,8.1,8.75,8.02,8.68,94300
VBFC,20100202,35.2,36.64,35.2,36,1800
VCIT,20100202,75.9,75.95,75.81,75.93,22900
VCLT,20100202,74.6,74.68,74.6,74.68,800
VCSH,20100202,75.99,76,75.91,75.98,41900
VDSI,20100202,7.95,8.03,7.84,8,141600
VECO,20100202,33.2,34.74,33.19,34.22,1381100
VGIT,20100202,59.74,59.74,59.73,59.73,700
VGLT,20100202,58.29,58.4,58.29,58.4,1500
VGSH,20100202,60.12,60.12,60.08,60.12,25500
VIA,20100202,31.07,31.48,31,31.43,27800
VIAB,20100202,29.32,29.76,28.5,29.68,4167800
VICL,20100202,2.91,3.13,2.91,3.12,447800
VICR,20100202,8.66,8.68,8.39,8.54,57200
VIMC,20100202,4.64,4.75,4.55,4.7,46200
VIRC,20100202,3.37,3.54,3.37,3.49,8500
VISN,20100202,180.6,184.6,177.4,184.6,443600
VIVO,20100202,20.03,20.71,19.88,20.56,405200
VLGEA,20100202,26.05,26.26,25.9,25.9,8900
VMBS,20100202,50.16,50.18,50.13,50.13,2000
VNDA,20100202,10.4,10.99,10.3,10.82,658200
VOD,20100202,21.6,21.94,21.56,21.89,5768900
VOXX,20100202,6.46,6.59,6.42,6.49,61400
VRSK,20100202,28.39,28.59,27.9,27.96,536100
VRSN,20100202,23.13,23.48,22.9,23.42,5033200
VRTA,20100202,4.44,4.44,4.44,4.44,1000
VRTB,20100202,8.32,8.36,8.16,8.2,18000
VRTS,20100202,16.27,16.63,15.8,16.51,14300
VRTU,20100202,9.13,9.14,8.77,8.82,83800
VRTX,20100202,39.25,40.5,38.93,40.49,2023900
VSAT,20100202,27.58,27.66,26.96,27.29,124200
VSCP,20100202,9.8,10,9.5,9.8,18200
VSEC,20100202,49.58,49.6,48.72,48.72,41400
VVUS,20100202,8.61,8.85,8.53,8.8,1684900
WABC,20100202,55.19,55.31,54.56,54.76,215900
WAFD,20100202,19.13,19.22,18.95,19.04,883000
WASH,20100202,16.89,17.03,16.36,16.84,46200
WAVX,20100202,8.76,9.56,8.68,9.08,459600
WAYN,20100202,5.96,6.01,5.96,6.01,18200
WBMD,20100202,39.52,39.72,39.07,39.35,185900
WDC,20100202,39.88,40.61,39.25,40.47,3504000
WDFC,20100202,30.99,31.23,30.74,31.04,48700
WERN,20100202,19.93,19.93,19.57,19.6,877900
WEYS,20100202,22.56,22.62,22.5,22.5,8200
WFD,20100202,8.06,8.14,7.99,8.09,121000
WFM,20100202,13.725,14.025,13.655,13.945,2508700
WIBC,20100202,9.03,9.12,8.95,8.97,75900
WILC,20100202,6.5,6.73,6.5,6.68,12500
WIN,20100202,10.27,10.58,10.26,10.54,4290200
WINA,20100202,22.34,22.34,22.34,22.34,0
WIRE,20100202,20,20.33,19.94,20.21,77300
WLDN,20100202,2.31,2.4,2.31,2.4,1300
WLFC,20100202,15.78,16,15.44,15.85,35800
WMAR,20100202,8.4,8.52,8.27,8.27,69200
WMGI,20100202,17.99,18.13,17.87,18.03,708000
WOOD,20100202,37.97,38.64,37.97,38.51,14700
WOOF,20100202,25.5,26,25.42,25.86,488000
WPCS,20100202,482.02,482.02,475.86,475.86,400
WPPGY,20100202,46.74,47.21,46.55,47.12,43300
WPRT,20100202,12.54,13.11,12.51,13.1,285800
WRES,20100202,2.35,2.4,2.34,2.38,647700
WRLD,20100202,40.59,42,40.38,41.61,403700
WSBC,20100202,14.16,14.2,13.97,14.06,88300
WSBF,20100202,2.23,2.24,2.15,2.15,11500
WSCI,20100202,1.77,1.87,1.77,1.87,2800
WSFS,20100202,9.0233,9.35,8.9767,9.24,23000
WSTG,20100202,8.47,8.55,8.47,8.55,11200
WSTL,20100202,1.31,1.32,1.27,1.27,177800
WTBA,20100202,5,5.04,4.92,4.99,35700
WTFC,20100202,33.94,33.99,32.78,33.29,254000
WVFC,20100202,14.4,14.4,14.28,14.28,800
WVVI,20100202,3.58,3.58,3.45,3.45,3000
WWWW,20100202,5.83,5.9,5.73,5.75,120100
WYNN,20100202,65.12,65.64,63.55,64.84,1950000
XBKS,20100202,5.79,5.79,5.7,5.7,1100
XLNX,20100202,24.09,24.36,23.89,24.27,4727800
XNPT,20100202,18.57,20.04,18.5,19.99,420100
XOMA,20100202,0.44,0.45,0.4,0.43,52513100
XRAY,20100202,33.53,34.58,33.4,34.51,1968900
XXIA,20100202,7.38,7.52,7.18,7.18,91300
YHOO,20100202,15.1,15.32,15.03,15.17,27556600
YORW,20100202,13.4,13.72,13.19,13.22,27200
YRCW,20100202,0.92,0.93,0.9,0.91,9023600
ZAGG,20100202,2.08,2.49,2.01,2.44,1000500
ZBRA,20100202,26.7,27.28,26.64,27.11,183700
ZEUS,20100202,28.91,29.81,28.6,29.7,97100
ZHNE,20100202,0.5,0.51,0.48,0.49,544100
ZINC,20100202,9.97,10.33,9.86,10.16,543600
ZION,20100202,19.98,20.19,19.44,19.91,5880400
ZIOP,20100202,3.1,3.18,3.04,3.13,72500
ZIXI,20100202,1.85,1.86,1.81,1.84,271100
ZN,20100202,5.59,5.6,5.39,5.41,95000
ZUMZ,20100202,12.97,13.33,12.69,13.25,234500
