AAME,20110411,2.16,2.16,2.08,2.12,6000
AAON,20110411,9.4074,9.4607,9.4074,9.4459,27100
AAPL,20110411,47.7229,47.9529,47.1457,47.2571,14255300
AAWW,20110411,65.72,66.5,64.36,64.59,105700
AAXJ,20110411,64.46,64.5,63.69,63.85,513900
ABAX,20110411,29.4,29.89,29.22,29.29,110300
ABCB,20110411,9.77,9.84,9.67,9.78,34800
ABCD,20110411,3.3,3.31,3.28,3.29,35500
ABCO,20110411,24.52,24.525,24.135,24.315,31500
ABCW,20110411,0.9,0.93,0.88,0.9,35500
ABIO,20110411,12.9,13.2,12.48,12.6,34600
ABMD,20110411,15.34,16.23,15.22,16.07,738300
ABTL,20110411,6.75,6.75,6.3,6.75,201200
ACAD,20110411,1.73,1.88,1.72,1.81,943300
ACAS,20110411,9.88,10.01,9.63,9.66,2517000
ACAT,20110411,15.72,15.74,15.51,15.59,49000
ACET,20110411,7.46,7.59,7.31,7.56,114400
ACFC,20110411,9.75,9.8,9.75,9.8,8700
ACGL,20110411,34.09,34.3667,34.01,34.2333,222000
ACHN,20110411,7.08,7.28,6.77,6.95,417900
ACIW,20110411,10.79,10.9067,10.6067,10.66,108700
ACLS,20110411,2.32,2.39,2.24,2.25,1523900
ACNB,20110411,16.35,16.35,16.35,16.35,0
ACOR,20110411,21.93,22.19,21.21,21.3,421600
ACPW,20110411,13.75,14,12.9,12.95,480200
ACRX,20110411,3.29,3.3,3.21,3.25,11000
ACTG,20110411,35.28,35.38,33.61,34.2,313500
ACTS,20110411,2.45,2.5,2.45,2.48,42400
ACUR,20110411,4.26,4.31,4.1,4.12,75200
ACWI,20110411,49.06,49.27,48.73,48.83,444800
ACWX,20110411,46.44,46.53,46,46.15,59300
ACXM,20110411,15.02,15.23,14.87,15.04,380700
ADAT,20110411,1.6,2,1.5,1.78,645800
ADBE,20110411,34.2,34.71,34.19,34.38,6796800
ADEP,20110411,4.41,4.5,4.41,4.42,8500
ADI,20110411,39.07,39.1,38.25,38.44,2797500
ADP,20110411,46.2687,46.3828,45.979,46.0227,1931700
ADRA,20110411,28.11,28.24,27.96,27.97,1900
ADRD,20110411,22.89,23,22.79,22.83,15000
ADRE,20110411,49.26,49.43,48.8,48.99,21700
ADRU,20110411,22.91,22.91,22.9,22.9,900
ADSK,20110411,42.88,43.18,42.53,42.85,1748200
ADTN,20110411,41.96,42.67,41.75,41.92,1179600
ADUS,20110411,5.02,5.12,4.99,5.1,88100
AEGR,20110411,16.58,16.96,16.2,16.23,13600
AEHR,20110411,1.68,1.68,1.65,1.68,11600
AEIS,20110411,15.2,15.36,14.86,14.89,495200
AEPI,20110411,28.93,29.74,28.82,29.29,7200
AETI,20110411,3.1,3.1,3.03,3.08,4800
AEY,20110411,3.1,3.11,3.09,3.09,34200
AEZS,20110411,11.58,11.64,11.22,11.28,1229300
AFAM,20110411,36.61,36.84,36.02,36.54,57900
AFCB,20110411,13.55,13.55,13.55,13.55,0
AFFX,20110411,5.32,5.84,5.28,5.73,1969000
AFOP,20110411,5.265,5.295,5.14,5.16,56200
AFSI,20110411,18.8,18.94,18.66,18.67,142600
AGEN,20110411,0.93,0.97,0.93,0.96,309600
AGII,20110411,31.8,32.08,31.6,31.6,56900
AGNC,20110411,28.34,28.48,28.03,28.18,3062300
AGYS,20110411,5.2,5.32,5.06,5.15,69000
AHGP,20110411,51.75,51.9,50.37,50.83,65800
AHPI,20110411,4.41,4.41,4.4,4.4,600
AIMC,20110411,23.16,23.16,22.49,22.64,112400
AINV,20110411,12,12.14,11.77,11.79,785400
AIRM,20110411,21.76,22.15,21.7567,21.87,41700
AIRT,20110411,9.46,9.55,9.39,9.51,4700
AIXG,20110411,43.48,43.78,43.39,43.4,88600
AKAM,20110411,37.24,37.55,36.17,36.46,3863400
AKRX,20110411,5.83,5.9,5.66,5.77,265700
ALCO,20110411,26.73,27.22,26.44,26.65,14100
ALGN,20110411,21.33,21.45,20.99,21.04,315200
ALGT,20110411,41.8,42.74,41.76,42.63,101400
ALIM,20110411,8,8.03,7.93,7.94,34400
ALKS,20110411,13.05,13.48,13.05,13.46,423000
ALLB,20110411,10.72,10.9,10.72,10.9,7200
ALLT,20110411,14.41,14.66,14.16,14.56,70700
ALNY,20110411,9.79,9.86,9.64,9.73,227800
ALOG,20110411,56.82,57.24,56.52,56.84,21600
ALOT,20110411,7.68,7.69,7.68,7.69,500
ALSK,20110411,10.42,10.42,10.37,10.39,259600
ALTR,20110411,42.86,43.03,42.01,42.55,3209800
ALXA,20110411,16.6,16.7,16.3,16.3,247500
ALXN,20110411,49.9,50.13,49.03,49.43,1415400
AMAG,20110411,17.44,17.6,17.14,17.33,74700
AMAT,20110411,15.35,15.4,15.17,15.33,12408800
AMCC,20110411,10.12,10.26,10.05,10.18,671000
AMCN,20110411,5.3,5.3,5.13,5.21,62000
AMD,20110411,8.46,8.58,8.4,8.42,16624900
AMED,20110411,32.48,32.75,31.9,32.46,252500
AMGN,20110411,53.91,54.45,53.48,54.31,6326900
AMIC,20110411,4.48,4.8,4.48,4.8,2200
AMKR,20110411,6.74,6.8,6.54,6.62,1283000
AMNB,20110411,23.72,23.75,23.13,23.46,8700
AMOT,20110411,6.93,6.93,6.79,6.8,8000
AMOV,20110411,29.29,29.29,29.275,29.275,2300
AMRB,20110411,6.06,6.37,6.06,6.37,500
AMRI,20110411,4.31,4.38,4.19,4.21,50300
AMRN,20110411,8.49,8.72,8.4,8.5,1242000
AMRS,20110411,27.45,27.62,26.92,27.13,121200
AMSC,20110411,139.7,141.1,132.5,133.1,3213300
AMSF,20110411,21.84,21.99,21.78,21.9,65200
AMSG,20110411,26.63,27.17,26.03,26.15,163300
AMSWA,20110411,7.7,7.77,7.5,7.51,41000
AMWD,20110411,20.53,20.53,19.7,19.78,7800
AMZN,20110411,184.86,186.49,181.85,184.04,3297800
ANAC,20110411,6.66,6.74,6.55,6.58,51000
ANAD,20110411,4.1,4.1,3.96,4.01,1349000
ANAT,20110411,79.69,79.69,78.77,79.26,17500
ANCB,20110411,10.8,10.8,10.6,10.6,1000
ANCX,20110411,7.25,7.3,7.2,7.3,9700
ANDE,20110411,32.26,32.7467,31.6667,32.06,94700
ANGO,20110411,14.99,15.03,14.85,14.94,49600
ANIK,20110411,8.66,8.88,8.66,8.88,68900
ANSS,20110411,53.44,53.72,53.05,53.36,329800
ANTH,20110411,51.44,51.44,46.96,47.84,49400
AOSL,20110411,12.8,12.8,12.57,12.71,45600
APEI,20110411,42,42.55,41.67,41.96,79800
APOG,20110411,13.65,13.72,13.45,13.59,427900
APOL,20110411,42.79,43.35,41.93,42.01,1890600
APPY,20110411,4.32,4.5,4.2,4.26,62800
APRI,20110411,4.39,4.56,4.26,4.48,323700
ARAY,20110411,9.53,9.59,9.32,9.33,442200
ARCC,20110411,17.4,17.51,17.11,17.31,1466900
ARCI,20110411,4.08,4.15,4.08,4.15,3500
ARCW,20110411,1.1,1.1,1.1,1.1,100
AREX,20110411,30.8,31.24,28.77,28.9,545200
ARIA,20110411,8.07,8.11,7.61,7.76,1900100
ARII,20110411,22.69,22.89,22.18,22.6,44600
ARKR,20110411,14.65,14.8,14.65,14.8,14800
ARLP,20110411,40.5,40.72,39.22,39.475,138800
ARMH,20110411,28.63,28.9,28.43,28.62,3467100
ARNA,20110411,1.38,1.39,1.32,1.32,1578500
AROW,20110411,24.12,24.51,23.8,23.92,52200
ARQL,20110411,7.06,7.11,6.9,6.92,158800
ARRS,20110411,12.68,12.8,12.65,12.69,1131500
ARRY,20110411,3.15,3.16,3.05,3.09,313500
ARTNA,20110411,19.32,19.58,19.26,19.4,8600
ARTW,20110411,10.76,10.9,10.2,10.55,14700
ARTX,20110411,1.37,1.41,1.32,1.32,40400
ARWR,20110411,0.69,0.71,0.69,0.7,164300
ASBI,20110411,4.49,4.5,4.38,4.5,1600
ASCMA,20110411,47.75,47.95,45.89,46.69,30800
ASEI,20110411,91.26,91.26,90.19,90.83,16700
ASFI,20110411,8.1,8.27,8.1,8.25,70000
ASML,20110411,42.86,43.15,42.53,42.9,3132600
ASNA,20110411,16.32,16.47,16.2,16.29,464100
ASPS,20110411,30.88,30.9,30.49,30.5,29700
ASRV,20110411,2.32,2.32,2.28,2.28,1800
ASRVP,20110411,25.4,25.4,25.4,25.4,100
ASTC,20110411,1.04,1.05,1.01,1.04,23800
ASTE,20110411,37.67,37.73,36.77,36.79,72500
ASTI,20110411,16.4,16.7,15.5,16.1,432700
ASUR,20110411,1.64,1.6667,1.6333,1.6667,900
ASYS,20110411,23.1,23.13,22.1,22.52,255100
ATAI,20110411,7.78,7.86,7.78,7.85,1800
ATAX,20110411,5.61,5.68,5.5,5.51,184600
ATEC,20110411,2.93,3.03,2.93,3,481700
ATHN,20110411,44.75,44.99,43.81,44.36,220200
ATHX,20110411,3.01,3.01,2.85,2.88,181800
ATLO,20110411,18.69,18.72,18.18,18.18,7400
ATML,20110411,13.59,13.64,12.86,13.11,9885200
ATNI,20110411,35.2,35.79,35.12,35.68,25900
ATRC,20110411,12.69,13.2,12.58,12.73,131200
ATRI,20110411,180.78,180.99,180.51,180.99,300
ATRM,20110411,17.5,17.5,16.8,17.1,16000
ATRO,20110411,19.9083,20.025,18.7667,18.8167,49600
ATSG,20110411,7.95,7.95,7.76,7.82,212000
ATVI,20110411,11.17,11.19,11.07,11.13,5716600
AUBN,20110411,19.77,19.77,19.77,19.77,1200
AUDC,20110411,5.69,5.77,5.64,5.7,91200
AVAV,20110411,29.23,29.23,27.97,28.31,357100
AVEO,20110411,13.7,13.74,13.5,13.65,78100
AVGO,20110411,32.3,32.63,31.74,32.23,889500
AVID,20110411,21.64,22.09,21.57,22,166700
AVNW,20110411,5.13,5.25,5.13,5.17,222000
AWRE,20110411,3.19,3.19,3.13,3.17,6200
AXAS,20110411,5.6,5.67,5.24,5.24,1472100
AXTI,20110411,6.51,6.55,6.08,6.19,920100
AZPN,20110411,14.65,14.89,14.61,14.89,391800
BABY,20110411,17.28,17.36,17.21,17.28,128900
BAMM,20110411,4.5,4.6,4.27,4.28,123200
BANF,20110411,41.08,41.22,40.83,40.96,14300
BANFP,20110411,26.55,26.55,26.55,26.55,0
BANR,20110411,16.17,16.31,16.03,16.17,485600
BASI,20110411,2.41,2.7,2.36,2.51,6800
BBBY,20110411,53.72,54.3,53.58,54.01,3333300
BBEP,20110411,21.19,21.22,21,21.05,202800
BBGI,20110411,6.29,6.88,6.29,6.67,4400
BBOX,20110411,35.46,35.65,35.3,35.49,51400
BBRG,20110411,18.17,18.43,18.11,18.26,29100
BBRY,20110411,54.8,54.86,54.25,54.65,6771500
BBSI,20110411,15.8,15.85,15.58,15.74,7200
BCBP,20110411,10.44,10.44,10.35,10.35,2500
BCOM,20110411,35,35,35,35,0
BCPC,20110411,37.39,37.86,36.52,37.03,57800
BCRX,20110411,3.77,3.79,3.7,3.72,97700
BDE,20110411,7.03,7.08,7.02,7.06,27300
BDGE,20110411,22.28,22.35,21.6,21.6,15900
BDMS,20110411,19.63,21.31,19.6,20.97,4400
BDSI,20110411,3.64,3.64,3.55,3.63,54100
BEAT,20110411,4.66,4.66,4.58,4.61,71100
BEAV,20110411,37.23,37.67,36.71,36.95,341800
BEBE,20110411,6.33,6.35,6.26,6.33,349900
BECN,20110411,21.41,21.63,21.31,21.6,359100
BELFA,20110411,23.05,23.53,23,23.53,14000
BELFB,20110411,20.35,21.18,20.26,20.62,58100
BFIN,20110411,9.38,9.38,8.93,8.95,20600
BGCP,20110411,9.33,9.54,9.18,9.22,365600
BGFV,20110411,12.01,12.2,11.95,12.03,50400
BIB,20110411,9.0263,9.1313,8.7988,8.89,9400
BICK,20110411,34.28,34.54,33.97,33.99,57400
BIDU,20110411,147.41,148.92,143.5,145.68,16619500
BIIB,20110411,76.71,78.75,76.4,78.55,6893300
BIOC,20110411,5.27,5.27,4.97,5.02,14400
BIOD,20110411,8.64,9.4,8.4,9.08,2455600
BIOS,20110411,4.58,4.72,4.57,4.7,246200
BIS,20110411,166.52,166.52,166.52,166.52,400
BJRI,20110411,38.63,38.77,37.84,38.61,288200
BKCC,20110411,10.11,10.16,10.03,10.07,415100
BKMU,20110411,3.89,4.03,3.88,3.92,62100
BKSC,20110411,11.54,11.57,11.5,11.54,600
BLDP,20110411,2.25,2.3,2.24,2.24,244900
BLDR,20110411,3.23,3.28,3.18,3.26,216000
BLIN,20110411,5.3,5.55,5.3,5.35,2900
BLKB,20110411,27.12,27.36,26.9,27.09,96400
BMRC,20110411,38.73,38.76,37.95,38.37,4800
BMRN,20110411,24.93,25.33,24.93,25.18,1063600
BMTC,20110411,20.05,20.06,19.6,19.8,23700
BNCL,20110411,8.44,8.62,8.44,8.62,77500
BNCN,20110411,7.8,7.8,7.75,7.77,4200
BNSO,20110411,2.16,2.16,2.13,2.15,1600
BOBE,20110411,32.03,32.26,31.54,31.76,120400
BOCH,20110411,4.23,4.32,4.2,4.2,17000
BOFI,20110411,15.56,15.69,15.25,15.54,17400
BOKF,20110411,52.08,52.26,51.98,51.99,54500
BONA,20110411,6.55,6.55,6.35,6.36,49600
BONT,20110411,14.3,14.46,13.4,13.63,170800
BOOM,20110411,27.82,28.05,26.93,27.2,45600
BOSC,20110411,12.4,12.56,11.6,12.24,17900
BPFH,20110411,7.1,7.16,6.91,7.01,438000
BPFHW,20110411,2.56,2.56,2.47,2.47,3200
BPOP,20110411,30.3,31.3,30.2,31,10659800
BPOPM,20110411,18.89,19,18.65,19,1000
BPOPN,20110411,20.7,20.7,20.25,20.45,7700
BRCD,20110411,5.92,5.94,5.84,5.86,4254200
BRCM,20110411,39.83,39.91,39.13,39.31,5248500
BRID,20110411,11.41,11.41,11.13,11.2,2000
BRKL,20110411,10.25,10.41,10.23,10.35,232000
BRKR,20110411,20.06,20.18,19.98,20.06,522700
BRKS,20110411,12.85,13.06,12.76,12.93,441900
BSET,20110411,7.87,7.87,7.7,7.78,22100
BSFT,20110411,43.5,44.75,42.52,42.8,772000
BSPM,20110411,6.15,6.27,5.85,6,127400
BSQR,20110411,6.14,6.22,5.94,6.05,109100
BSRR,20110411,10.98,11.09,10.98,11.01,12400
BSTC,20110411,24.6,24.6,23.78,23.78,1000
BUSE,20110411,5.5,5.5,5.44,5.46,185100
BVSN,20110411,13.99,14,13.76,13.76,1400
BWEN,20110411,13.1,13.6,13,13.3,708400
BWINA,20110411,21.08,22.01,21.06,21.5,25600
BWINB,20110411,23.87,24.22,23.4,23.63,23800
BWLD,20110411,55.07,55.41,53.47,53.92,360800
BYFC,20110411,2.21,2.21,2.21,2.21,0
CA,20110411,24.16,24.36,24.05,24.16,2196700
CAAS,20110411,11,11.12,10.01,10.68,1126000
CAC,20110411,35.72,35.83,34.99,35.1,29800
CACB,20110411,7.79,7.79,7.68,7.69,5800
CACC,20110411,76.67,78.1,75.83,76.18,25500
CADC,20110411,40.56,41.16,39.96,40.44,28300
CAKE,20110411,28.75,28.86,28.41,28.6,780200
CALD,20110411,6.67,6.92,6.67,6.92,41700
CALI,20110411,13.44,13.44,12.78,13.02,16500
CALL,20110411,10.55,10.815,10.4,10.49,12000
CALM,20110411,14.59,14.685,14.515,14.6,155300
CAMP,20110411,3.31,3.31,3.15,3.17,73500
CAMT,20110411,4.01,4.01,3.94,3.99,41100
CAR,20110411,18.35,18.49,18,18.09,828600
CART,20110411,3.22,3.23,3.22,3.23,300
CARV,20110411,0.77,0.8,0.65,0.68,26000
CASH,20110411,15.15,15.45,15.15,15.45,18100
CASM,20110411,3.06,3.16,3.06,3.16,600
CASS,20110411,39.49,39.66,38.98,39.22,8600
CASY,20110411,39.15,39.46,38.97,39.09,274000
CATM,20110411,19.72,19.78,19.3,19.49,181800
CATY,20110411,17.17,17.42,17.06,17.25,332000
CAVM,20110411,44.4,44.51,43.18,43.25,769800
CBAK,20110411,9,9.15,8.65,8.8,144700
CBAN,20110411,4.1,4.1,4.1,4.1,0
CBLI,20110411,160,160,152.2,158.4,506400
CBMX,20110411,26,29.4,25,27,46200
CBNJ,20110411,9.7,9.85,9.69,9.85,21700
CBNK,20110411,13.99,14.1,13.72,14,3800
CBOE,20110411,26.98,27.24,26.73,26.89,234000
CBPO,20110411,16.5,16.5,15.51,15.76,39900
CBRL,20110411,47.76,48.01,47.01,47.47,242500
CBSH,20110411,40.87,41.39,40.87,41.25,520700
CCBG,20110411,12.39,12.74,12.11,12.14,22200
CCCL,20110411,5.25,5.25,4.71,4.87,188100
CCIH,20110411,17.65,17.81,16.85,16.97,179600
CCMP,20110411,50.62,50.77,49.99,50.21,93000
CCNE,20110411,13.88,13.95,13.51,13.51,7600
CCOI,20110411,14.6,15.24,14.58,14.72,681100
CCRN,20110411,6.98,7.01,6.86,6.93,93500
CCUR,20110411,6.05,6.05,5.93,6,12000
CDNS,20110411,9.84,9.9,9.71,9.76,1246500
CDTI,20110411,5.88,6.23,5.85,6.12,29400
CDXS,20110411,11.63,11.79,11.19,11.33,118900
CDZI,20110411,12.69,12.75,12.24,12.68,33700
CECE,20110411,5.76,5.76,5.62,5.67,5300
CECO,20110411,24.08,24.94,23.77,23.99,694600
CELG,20110411,27.94,28.335,27.615,27.68,2702300
CELGZ,20110411,2.5,2.5,2.39,2.49,1800
CENT,20110411,9.07,9.23,8.99,9.01,80800
CENTA,20110411,9.49,9.68,9.39,9.39,104800
CENX,20110411,20.16,20.48,19.5,19.65,1458900
CERN,20110411,27.35,27.5525,27.25,27.3775,401100
CERS,20110411,2.73,2.81,2.72,2.73,186200
CETV,20110411,21.88,21.96,21.5,21.7,219900
CEVA,20110411,26.5,26.5,25.06,25.68,128800
CFBK,20110411,5.85,5.85,5.85,5.85,0
CFFI,20110411,21.5,21.5,21.5,21.5,0
CFFN,20110411,11.24,11.3,11.16,11.22,696000
CFNB,20110411,15.27,15.27,15.1,15.1,2400
CFNL,20110411,11.34,11.47,11.26,11.29,99100
CGEN,20110411,4.73,4.75,4.67,4.71,29500
CGNX,20110411,14.4,14.415,14.15,14.265,292900
CHCI,20110411,1.34,1.38,1.3,1.36,12200
CHCO,20110411,35.29,35.66,34.9,35.26,31200
CHDN,20110411,40.79,40.93,40.46,40.86,29200
CHEV,20110411,8.4,8.41,8.3,8.32,2400
CHFC,20110411,20.24,20.33,20.18,20.25,36900
CHFN,20110411,11.0962,11.136,10.9967,11.0962,16600
CHKE,20110411,17.43,17.94,17.43,17.9,44400
CHKP,20110411,51.58,52.36,51.02,51.62,1265500
CHLN,20110411,12.25,13.7,10.8,11.7,509100
CHNR,20110411,13.54,13.8,12.97,13.65,24900
CHOP,20110411,52,52.6,51.1,52,807100
CHRS,20110411,4.25,4.55,4.25,4.39,870100
CHRW,20110411,74.43,74.59,73.3,73.91,942400
CHSCP,20110411,29.79,29.87,29.65,29.69,5500
CHTR,20110411,53.76,54.61,52.47,54.25,233300
CIDM,20110411,1.86,1.9,1.78,1.78,55700
CINF,20110411,32.91,33.25,32.91,33,483300
CISG,20110411,13.35,13.63,13.11,13.41,390100
CIZN,20110411,20.27,20.27,20.27,20.27,0
CJJD,20110411,2.65,2.65,2.52,2.58,23900
CKEC,20110411,7,7.02,6.9,6.9,28000
CLBH,20110411,3.51,3.75,3.51,3.7,8100
CLCT,20110411,14.2,14.25,14.15,14.23,32800
CLDX,20110411,4.18,4.2,4.1,4.11,141600
CLFD,20110411,4.17,4.56,4.16,4.51,175900
CLMS,20110411,16.62,17.15,16.36,16.36,125300
CLMT,20110411,21.6,21.6,21.12,21.16,205100
CLNE,20110411,17.59,17.6,16.02,16.13,2747100
CLRO,20110411,6.63,6.7,6.55,6.63,3800
CLSN,20110411,2.34,2.35,2.3,2.31,53600
CLUB,20110411,5.38,5.7,5.21,5.5,34000
CLWT,20110411,7.535,7.81,7.48,7.81,5300
CMCO,20110411,19.4,19.45,19.1,19.1,44700
CMCSA,20110411,24.77,24.87,24.48,24.55,10445000
CMCSK,20110411,23.22,23.4,23.03,23.14,3007800
CME,20110411,61.032,61.388,60.59,60.8,327900
CMLS,20110411,4.34,4.34,4.1,4.16,54700
CMTL,20110411,29.51,29.78,28.93,29.11,229800
CNBKA,20110411,26.75,26.82,26.36,26.36,2100
CNET,20110411,3.5,3.55,3.3,3.3,57500
CNIT,20110411,2.6,2.69,2.57,2.67,618100
CNMD,20110411,27.29,27.29,26.88,27.02,44100
CNOB,20110411,9.62,9.9,9.62,9.85,6900
CNSL,20110411,18.79,18.79,18.65,18.71,239500
CNTF,20110411,4.31,4.35,4.21,4.24,108100
CNTY,20110411,3.15,3.15,3,3.05,77500
CNYD,20110411,33.7,34,29.1,33,51800
COBZ,20110411,6.78,6.8,6.6,6.71,72600
COHR,20110411,54.69,55.49,54.69,55.47,131100
COHU,20110411,15.18,15.32,14.9,15.13,37900
COKE,20110411,76.22,76.22,74.75,75.23,20600
COLB,20110411,19.43,19.44,19.06,19.09,53400
COLM,20110411,30.735,31.235,30.255,30.35,127800
CONN,20110411,5.96,6.15,5.63,6.13,237300
COOL,20110411,23.8,24.01,22.05,23.52,1423600
CORE,20110411,17.33,17.485,16.91,17.115,22300
CORT,20110411,4.24,4.28,4.21,4.24,161800
COSI,20110411,5,5.08,4.96,5,74200
COST,20110411,76.25,76.62,75.67,76.2,2423800
COWN,20110411,4.05,4.13,4.04,4.07,276800
CPHC,20110411,11.86,12.04,11.86,11.93,400
CPHD,20110411,29.17,29.41,29.06,29.2,229600
CPIX,20110411,5.18,5.32,5.14,5.15,72300
CPLA,20110411,51.59,51.96,50.26,50.54,154400
CPLP,20110411,11.11,11.23,10.96,11,113500
CPRT,20110411,21.96,22.425,21.935,22.195,434200
CPRX,20110411,1.13,1.13,1.1,1.1,17500
CPSI,20110411,61.83,62.36,61.5,61.75,39100
CPSS,20110411,1.06,1.06,1.05,1.05,8400
CPST,20110411,1.96,1.98,1.82,1.85,4970000
CRAI,20110411,25.54,25.78,25.21,25.43,35500
CRAY,20110411,6.58,6.58,6.3,6.35,200500
CRDC,20110411,3.84,3.98,3.8,3.88,92700
CREE,20110411,43.94,44.53,43.43,43.61,3158000
CREG,20110411,2.4,2.5,2.4,2.45,20800
CRESY,20110411,17.99,18.15,17.76,17.78,31100
CRIS,20110411,4.03,4.11,3.91,3.93,550400
CRME,20110411,24.25,24.25,22.6,22.8,206200
CRMT,20110411,25.89,25.89,25.48,25.6,16100
CRNT,20110411,11.93,12.07,11.62,11.74,116500
CROX,20110411,18.3,18.7,18.25,18.6,1516100
CRUS,20110411,18.78,19.07,18.32,18.51,1766400
CRVL,20110411,26,26.255,25.78,26.255,16800
CRWN,20110411,2.36,2.37,2.26,2.31,67800
CRWS,20110411,4.92,4.95,4.83,4.9,600
CRZO,20110411,37.31,37.71,36.25,36.26,495000
CSBK,20110411,11.54,11.62,11.47,11.5,6800
CSCD,20110411,6.63,6.73,6.6,6.7,3700
CSCO,20110411,17.71,17.76,17.36,17.47,56427800
CSFL,20110411,6.63,6.69,6.58,6.61,38200
CSGP,20110411,61.26,61.42,60.93,61.07,48800
CSGS,20110411,20.48,20.62,20.29,20.51,146600
CSII,20110411,11.5,11.63,11.46,11.47,28100
CSIQ,20110411,10.57,10.63,10.16,10.32,976800
CSOD,20110411,18.95,19.5,18.4,18.56,114800
CSPI,20110411,4.67,4.67,4.65,4.67,5800
CSUN,20110411,3.93,3.97,3.85,3.9,123900
CSWC,20110411,24.13,24.13,23.8825,23.8825,4800
CTAS,20110411,30.16,30.22,29.89,30.04,928100
CTBI,20110411,27.55,27.71,27.48,27.69,33700
CTCM,20110411,23.17,23.2,22.8,22.91,210500
CTCT,20110411,35.12,35.28,34.85,35.04,223400
CTHR,20110411,3.5,3.55,3.37,3.46,11900
CTIB,20110411,5.3,5.65,5.3,5.55,6700
CTIC,20110411,1.95,2.05,1.7,2,12445000
CTRN,20110411,23.01,23.18,22.92,23.16,43500
CTRP,20110411,45.68,45.75,44.97,45.25,2237800
CTSH,20110411,40.35,40.565,40.02,40.25,1421400
CTWS,20110411,25.18,25.45,25.03,25.15,14700
CTXS,20110411,73.56,75.49,73.53,74.86,2553200
CU,20110411,46.75,46.75,45.53,45.74,133000
CUBA,20110411,7.43,7.46,7.35,7.35,3100
CUTR,20110411,8.56,8.65,8.49,8.49,56900
CVBF,20110411,9.38,9.58,9.37,9.47,561500
CVCO,20110411,44.47,45.88,43.01,43.33,13900
CVCY,20110411,6.31,6.39,6.3,6.39,300
CVGI,20110411,17.58,17.58,16.91,17.15,98900
CVGW,20110411,21.3,21.59,21.1,21.2,20000
CVLT,20110411,38.49,40.1,38.38,39.05,457500
CVLY,20110411,10.9,10.9,10.84,10.84,800
CVTI,20110411,9,9.59,9,9.2,22400
CVV,20110411,10.19,10.25,10,10.11,34900
CWBC,20110411,4.56,4.56,4.5,4.5,600
CWCO,20110411,10.43,10.48,10.31,10.31,34800
CWST,20110411,6.68,6.7,6.57,6.68,59000
CXDC,20110411,5.09,5.09,4.44,4.57,312100
CY,20110411,19.09,19.14,18.57,18.71,2098600
CYAN,20110411,3.38,3.39,3.37,3.37,11200
CYBE,20110411,8.5,8.71,8.28,8.71,6000
CYBX,20110411,33.86,34.11,33.51,33.89,86600
CYCC,20110411,9.59,9.8,9.45,9.52,236800
CYCCP,20110411,3.63,3.63,3.63,3.63,0
CYNO,20110411,13.81,13.81,13.18,13.22,77600
CYOU,20110411,34.58,35.64,34.58,35.15,153800
CYTK,20110411,8.94,9.54,8.88,9.3,1195000
CYTR,20110411,5.81,5.88,5.67,5.74,260600
CYTX,20110411,7.9,7.9,7.61,7.64,305400
CZFC,20110411,8,8,8,8,2400
CZNC,20110411,17.25,17.38,17.14,17.14,11400
CZWI,20110411,5,5.01,5,5.01,98200
DAIO,20110411,5.98,5.98,5.72,5.83,25300
DAKT,20110411,10.54,10.78,10.32,10.34,107700
DARA,20110411,17,17.1,16.35,16.7,509300
DAVE,20110411,9.98,9.98,9.55,9.71,17200
DCIX,20110411,12.48,12.58,12.48,12.55,5600
DCOM,20110411,15.24,15.36,15.17,15.17,89800
DCTH,20110411,120.64,121.92,112.8,114.88,750000
DENN,20110411,4.04,4.11,3.99,4.06,518100
DEPO,20110411,8.8,8.9,8.55,8.58,692600
DEST,20110411,23.38,23.95,23.38,23.6,42700
DGAS,20110411,16.09,16.115,16.09,16.115,400
DGICA,20110411,13.75,13.75,13.54,13.66,13800
DGICB,20110411,16.75,16.75,16.75,16.75,0
DGII,20110411,9.95,10.05,9.84,9.93,60900
DGLY,20110411,1.38,1.4,1.36,1.37,11900
DHIL,20110411,81.38,81.38,80.48,81,6000
DHRM,20110411,4.85,4.87,4.54,4.7,3400
DIOD,20110411,33.36,33.5,32.8,33,134000
DISCA,20110411,40.13,40.22,39.86,40.22,859400
DISCB,20110411,40.56,40.56,40.56,40.56,0
DISCK,20110411,17.705,17.855,17.67,17.845,455600
DISH,20110411,23.89,23.9,23.31,23.47,1917700
DJCO,20110411,73,73,73,73,0
DLBL,20110411,44.83,44.83,44.83,44.83,0
DLBS,20110411,54.67,54.78,54.58,54.58,4300
DLTR,20110411,27.98,28.165,27.795,28.035,670400
DMLP,20110411,28.86,29.01,28.07,28.2,53400
DMND,20110411,61.99,62,59.83,60.09,385800
DMRC,20110411,27.21,27.23,26.65,26.96,10900
DNBF,20110411,8.8,8.8,8.8,8.8,500
DORM,20110411,19.67,19.94,19.275,19.52,36500
DRAD,20110411,2.41,2.42,2.38,2.41,33300
DRAM,20110411,12.3,13.08,12.3,12.78,33500
DRRX,20110411,3.44,3.53,3.44,3.5,106300
DRWI,20110411,8.44,8.48,8.06,8.07,277200
DRYS,20110411,5.06,5.08,4.81,4.85,7141600
DSCI,20110411,9.28,9.52,9.23,9.39,20600
DSCO,20110411,1.8,1.89,1.79,1.89,216700
DSGX,20110411,6.73,6.74,6.66,6.69,5200
DSPG,20110411,7.84,7.94,7.78,7.83,31600
DSWL,20110411,3.31,3.31,3.18,3.18,23900
DTLK,20110411,6.16,6.25,6.08,6.19,115600
DTSI,20110411,45.89,45.89,44.85,45.09,60700
DTUS,20110411,49.58,49.64,49.52,49.61,3900
DTYL,20110411,45.37,45.37,45.37,45.37,0
DTYS,20110411,54.07,54.17,53.78,54,14000
DVAX,20110411,27.1,27.6,26.6,26.6,214400
DWA,20110411,27.45,27.58,27.34,27.41,388300
DWCH,20110411,5.01,5.08,4.99,5.01,13100
DWSN,20110411,44.08,44.41,41.46,42.28,165800
DXCM,20110411,16.18,16.5,16.07,16.35,202200
DXPE,20110411,25.4,26.05,25.2,25.25,132700
DXYN,20110411,4.4,4.67,4.4,4.63,8400
DYAX,20110411,1.77,1.77,1.7,1.7,749600
DYNT,20110411,8.45,8.7,7.95,8.1,169400
DYSL,20110411,4.6,4.6,4.22,4.27,17500
EBAY,20110411,31.24,31.67,30.92,31.19,5858300
EBIX,20110411,22.62,22.74,21.9,22.39,730100
EBMT,20110411,11.51,11.51,11.51,11.51,0
EBSB,20110411,5.625,5.6618,5.3554,5.6005,9800
EBTC,20110411,15.44,15.7,15.44,15.65,8000
ECHO,20110411,13.35,13.38,13.22,13.33,47300
ECOL,20110411,18.13,18.17,17.76,17.81,86900
ECPG,20110411,25.06,25.18,24.65,24.79,66700
ECYT,20110411,9.57,9.73,9.4,9.44,244300
EDAP,20110411,3.66,3.82,3.56,3.81,138200
EDGW,20110411,3.05,3.08,2.98,2.98,15300
EDUC,20110411,5.95,5.95,5.85,5.85,500
EEFT,20110411,18.04,18.13,17.65,17.74,218600
EEI,20110411,19.61,20.02,19.13,19.41,9300
EFII,20110411,17.61,18.15,16.37,16.55,2096600
EFOI,20110411,0.94,0.95,0.92,0.94,101300
EFSC,20110411,14.44,14.44,13.78,13.88,18800
EFUT,20110411,5.39,5.41,5.36,5.36,2500
EGBN,20110411,13.58,13.91,13.58,13.73,28800
EGHT,20110411,2.98,3.05,2.95,3.01,323800
EGLE,20110411,271.44,277.2,270,271.44,764600
EGOV,20110411,12.39,12.39,12.21,12.3,228900
EHTH,20110411,12.97,13.09,12.69,12.69,87400
ELGX,20110411,6.73,6.85,6.69,6.76,152200
ELNK,20110411,7.96,8.07,7.9,8.06,1504600
ELON,20110411,9.04,9.22,8.85,8.89,298200
ELOS,20110411,13.4,14.18,13.36,13.92,347600
ELRC,20110411,17.13,17.13,16.85,16.92,24900
ELSE,20110411,4.5,4.5,4.5,4.5,0
ELTK,20110411,1.1,1.13,1.08,1.13,4100
EMCF,20110411,18.25,18.25,18.25,18.25,0
EMCI,20110411,16.2533,16.32,15.96,16.0933,15800
EMIF,20110411,36.77,36.77,36.05,36.05,10000
EMITF,20110411,240,240,239.8,239.8,500
EMKR,20110411,9.44,9.68,8.8,9,1723900
EMMS,20110411,1.02,1.05,1.01,1.04,265300
EMMSP,20110411,16.5,16.5,16.5,16.5,15000
ENDP,20110411,43.11,44.53,40.11,41.06,7071100
ENG,20110411,4.32,4.39,4.26,4.35,41600
ENOC,20110411,18.44,18.52,18,18.14,330200
ENSG,20110411,33.86,33.86,30.55,31.81,217700
ENTG,20110411,8.22,8.23,8.01,8.03,872500
ENZN,20110411,11.01,11.04,10.97,11,932500
EPAX,20110411,10.47,10.62,10.38,10.45,51800
EPAY,20110411,24.06,24.06,23.53,23.67,66800
EPIQ,20110411,14.7,14.86,14.6,14.61,52600
EQIX,20110411,93.32,93.84,92.16,92.72,495100
ERIC,20110411,13.32,13.38,13.14,13.19,5851500
ERIE,20110411,71.51,72.42,70.61,71.98,48200
ERII,20110411,3.03,3.12,3.02,3.11,141800
EROC,20110411,10.46,10.55,10.21,10.26,234900
ESBK,20110411,16.32,16.89,16,16.85,3200
ESCA,20110411,5.27,5.36,5.23,5.23,8000
ESEA,20110411,4.53,4.73,4.48,4.59,48700
ESGR,20110411,99.34,99.61,99.13,99.37,9100
ESIO,20110411,16.19,16.25,15.71,16.02,46800
ESLT,20110411,55.96,55.96,55.26,55.67,61100
ESMC,20110411,1.12,1.12,1.12,1.12,100
ESRX,20110411,56.21,56.68,55.75,55.95,2335400
ESSA,20110411,12.65,12.76,12.65,12.65,9900
ESSX,20110411,7.28,7.3,7.14,7.14,3400
ETFC,20110411,16.03,16.09,15.86,15.89,1132300
ETRM,20110411,2.64,2.65,2.37,2.52,130100
EUFN,20110411,24.63,24.63,24.36,24.39,2900
EVBS,20110411,3.65,3.67,3.5,3.51,2500
EVEP,20110411,56.28,56.5,53.51,54.64,519400
EVK,20110411,2.1,2.1,1.98,1.98,2200
EVOL,20110411,7.34,7.34,7.22,7.25,1200
EWBC,20110411,22.61,22.84,22.41,22.47,438900
EXAC,20110411,17.64,17.68,17.36,17.36,12500
EXAS,20110411,7.04,7.11,6.97,7.01,444300
EXEL,20110411,11.14,11.23,11.02,11.05,1102600
EXFO,20110411,8.33,8.4,8.14,8.19,136000
EXLP,20110411,28.74,28.9,28.53,28.81,156400
EXLS,20110411,20.33,20.33,19.63,19.73,21500
EXPD,20110411,50.64,50.65,49.93,50.32,958500
EXPE,20110411,25.24,25.44,24.4,24.52,14669700
EXPO,20110411,21.76,22.005,21.635,21.64,17300
EXTR,20110411,3.41,3.43,3.38,3.39,262000
EXXI,20110411,36.04,36.74,34.51,34.7,1453400
EZCH,20110411,29.13,29.33,28.5,28.66,131000
EZPW,20110411,29.14,29.25,28.5,28.94,835600
FALC,20110411,4.22,4.32,4.2,4.23,85600
FARM,20110411,12.9,13,12.64,12.64,44000
FARO,20110411,40.06,40.06,39.21,39.33,101000
FAST,20110411,33.8,33.965,33.555,33.75,1408800
FBIZ,20110411,11.57,11.63,11.48,11.48,1400
FBMS,20110411,8.7,8.7,8.7,8.7,0
FBNC,20110411,13.15,13.32,13.02,13.12,26900
FBSS,20110411,13.5,13.5,13.47,13.49,400
FCAP,20110411,16,16,16,16,0
FCBC,20110411,14.17,14.46,13.91,14.02,13700
FCCO,20110411,6.8,6.8,6.8,6.8,0
FCCY,20110411,8.6,8.6,8.6,8.6,0
FCEL,20110411,1.87,1.95,1.87,1.91,1599200
FCFS,20110411,36.7,37.29,36.62,36.8,165900
FCLF,20110411,7.23,7.23,7.23,7.23,0
FCNCA,20110411,202.12,203.95,202.12,203,3500
FCTY,20110411,4,4,4,4,3100
FCVA,20110411,3.55,3.58,3.5,3.5,5700
FDEF,20110411,14.03,14.16,14,14.1,9000
FDML,20110411,25.29,25.29,24.97,25.12,164200
FEIC,20110411,32.07,32.24,31.54,31.85,283300
FEIM,20110411,10.47,10.67,9.83,10.32,47900
FELE,20110411,23.02,23.09,22.56,22.8,57000
FFBC,20110411,16.55,16.66,16.42,16.52,137400
FFBCW,20110411,5.75,5.75,5.75,5.75,0
FFHL,20110411,4.17,4.17,4.01,4.11,28900
FFIC,20110411,14.72,14.9,14.72,14.75,48300
FFIN,20110411,17.1,17.3367,17.1,17.2134,52000
FFIV,20110411,94.98,95.98,93.76,94.5,2103400
FFKT,20110411,6.4,6.72,6.4,6.7,3800
FFNM,20110411,3.36,3.48,3.19,3.48,2200
FFNW,20110411,5.75,5.8,5.68,5.79,12600
FHCO,20110411,4.93,5.05,4.57,4.57,79700
FIBK,20110411,13.35,13.36,13.2,13.32,35000
FINL,20110411,20.43,20.7,20.4,20.55,501200
FISI,20110411,17.18,17.33,16.82,17.01,37700
FISV,20110411,31.25,31.42,31.11,31.335,914700
FITB,20110411,13.73,13.87,13.67,13.73,5458100
FIZZ,20110411,14.01,14.32,13.89,14.2,39700
FLAT,20110411,45.25,45.45,45.22,45.35,11300
FLDM,20110411,15.03,15.43,15,15.31,18500
FLEX,20110411,7.24,7.25,6.98,7.09,6989500
FLIC,20110411,18.1067,18.1533,17.8733,18.0667,11100
FLIR,20110411,33.77,34.03,33.25,33.55,835300
FLML,20110411,5.97,5.97,5.72,5.78,28100
FLWS,20110411,3.23,3.25,3.05,3.2,192600
FLXS,20110411,15.62,15.8,15.5,15.78,3200
FMBI,20110411,12.22,12.35,12.16,12.22,219700
FMER,20110411,17.33,17.43,17.2,17.23,526500
FNFG,20110411,13.67,13.86,13.67,13.85,2630700
FNGN,20110411,28.14,28.14,26.73,27.61,156200
FNLC,20110411,15.04,15.04,14.58,14.6,11900
FNSR,20110411,25.7,25.72,24.33,24.6,3697700
FOLD,20110411,6.83,7.07,6.79,6.9,29300
FONE,20110411,28.48,28.48,28,28.02,2200
FONR,20110411,1.77,1.8,1.75,1.79,9000
FORD,20110411,4.1,4.15,4.03,4.06,26700
FORM,20110411,9.89,9.89,9.56,9.59,596200
FORR,20110411,38.42,38.63,38.38,38.53,38600
FORTY,20110411,19.85,19.91,19.57,19.69,21900
FOSL,20110411,93.19,94.14,91.99,93.32,620100
FRBK,20110411,2.9,2.93,2.8,2.83,14500
FRED,20110411,13.27,13.44,13.25,13.38,151300
FREE,20110411,6750,6775,6275,6425,18400
FRME,20110411,8.4,8.59,8.36,8.52,51500
FRP,20110411,16.6,16.82,16.43,16.81,45300
FRPT,20110411,4.86,4.86,4.69,4.71,667100
FSBK,20110411,5.03,5.08,4.95,4.95,12700
FSFG,20110411,15.02,15.02,15.02,15.02,100
FSGI,20110411,0.82,0.82,0.82,0.82,0
FSLR,20110411,148.21,148.54,143.66,144.4,1097100
FSTR,20110411,41.96,42.36,39.98,40.49,48400
FSYS,20110411,29.07,29.28,26.8,26.97,430300
FTEK,20110411,8.54,8.63,8.4,8.53,120200
FTNT,20110411,19.865,20.05,19.26,19.53,691100
FUEL,20110411,1.61,1.73,1.55,1.56,35500
FULL,20110411,8.01,8.1,8.01,8.04,13300
FULT,20110411,11.16,11.27,11.08,11.13,519200
FUNC,20110411,2.97,3.5,2.97,3.13,13300
FUND,20110411,8.52,8.61,8.41,8.45,59300
FWRD,20110411,31.14,31.72,31.08,31.35,149200
FXCB,20110411,13.54,13.63,13.49,13.51,14500
FXEN,20110411,9.02,9.06,8.03,8.27,1015800
GABC,20110411,16.76,16.9,16.45,16.5,14500
GAI,20110411,6.5,6.5,6.26,6.27,2800
GAIA,20110411,6.41,6.59,6.01,6.25,19900
GAIN,20110411,7.5,7.5,7.37,7.39,47200
GALT,20110411,7.86,9.42,7.5,8.88,1436400
GAME,20110411,6.5,6.57,6.45,6.54,207900
GASS,20110411,6.8,6.97,6.75,6.9,114700
GBCI,20110411,14.78,14.91,14.69,14.78,186400
GBDC,20110411,16.15,16.15,15.82,15.86,77600
GBLI,20110411,21.44,21.76,21.44,21.68,13700
GBNK,20110411,6.2,6.35,6.2,6.3,5100
GCBC,20110411,17.75,17.75,17.75,17.75,100
GCVRZ,20110411,2.45,2.45,2.32,2.4,2206000
GENC,20110411,7.96,8,7.96,7.99,1600
GENE,20110411,16.45,18.3,16.35,16.6,163100
GERN,20110411,5.11,5.16,5.01,5.04,1452000
GEVO,20110411,377.85,391.05,365.7,366.75,69000
GFED,20110411,6.11,6.25,6.11,6.25,500
GFN,20110411,3.3,3.3,3.21,3.28,1800
GGAL,20110411,13.86,13.93,13.44,13.45,137700
GHDX,20110411,26.01,26.39,25.81,26.13,58600
GIFI,20110411,31.98,31.98,31.5,31.78,92000
GIGA,20110411,2.67,2.77,2.59,2.77,6000
GIGM,20110411,1.26,1.29,1.22,1.23,361000
GIII,20110411,19.03,19.24,18.97,19.085,98900
GILD,20110411,20.675,20.805,20.53,20.615,5618500
GILT,20110411,5.09,5.1,5.02,5.03,8100
GLAD,20110411,11.56,11.61,11.21,11.22,57400
GLBL,20110411,9.84,10.03,9.61,9.76,1237300
GLBS,20110411,8.95,9,8.93,8.93,4500
GLBZ,20110411,7.96,7.98,7.93,7.93,1000
GLDC,20110411,3.2,3.2,3.19,3.2,7800
GLDD,20110411,7.62,7.65,7.45,7.58,316900
GLNG,20110411,27.4,27.9,26.93,27.2,536100
GLRE,20110411,28.18,28.35,28.15,28.31,92800
GLUU,20110411,3.83,3.83,3.59,3.65,1452400
GMAN,20110411,16,16.73,15.93,16.41,24000
GMCR,20110411,64.77,65.13,64.1,65.08,1588700
GMLP,20110411,25.45,25.5,23.5,25.16,1226700
GNCMA,20110411,11.13,11.41,10.9,11.29,110400
GNMK,20110411,4.31,4.83,4.25,4.58,17200
GNTX,20110411,14.095,14.19,13.27,13.35,2850600
GNVC,20110411,3.8,3.8,3.6,3.6,752100
GOLD,20110411,87.99,88.31,85.12,85.85,792700
GOOD,20110411,18.06,18.19,17.88,17.96,25000
GOODO,20110411,24.76,24.76,24.76,24.76,0
GOODP,20110411,25,25,25,25,100
GOOG,20110411,288.1,289.05,286.5,288.685,1858300
GPIC,20110411,7.05,7.05,6.68,6.68,22000
GPOR,20110411,34.48,34.48,32.64,33.03,964500
GPRE,20110411,12.28,12.45,12.16,12.39,250000
GPRO,20110411,66.42,66.78,65.83,66.27,125500
GRID,20110411,34.05,34.1,33.8,33.8,3000
GRIF,20110411,31.59,32.97,31.57,31.73,5900
GRMN,20110411,34,34.17,33.71,34.01,962100
GROW,20110411,9.55,9.71,9.28,9.53,91400
GRVY,20110411,14.64,14.64,13.92,14.16,19400
GSBC,20110411,21.31,21.31,20.95,21.08,8400
GSIG,20110411,10.73,10.9,10.57,10.63,71400
GSIT,20110411,8.37,8.46,8.35,8.4,164000
GSM,20110411,22.48,22.76,22.02,22.39,628800
GSOL,20110411,11.49,11.7,11.26,11.26,34900
GT,20110411,15.05,15.08,14.49,14.61,5796400
GTIM,20110411,2.11,2.4,2.11,2.26,1000
GTLS,20110411,54.04,54.47,49.7,50.63,773300
GTXI,20110411,2.78,2.88,2.66,2.88,77800
GUID,20110411,8.24,8.3,8.15,8.15,24900
GULF,20110411,16.7,16.7,16.58,16.62,9600
GYRO,20110411,75.23,76.34,75.01,75.87,2300
HA,20110411,5.45,5.65,5.41,5.61,988000
HAFC,20110411,1.32,1.33,1.21,1.24,1605000
HAIN,20110411,15.66,15.78,15.58,15.625,125500
HALL,20110411,8.28,8.36,8.28,8.31,51500
HALO,20110411,6.85,6.9,6.66,6.77,309500
HAS,20110411,46.86,47.42,46.77,46.93,834300
HAYN,20110411,51.45,51.45,48.7,49.51,144700
HBAN,20110411,6.77,6.78,6.63,6.63,9177900
HBANP,20110411,1150,1150,1150,1150,100
HBCP,20110411,16.07,16.07,15.56,15.72,11400
HBHC,20110411,33.17,33.3,32.8,32.86,126700
HBIO,20110411,5.52,5.6,5.5,5.59,75200
HBNC,20110411,12.1378,12.1378,12.1333,12.1333,300
HCBK,20110411,9.87,9.97,9.81,9.87,2888000
HCCI,20110411,15.92,16,15.72,15.72,27900
HCKT,20110411,4.33,4.46,4.28,4.46,57500
HCSG,20110411,17.93,18.05,17.77,18.05,299200
HDNG,20110411,13.04,13.04,12.74,12.85,40100
HDSN,20110411,1.94,1.94,1.88,1.92,40900
HEES,20110411,19.46,19.54,19.07,19.27,172700
HELE,20110411,29.29,29.53,29.14,29.37,134200
HEOP,20110411,3.61,3.64,3.6,3.6,7300
HFBC,20110411,9.07,9.17,9.07,9.17,3500
HFBL,20110411,12.77,12.94,12.77,12.94,800
HFFC,20110411,11.2,11.2,11.2,11.2,600
HFWA,20110411,14.67,14.67,14.51,14.58,39800
HGSH,20110411,2.75,2.78,2.59,2.78,7500
HIBB,20110411,35.53,35.92,35.39,35.49,395500
HIFS,20110411,44.77,51,44.77,51,1500
HIHO,20110411,3.12,3.13,3.11,3.11,2300
HILL,20110411,2.88,2.91,2.81,2.88,281300
HIMX,20110411,2.37,2.37,2.35,2.35,57200
HLIT,20110411,9.6,9.74,9.32,9.35,489500
HMIN,20110411,43.21,43.99,42,42.22,439900
HMNF,20110411,2.74,2.74,2.74,2.74,200
HMPR,20110411,17.25,17.25,15.75,16.25,145200
HMSY,20110411,27.0767,27.2967,26.85,27.0333,72600
HNH,20110411,11.92,11.92,11.66,11.85,19700
HNRG,20110411,11.61,11.63,10.77,10.79,3600
HNSN,20110411,2.92,2.99,2.75,2.76,1114600
HOFT,20110411,12.83,13.13,12.64,13,47000
HOLI,20110411,13.37,13.7,13.02,13.3,270000
HOLX,20110411,21.7,21.99,21.6,21.65,991700
HOMB,20110411,11.055,11.12,10.895,10.95,48900
HOVNP,20110411,6.15,6.25,6.03,6.25,5200
HPJ,20110411,3.05,3.05,2.9,2.91,41600
HRZN,20110411,15.91,16.04,15.85,16.04,13800
HSIC,20110411,69.43,69.61,68.89,69.18,320900
HSII,20110411,27.24,27.46,26.81,26.88,34200
HSKA,20110411,6.47,6.48,6.41,6.44,2600
HSNI,20110411,32.54,33.18,32.35,32.66,164200
HSTM,20110411,7.97,7.97,7.62,7.75,24800
HTBK,20110411,4.8,4.8,4.65,4.69,3300
HTCH,20110411,2.68,2.7,2.6,2.64,90800
HTHT,20110411,19.8,20.8,19.72,20.7,264400
HTLD,20110411,17.62,17.75,17.55,17.58,192400
HTLF,20110411,17.01,17.07,16.31,16.33,10000
HTWR,20110411,80.11,81.34,77.14,77.66,310000
HUBG,20110411,37.65,38.33,37,37.6,123400
HURC,20110411,31.99,32.46,31.75,32.14,45100
HURN,20110411,27.31,27.85,27.09,27.23,34200
HWAY,20110411,14.75,15.17,14.75,15.09,140200
HWBK,20110411,9.22,9.22,8.62,8.62,600
HWCC,20110411,14.72,14.8,14.51,14.57,70000
HWKN,20110411,40.52,40.74,40.03,40.33,24400
HYGS,20110411,5.8,5.8,5.07,5.27,112600
IACI,20110411,30.97,31.23,30.45,30.72,408800
IART,20110411,47.07,47.81,47.07,47.64,105600
IBB,20110411,102.71,102.94,101.71,102.26,416200
IBCP,20110411,3.51,3.51,3.25,3.43,117300
IBKC,20110411,59.75,60,59.49,59.86,85700
IBKR,20110411,16.11,16.16,15.99,16.04,284100
IBOC,20110411,18,18.24,17.93,18,150900
ICAD,20110411,1.2,1.23,1.2,1.22,52800
ICCC,20110411,3.36,3.36,3.12,3.18,8600
ICFI,20110411,23.39,23.62,23.25,23.5,314700
ICLN,20110411,18.5,18.5,18.16,18.21,22400
ICLR,20110411,23.03,23.06,22.74,22.77,253100
ICON,20110411,21.39,21.49,21.01,21.23,309300
ICUI,20110411,44.74,44.79,44.37,44.75,34700
IDCC,20110411,47.1,47.33,46.12,46.39,368300
IDRA,20110411,2.64,2.71,2.58,2.62,38700
IDSA,20110411,10.49,10.49,10.16,10.18,73000
IDSY,20110411,4.7,4.75,4.7,4.74,5000
IDTI,20110411,7.47,7.58,7.3,7.3,886300
IDXX,20110411,38.83,38.905,38.575,38.72,146400
IESC,20110411,3.35,3.41,3.35,3.35,5600
IFEU,20110411,33.28,33.28,32.49,32.76,2200
IFGL,20110411,31.91,31.91,31.53,31.61,37600
IFON,20110411,0.89,0.89,0.85,0.85,28500
IGLD,20110411,29.2,29.32,29.06,29.32,1600
IGOV,20110411,104.95,107.35,104.69,104.94,10300
III,20110411,2.32,2.35,2.29,2.31,54200
IIIN,20110411,14.18,14.29,13.87,13.91,56600
IIJI,20110411,6.98,6.99,6.91,6.92,7500
IILG,20110411,16,16.07,15.72,15.81,44900
IIN,20110411,4.09,4.12,4.09,4.12,400
IIVI,20110411,23.75,23.92,23.25,23.47,167000
IKAN,20110411,11.9,12.1,11.9,12,63500
IKNX,20110411,8.48,8.49,8.47,8.47,300
ILMN,20110411,68.55,69.25,68.35,68.74,1083000
IMGN,20110411,12.08,12.12,11.45,11.97,986900
IMKTA,20110411,18.54,18.95,18.4,18.41,26400
IMMR,20110411,7.38,7.55,7.35,7.43,63100
IMMU,20110411,3.92,3.97,3.87,3.89,230500
IMMY,20110411,1.2,1.2,1.2,1.2,0
IMOS,20110411,8.82,8.82,8.66,8.79,26600
INAP,20110411,6.96,7.06,6.88,6.95,229900
INCY,20110411,17.2,17.59,17.14,17.43,1586200
INDB,20110411,27.4,27.57,27.4,27.42,22500
INDY,20110411,29.93,29.93,29.55,29.66,62100
INFI,20110411,5.68,5.78,5.58,5.61,30100
INFN,20110411,8.7,8.74,8.13,8.13,1976600
ININ,20110411,38.04,38.95,38.04,38.9,91800
INOD,20110411,2.34,2.44,2.34,2.42,86600
INPH,20110411,6.7,6.83,6.15,6.2,255100
INSM,20110411,7.48,7.71,7.48,7.7,59000
INTC,20110411,20.07,20.2,20.01,20.12,43167900
INTG,20110411,21.48,21.51,21,21.49,2700
INTL,20110411,25.77,26.29,25.03,26.23,63800
INTU,20110411,53.23,53.9,53.23,53.56,1570600
INTX,20110411,12.35,12.5,12.3,12.46,31300
INVE,20110411,26.4,26.9,26.4,26.6,17900
INWK,20110411,7.93,8,7.85,7.86,77100
IOSP,20110411,33.48,33.68,32.07,32.34,126800
IPAR,20110411,18.54,18.73,18.5,18.57,44800
IPAS,20110411,1.47,1.5,1.44,1.47,220800
IPCC,20110411,60.97,62.21,60.61,61.05,79300
IPCI,20110411,3,3.03,2.98,2.98,85800
IPCM,20110411,46.07,46.07,45.1,45.61,35700
IPGP,20110411,58.4,59.49,56.64,57.1,340500
IPHS,20110411,47.14,47.14,45.64,46.1,81000
IPXL,20110411,27.5,27.86,27.38,27.69,346900
IRBT,20110411,32.55,32.75,31.45,31.86,285000
IRDM,20110411,8.19,8.27,8.16,8.21,600700
IRIX,20110411,4.42,4.42,4.34,4.38,4300
IRWD,20110411,14.78,15,14.57,14.76,199300
ISBC,20110411,5.8,5.8549,5.7882,5.8,145100
ISCA,20110411,31.41,31.75,30.52,30.78,276700
ISHG,20110411,108.15,108.27,108.1,108.1,2100
ISIG,20110411,7.01,7.05,6.95,7.05,78900
ISIL,20110411,14.22,14.33,13.86,13.99,3804900
ISIS,20110411,9.05,9.05,8.79,8.82,525300
ISLE,20110411,9.24,9.34,9.11,9.23,61200
ISNS,20110411,13.81,13.81,13.81,13.81,100
ISRG,20110411,367.53,372.6,366.66,371.16,376900
ISRL,20110411,65.5,65.55,64.07,64.07,700
ISSC,20110411,5.64,5.67,5.59,5.63,6600
ISSI,20110411,9.16,9.18,8.89,8.9,148700
ITIC,20110411,30.56,30.97,30.56,30.97,7200
ITRI,20110411,54.77,55.94,54.56,54.75,538600
ITRN,20110411,15.23,15.3,15.12,15.3,10400
IVAC,20110411,11.82,11.94,11.22,11.29,55800
IXYS,20110411,12.86,13,12.76,12.85,41900
JACK,20110411,21.47,21.6,20.96,21.12,768800
JAKK,20110411,19.05,19.25,18.83,19.03,89700
JASO,20110411,33.6,33.7,32.75,32.95,4800400
JAXB,20110411,136,136,136,136,0
JAZZ,20110411,34.1,34.44,33.53,33.75,464200
JBHT,20110411,44.27,44.84,44.01,44.65,631200
JBLU,20110411,5.72,5.91,5.69,5.88,6611700
JBSS,20110411,12.22,12.33,12.09,12.21,12900
JCOM,20110411,29.62,29.77,29.43,29.64,191100
JCS,20110411,15.15,15.25,15.15,15.24,3400
JCTCF,20110411,5.135,5.135,5.05,5.05,200
JJSF,20110411,47.47,47.47,46.88,46.97,37100
JKHY,20110411,33.63,33.86,33.37,33.5,426000
JMBA,20110411,11.15,11.15,10.6,10.7,453000
JOBS,20110411,31.32,31.32,29.41,30.555,139000
JOEZ,20110411,1.14,1.19,1.12,1.13,976200
JOUT,20110411,15.68,15.68,15.34,15.34,1900
JRJC,20110411,4.46,5.23,4.46,5.06,290500
JST,20110411,13.1,13.48,13.01,13.35,171100
JVA,20110411,5.99,5.99,5.32,5.38,97000
JXSB,20110411,12.61,12.61,12.44,12.45,10300
KALU,20110411,49.41,49.53,48.97,49.18,165400
KCAP,20110411,7.62,7.71,7.34,7.39,125300
KCLI,20110411,30.6,31.17,30.6,30.83,8900
KELYA,20110411,20.12,20.12,19.55,19.69,132600
KELYB,20110411,20.25,20.25,20.25,20.25,0
KEQU,20110411,11.42,11.42,11.3,11.3,1800
KERX,20110411,5.15,5.21,4.86,5,2068300
KEYW,20110411,12.15,12.35,12.15,12.25,229400
KFFB,20110411,8.59,8.59,8.59,8.59,0
KFRC,20110411,17.53,17.73,17.08,17.13,77900
KGJI,20110411,1.87,1.99,1.8,1.9,160100
KINS,20110411,3.33,3.33,3.33,3.33,0
KIRK,20110411,15.03,15.24,14.96,14.98,65300
KLAC,20110411,43.81,43.88,42.95,43.42,2408800
KLIC,20110411,9.32,10.42,8.6,8.64,1068900
KNDI,20110411,2.85,2.88,2.64,2.69,183800
KONA,20110411,5.09,5.19,5.09,5.18,17200
KONE,20110411,20.7,20.7,19.3,19.9,79700
KOOL,20110411,2.19,2.26,2.13,2.26,135700
KOPN,20110411,4.67,4.69,4.55,4.58,210500
KOSS,20110411,7.16,7.16,7.14,7.15,2800
KRNY,20110411,9.78,10.27,9.78,9.8,36100
KTCC,20110411,5.13,5.17,5.09,5.09,32400
KTEC,20110411,19.37,19.37,18.05,18.84,10800
KTOS,20110411,13.88,14.02,13.6,13.78,95400
KUTV,20110411,3.88,3.98,3.8,3.91,35900
KVHI,20110411,15.04,15.24,14.8,14.99,34300
KZ,20110411,9.85,10.17,9.71,9.73,252500
LABL,20110411,20.81,20.81,20.35,20.55,34600
LAKE,20110411,8.98,9.14,8.72,8.78,20700
LAMR,20110411,33.47,33.62,32.99,33.31,521500
LANC,20110411,61.39,61.82,61.27,61.62,68600
LARK,20110411,16.25,16.25,16.25,16.25,100
LAWS,20110411,24.86,24.94,24.49,24.75,12600
LAYN,20110411,30.75,31.19,29.81,30.05,264700
LBAI,20110411,10.95,10.95,10.54,10.63,29500
LBIX,20110411,3.08,3.09,2.91,3.06,7500
LBTYA,20110411,21.86,21.9213,21.6863,21.8396,483200
LBTYB,20110411,44.4,44.4,44.4,44.4,0
LBTYK,20110411,41.19,41.3,40.88,41.18,473600
LCUT,20110411,14.92,15.57,14.92,15.13,29300
LECO,20110411,38.055,38.09,37.545,37.76,76500
LEDS,20110411,11.93,11.97,11.61,11.66,172100
LFUS,20110411,56.62,57.8,55.69,55.99,105900
LGCY,20110411,32.39,32.48,31.65,31.73,74700
LGND,20110411,9.85,9.97,9.77,9.77,43900
LHCG,20110411,29.57,29.84,29.08,29.84,97000
LIFE,20110411,52.95,54.04,52.87,53.19,1836300
LIME,20110411,33.67,33.88,31.64,31.99,114300
LINC,20110411,16.91,16.94,16.46,16.51,155000
LINE,20110411,39.12,39.25,38.69,38.82,836900
LION,20110411,8.21,8.35,8.17,8.34,4800
LIOX,20110411,3.54,3.73,3.52,3.72,219000
LIVE,20110411,1.2833,1.4667,1.2833,1.3667,6000
LKFN,20110411,22.49,22.55,22.08,22.38,27300
LLNW,20110411,7.31,7.35,6.97,7.05,1647100
LLTC,20110411,33.44,33.6,32.93,32.98,2500700
LMAT,20110411,6.72,6.72,6.63,6.7,2600
LMCA,20110411,24.9933,25.3767,24.84,25.25,796900
LMIA,20110411,20.67,20.7,20.05,20.55,25100
LMNR,20110411,21.69,21.69,20.96,20.96,5300
LMNX,20110411,19.57,19.91,19.57,19.68,113500
LNCE,20110411,19.81,19.93,19.5,19.61,78500
LNDC,20110411,6.01,6.11,5.9,6,65200
LOAN,20110411,1.46,1.58,1.46,1.58,3200
LOGI,20110411,14.5,14.5,14.34,14.4,1670600
LOGM,20110411,44.59,45.23,44.13,44.73,191900
LOJN,20110411,4.86,4.88,4.78,4.88,56900
LONG,20110411,14.67,14.69,14.5,14.6,6400
LOOK,20110411,5.4,5.43,4.98,5.1,14900
LOPE,20110411,14.49,14.61,14.11,14.2,146500
LORL,20110411,78.02,78.02,77.11,77.5,52100
LPLA,20110411,34.6,34.92,34.34,34.7,145500
LPNT,20110411,39.37,39.53,37.79,38.54,1617800
LPSB,20110411,9.35,9.35,9.35,9.35,0
LPSN,20110411,13.18,13.29,12.91,13.1,670000
LPTH,20110411,2.02,2.03,1.86,1.87,43200
LQDT,20110411,17.94,18.18,17.81,18.16,50100
LRAD,20110411,2.78,2.78,2.64,2.72,107300
LRCX,20110411,52.59,53.31,51.95,52.92,1767200
LSBK,20110411,10.35,10.35,10.35,10.35,0
LSCC,20110411,6.13,6.16,6,6.03,914700
LSTR,20110411,46.84,47.08,46.33,46.77,204600
LTBR,20110411,5.41,5.51,5.3,5.45,88500
LTRX,20110411,3.98,4,3.9,3.94,2800
LULU,20110411,45.37,45.46,44.035,44.355,1559900
LUNA,20110411,2.18,2.29,2.12,2.12,163400
LWAY,20110411,9.52,9.6,9.4,9.42,8100
LXRX,20110411,12.53,12.6,12.18,12.25,474700
LYTS,20110411,7.26,7.26,7.1,7.1,45900
MAGS,20110411,3.02,3.08,3.01,3.02,16600
MANH,20110411,8.335,8.4925,8.2925,8.415,90300
MANT,20110411,44.73,45.25,44.73,45.01,112300
MARPS,20110411,22.55,22.58,22.38,22.44,2100
MASI,20110411,34.45,34.6,34.11,34.24,297100
MAT,20110411,25.48,25.9,25.41,25.78,4198000
MATW,20110411,39.35,39.66,39.12,39.43,42600
MAYS,20110411,18.18,18.18,18.18,18.18,0
MBFI,20110411,20.5,20.92,20.47,20.7,211000
MBLX,20110411,56.4,57,55.68,56.22,114900
MBRG,20110411,16.23,16.39,15.85,16.03,18200
MBTF,20110411,1.43,1.43,1.41,1.42,4600
MBVT,20110411,26.89,26.98,26.79,26.97,8900
MBWM,20110411,8.5,8.75,8.4,8.41,16600
MCBC,20110411,2.85,2.86,2.77,2.81,20700
MCHP,20110411,38.05,38.24,37.36,37.53,2289300
MCHX,20110411,7.43,7.74,6.86,7.56,175700
MCOX,20110411,28.55,29.6,28.2,28.55,109300
MCRI,20110411,11.34,11.34,11.05,11.09,9200
MDAS,20110411,15.42,15.66,15.33,15.52,469400
MDCA,20110411,17.21,17.21,16.9,17,68400
MDCO,20110411,15.94,16.12,15.66,15.99,238300
MDM,20110411,6.52,6.54,6.38,6.38,12600
MDRX,20110411,20.64,20.84,20.5,20.57,1651300
MDSO,20110411,12.78,12.895,12.65,12.78,147800
MDVN,20110411,9.775,10.555,9.75,10.24,2684500
MELA,20110411,35.7,37.8,34.2,35.7,1047700
MELI,20110411,85.53,86.45,84.53,85.5,364900
MENT,20110411,14.4,14.53,14.25,14.3,668500
MEOH,20110411,31.71,32,31.51,31.73,271400
MERC,20110411,14.77,14.94,13.66,13.79,452700
METR,20110411,12.45,12.45,12.26,12.4,21800
MFLX,20110411,28.46,28.57,27.82,28,48500
MFNC,20110411,6.15,6.15,5.84,5.84,4100
MFRI,20110411,11.7,11.7,11.57,11.57,1000
MFSF,20110411,9.24,9.24,9.22,9.22,1000
MGEE,20110411,27.3,27.3467,26.9067,27.1,54600
MGIC,20110411,6.77,6.94,6.66,6.77,198300
MGLN,20110411,49.89,50,49.27,49.56,258200
MGPI,20110411,8.25,8.44,8.1,8.25,27000
MGRC,20110411,27.33,27.33,26.4,26.7,80500
MGYR,20110411,4.12,4.12,4.12,4.12,500
MHGC,20110411,9,9.09,8.77,8.8,117100
MHLD,20110411,7.68,7.68,7.6,7.63,184400
MIDD,20110411,30.5767,30.7967,29.8133,29.97,73100
MIND,20110411,15.21,15.21,14.63,14.75,85200
MINI,20110411,23.8,23.94,23,23.7,111700
MITL,20110411,4.73,4.83,4.62,4.76,38900
MKSI,20110411,32.22,32.39,31.49,31.56,378700
MKTX,20110411,25,25.07,24.76,24.88,78700
MLAB,20110411,29.52,29.55,29.52,29.53,500
MLHR,20110411,26.05,26.25,25.86,26.07,412700
MLNK,20110411,5.28,5.29,5.24,5.27,128300
MLNX,20110411,27.22,27.75,27.08,27.19,165100
MLVF,20110411,8.02,8.24,8.02,8.15,2900
MMLP,20110411,40.04,40.18,39.62,39.63,32300
MMSI,20110411,16.056,16.376,15.992,16.28,258800
MMYT,20110411,30.87,30.87,29.17,29.82,74200
MNDO,20110411,3.44,3.48,3.4,3.48,331800
MNKD,20110411,3.62,3.64,3.56,3.59,845000
MNOV,20110411,2.17,2.31,2.15,2.21,84000
MNRK,20110411,6.75,6.85,6.6667,6.8333,4400
MNRO,20110411,32.08,32.26,31.84,32.07,924900
MNST,20110411,31.055,31.75,30.97,31.13,601000
MNTA,20110411,15.29,15.58,15.24,15.46,362600
MNTX,20110411,6.11,6.35,6,6.2,76500
MOBI,20110411,13.61,13.61,12.15,12.55,633700
MOCO,20110411,14.87,14.87,14.55,14.69,5700
MOFG,20110411,14.57,14.68,14.16,14.2,10400
MORN,20110411,58.7,58.7,57.5,58.42,54700
MOSY,20110411,5.99,5.99,5.76,5.89,71200
MPAA,20110411,14.13,14.22,13.5,13.53,28300
MPB,20110411,8.42,8.42,8.42,8.42,0
MPEL,20110411,8.45,8.65,8.37,8.41,4986700
MPET,20110411,2.51,2.51,2.44,2.51,137200
MPWR,20110411,14.56,14.83,14.5,14.6,325900
MRCY,20110411,21.4,21.41,20.62,20.93,85600
MRGE,20110411,4.75,4.89,4.55,4.69,476200
MRLN,20110411,13.01,13.06,12.67,12.76,12100
MRTN,20110411,14.7267,14.86,14.6,14.8,27100
MRVL,20110411,16.35,16.41,15.78,16.05,24259500
MSBF,20110411,5.6,5.6,5.6,5.6,0
MSCC,20110411,21.03,21.21,20.73,20.95,640800
MSEX,20110411,18.68,18.77,18.44,18.53,18400
MSFG,20110411,9.66,9.74,9.55,9.62,35000
MSFT,20110411,26.19,26.25,25.8,25.98,34286200
MSON,20110411,2.45,2.47,2.32,2.33,5200
MSTR,20110411,131.88,133,130,131.38,61800
MTEX,20110411,16.2,16.5,16.1,16.3,25200
MTRX,20110411,13.44,13.58,12.7,13.49,139500
MTSC,20110411,44.5,44.76,44.46,44.68,29600
MTSL,20110411,1.94,1.94,1.87,1.88,2400
MTSN,20110411,2.17,2.25,2.1,2.12,243800
MU,20110411,11.09,11.13,10.69,10.74,28721900
MVIS,20110411,10.4,10.4,10,10.08,564600
MXIM,20110411,25.55,25.73,25.1,25.25,1890500
MXWL,20110411,17.28,17.42,17,17.42,175500
MYGN,20110411,20.32,20.53,20.22,20.32,379300
MYL,20110411,23.5,23.79,23.5,23.6,4883500
MYRG,20110411,23.43,24.04,23.4,23.91,122200
NAII,20110411,4.33,4.41,4.32,4.4,28000
NANO,20110411,17.3,17.3,16.68,16.7,179900
NATH,20110411,17.4,17.4,17.2,17.31,1200
NATI,20110411,32.27,32.33,31.6,31.71,231500
NATL,20110411,21.32,21.32,20.8,20.8,4100
NATR,20110411,8.89,8.91,8.62,8.62,7200
NAUH,20110411,7.45,7.5,7.39,7.44,6600
NAVG,20110411,51.99,52.2,51.78,52.09,27900
NAVI,20110411,5.49,5.5,5.48,5.5,136700
NBBC,20110411,4.44,4.45,4.4,4.43,10200
NBIX,20110411,8.13,8.17,7.88,7.91,249900
NBN,20110411,15,15,15,15,0
NBTB,20110411,22.78,23.02,22.68,22.73,33000
NCIT,20110411,24.66,24.75,24.05,24.19,22800
NCMI,20110411,18.25,18.33,18.1,18.23,476800
NCTY,20110411,6.98,7.15,6.74,6.84,45400
NDAQ,20110411,28.1,28.65,27.83,28.03,2953600
NDSN,20110411,57.115,57.55,56.8,56.93,112800
NECB,20110411,5.92,6.29,5.92,6,9100
NEOG,20110411,26.9133,27.3467,26.5467,26.78,69500
NEPT,20110411,2.72,2.72,2.44,2.5,72600
NEWP,20110411,16.55,16.61,15.97,16.2,209100
NEWS,20110411,12.06,12.09,11.72,12.01,103400
NEWT,20110411,8,8,7.65,7.8,47000
NFBK,20110411,13.59,13.65,13.49,13.57,16400
NFEC,20110411,3.29,3.3,3.2,3.22,4000
NFLX,20110411,33.2471,33.6729,32.3543,32.5943,4477600
NICE,20110411,37.35,37.49,36.97,37.43,203500
NICK,20110411,12.47,12.99,12.32,12.7,23800
NIHD,20110411,39.97,40.57,39.68,39.82,2150800
NILE,20110411,57.11,57.57,55.47,55.52,162200
NKSH,20110411,29.7,29.8,28.71,29.38,7600
NKTR,20110411,9.89,10.06,9.69,9.71,651600
NLST,20110411,2.5,2.5,2.38,2.42,455200
NMRX,20110411,9.82,9.86,9.57,9.57,18300
NNBR,20110411,17.53,17.86,17.4,17.45,112600
NPBC,20110411,7.95,8.03,7.89,7.94,263500
NRIM,20110411,19.24,19.24,19.24,19.24,100
NSEC,20110411,13.53,14.12,13.42,13.65,800
NSIT,20110411,17.5,17.65,17.4,17.53,182100
NSPH,20110411,60.8,61,60.2,60.6,52200
NSSC,20110411,2.2,2.24,2.17,2.22,25100
NSYS,20110411,3.86,3.87,3.86,3.87,1200
NTAP,20110411,46.66,47.16,46.23,47.13,4476800
NTCT,20110411,26.63,26.85,25.79,25.97,569900
NTES,20110411,52.98,53.43,52.05,52.78,623700
NTGR,20110411,32.49,32.6,31.97,32.12,281100
NTIC,20110411,15.66,15.8,15.66,15.8,2700
NTLS,20110411,18.62,18.67,18.45,18.55,166600
NTRI,20110411,14.38,14.41,14.2,14.21,160100
NTRS,20110411,52.25,52.57,52.15,52.36,1065900
NTWK,20110411,18.1,18.4,17.6,17.7,552300
NUAN,20110411,19.35,19.48,19.18,19.42,2172100
NURO,20110411,3.06,3.12,3.06,3.06,29900
NUTR,20110411,15.3,15.38,15.15,15.16,15300
NUVA,20110411,25.62,26.13,25.58,26.11,455900
NVAX,20110411,2.55,2.55,2.51,2.54,671100
NVDA,20110411,17.62,17.71,17.13,17.32,13655100
NVEC,20110411,55.86,55.86,54.8,54.82,16100
NVGN,20110411,1.65,1.67,1.59,1.59,165300
NVLS,20110411,34.18,34.43,33.46,34.06,2509100
NVMI,20110411,10.16,10.8,10.16,10.56,721100
NVSL,20110411,8.35,8.35,8.35,8.35,0
NWBI,20110411,12.26,12.37,12.26,12.28,342800
NWFL,20110411,28,28,27.99,27.99,800
NWLI,20110411,161.54,161.54,160.01,160.01,2000
NWPX,20110411,22.67,23.15,22.18,22.24,25100
NWS,20110411,18.24,18.48,18.19,18.34,1452500
NWSA,20110411,17.24,17.37,17.1,17.26,9133500
NXPI,20110411,33.5,33.84,31.9,32.21,2965700
NXST,20110411,8.49,8.53,7.75,7.83,20600
NXTM,20110411,22.24,22.52,22.23,22.43,167600
NYMT,20110411,6.91,6.99,6.8,6.81,23600
NYMX,20110411,8,8.04,7.31,7.38,57600
NYNY,20110411,0.56,0.57,0.54,0.55,74400
OBAS,20110411,8.4,8.4,8.4,8.4,0
OBCI,20110411,2.5,2.5,2.34,2.37,41300
OCC,20110411,5.02,5.02,4.52,4.75,8300
OCFC,20110411,13.56,13.56,13.35,13.42,13100
OCLR,20110411,11.15,11.23,10.8,11.02,1401200
OCLS,20110411,13.72,13.86,13.37,13.44,48300
ODFL,20110411,23.4667,23.6467,23.1267,23.2733,271300
OFED,20110411,11.93,11.93,11.91,11.91,200
OFIX,20110411,32.99,33.36,32.79,33.28,46800
OFLX,20110411,13.97,14.08,13.88,14,2500
OGXI,20110411,15.45,15.67,15.44,15.6,26800
OIIM,20110411,7.11,7.18,7.01,7.05,58700
OKSB,20110411,14.15,14.35,13.98,14.32,28200
OLBK,20110411,9.15,9.2,8.87,9.19,4100
OMAB,20110411,15.61,15.93,15.43,15.75,64600
OMCL,20110411,14.96,15.11,14.84,15.02,143400
OMER,20110411,4.73,4.75,4.53,4.6,166300
OMEX,20110411,3.06,3.22,3.06,3.2,281800
ONCY,20110411,5.81,5.82,5.69,5.76,114900
ONEQ,20110411,110.28,110.28,108.99,109.26,8600
ONFC,20110411,8.65,8.67,8.65,8.65,3500
ONTY,20110411,4.29,4.29,4.09,4.11,142200
ONVI,20110411,4.12,4.19,4,4,12700
OPHC,20110411,12.76,16.04,12.76,15.56,7100
OPOF,20110411,11.76,11.8,11.75,11.75,4200
OPTT,20110411,5.13,5.19,5.03,5.06,26100
OPXA,20110411,7.24,8.16,7.2,7.76,665100
OPXAW,20110411,0.68,0.68,0.68,0.68,0
ORBC,20110411,3.33,3.38,3.2,3.27,42400
ORBK,20110411,13.65,13.75,13.32,13.49,64400
OREX,20110411,3.1,3.1,2.89,2.95,1241900
ORIT,20110411,12.29,12.56,12.15,12.3,290200
ORLY,20110411,56.5,56.68,55.64,56.31,1159100
ORRF,20110411,27.73,29.5,26.88,27.05,9500
OSBC,20110411,1.07,1.31,1.07,1.24,265700
OSBCP,20110411,3.15,3.49,3,3.31,2200
OSHC,20110411,12.97,12.98,12.85,12.87,900
OSIR,20110411,6.94,6.94,6.67,6.72,49800
OSIS,20110411,38.52,38.52,36.38,36.79,131600
OSN,20110411,2.92,2.92,2.26,2.4,184700
OSTK,20110411,14.95,15,14.66,14.76,98600
OSUR,20110411,8.6,8.69,8.39,8.47,129100
OTEX,20110411,30.94,30.94,30.29,30.345,257500
OTIV,20110411,2.3,2.37,2.3,2.34,126200
OTTR,20110411,22.56,22.68,22.34,22.39,77600
OVBC,20110411,21.75,21.75,20.04,20.07,13400
OVLY,20110411,5.9,5.9,5.9,5.9,300
OVTI,20110411,32.82,32.84,31.35,31.83,1890800
OXGN,20110411,21.12,21.12,20.16,20.52,70600
OXLC,20110411,19.63,19.69,19.46,19.46,1800
OZRK,20110411,11.155,11.2525,11.15,11.1725,33400
PAAS,20110411,42.96,42.96,40.35,40.95,3909000
PACB,20110411,13.5,13.58,13,13.04,98600
PACW,20110411,21.9,22.15,21.8,21.9,124500
PAGG,20110411,33.16,33.24,32.86,32.93,32800
PANL,20110411,56.5,57.24,55.06,56.65,1243300
PATK,20110411,1.74,1.8533,1.74,1.82,1000
PAYX,20110411,32.06,32.46,32.02,32.3,1956400
PBCT,20110411,12.89,13.16,12.88,13.08,3636100
PBHC,20110411,10.2,10.2,10.2,10.2,0
PBIB,20110411,8.42,8.42,8.04,8.16,2100
PBIP,20110411,7.14,7.5,7.12,7.12,2300
PCAR,20110411,51.51,51.64,50.49,50.72,2163400
PCBK,20110411,9.84,10.01,9.84,9.95,16300
PCCC,20110411,9.15,9.36,9.04,9.18,33600
PCH,20110411,39.45,40.07,39.01,39.73,179900
PCLN,20110411,507.86,512.5,500.47,512.45,1074700
PCOM,20110411,9.19,9.38,9.19,9.29,27300
PCRX,20110411,7.1,7.14,7.02,7.06,35900
PCTI,20110411,7.5,7.51,7.36,7.41,19000
PCYO,20110411,3.86,4.09,3.86,4.06,13600
PDCO,20110411,33,33.18,32.95,33.07,358200
PDEX,20110411,2.38,2.39,2.28,2.28,2700
PDFS,20110411,6.74,6.86,6.5,6.5,99200
PDII,20110411,8.52,8.6,8.2,8.23,30100
PDLI,20110411,6.2,6.34,6.19,6.24,2275100
PEBK,20110411,6.35,7,6.35,6.9,6200
PEBO,20110411,13.23,13.5,12.82,13.02,28800
PEGA,20110411,19.035,19.07,18.675,18.845,79400
PEIX,20110411,7.8,7.95,7.5,7.65,1052300
PENN,20110411,37.77,38.06,37.56,37.66,290500
PERF,20110411,10.1,10.52,9.74,10.4,1200
PERY,20110411,28.54,28.63,28.18,28.38,95100
PESI,20110411,7.35,7.5,7.1,7.45,210600
PETS,20110411,15.32,15.46,15.11,15.26,124700
PFBC,20110411,1.55,1.55,1.48,1.5,70900
PFBI,20110411,7.25,7.25,7.24,7.24,2700
PFBX,20110411,15.54,15.55,14.9,15.34,4400
PFIN,20110411,3.84,4.22,3.84,3.9,9500
PFLT,20110411,13.4,13.49,13.04,13.36,409500
PFSW,20110411,5.14,5.54,5.1,5.29,288300
PGC,20110411,13.25,13.33,12.91,13.11,35400
PGNX,20110411,6.47,6.68,6.47,6.65,166600
PGTI,20110411,2.32,2.37,2.32,2.35,26500
PHII,20110411,23.08,23.4,23.04,23.4,1300
PHIIK,20110411,22.75,23.09,22.75,22.87,41800
PHMD,20110411,6.86,6.86,6.61,6.61,300
PICO,20110411,30.37,30.99,30,30.19,92000
PKBK,20110411,9.1,9.1,9,9.08,5400
PKOH,20110411,19.15,19.15,18.64,18.93,26500
PLAB,20110411,9,9,8.52,8.6,1040500
PLBC,20110411,2.51,2.51,2.46,2.46,1800
PLCE,20110411,52.53,52.95,51.95,52.44,590000
PLCM,20110411,23.735,23.745,22.89,23.045,1276600
PLNR,20110411,2.27,2.32,2.23,2.25,47500
PLPC,20110411,73.69,73.69,71.27,71.53,4600
PLTM,20110411,34,34.55,33.66,33.66,7900
PLUG,20110411,0.69,0.69,0.66,0.66,286700
PLUS,20110411,28.22,28.34,27.91,27.94,9900
PLXS,20110411,33.15,33.49,32.93,33.2,184600
PMBC,20110411,4.18,4.18,4.06,4.1,25200
PMCS,20110411,7.23,7.33,7.2,7.22,2278400
PMD,20110411,10.21,10.28,10.05,10.11,5100
PNBK,20110411,20,20,19.1,19.8,21100
PNFP,20110411,16.52,16.74,16.38,16.4,63600
PNNT,20110411,11.78,11.81,11.52,11.63,252000
PNQI,20110411,40.03,40.03,39.38,39.56,7500
PNRA,20110411,120.72,121.9,119.78,120.5,362800
PNRG,20110411,27,27,25.89,26.87,2100
PNTR,20110411,5.5,5.5,5.5,5.5,100
PODD,20110411,20.57,20.88,20.5,20.58,514500
POOL,20110411,24.58,24.86,24.58,24.81,123400
POPE,20110411,44.97,47,44.53,47,4900
POWI,20110411,38.05,38.34,37.66,37.84,160100
POWL,20110411,37.88,37.9,37.19,37.75,62700
POZN,20110411,5.77,5.86,5.66,5.69,84600
PPBI,20110411,6.61,6.71,6.61,6.68,1300
PPHM,20110411,2.66,2.66,2.53,2.54,306100
PRAA,20110411,27.6333,27.6933,27.3333,27.48,33800
PRAN,20110411,2.47,2.68,2.45,2.5,1579800
PRCP,20110411,6.24,6.29,6.17,6.17,24600
PRFT,20110411,11.83,11.92,11.63,11.79,40200
PRFZ,20110411,69.31,69.31,68.3,68.37,13500
PRGS,20110411,30.12,30.26,29.63,29.73,403100
PRGX,20110411,6.3,6.44,6.24,6.41,30100
PRIM,20110411,11.38,11.72,11.25,11.36,279600
PRKR,20110411,0.62,0.62,0.58,0.59,240500
PRMW,20110411,15.99,16.44,15.52,15.95,203100
PROV,20110411,8.23,8.31,8.09,8.17,11000
PRPH,20110411,1.12,1.22,1.12,1.19,26800
PRSC,20110411,14.13,14.24,14,14.1,18700
PRTS,20110411,8.12,8.12,7.94,7.99,32600
PRXI,20110411,18.2,18.9,17.9,17.9,68400
PRXL,20110411,25.75,26.4,25.75,26.05,241400
PSAU,20110411,51.57,51.75,50.12,50.3,5300
PSBH,20110411,5.08,5.08,4.95,4.96,2100
PSCC,20110411,31.2,31.2,30.84,30.93,9200
PSCD,20110411,28.49,28.49,28.2,28.27,7600
PSCE,20110411,41.74,41.74,40.2,40.43,60400
PSCF,20110411,27.88,27.98,27.7,27.74,5700
PSCH,20110411,31.97,32.31,31.97,32.16,37100
PSCI,20110411,30.51,30.57,30.31,30.44,3700
PSCM,20110411,30.18,30.18,29.66,29.66,1200
PSCT,20110411,31.74,31.74,31.28,31.32,42100
PSCU,20110411,28.61,28.67,28.42,28.45,5200
PSDV,20110411,3.92,4.17,3.92,4.16,100200
PSEC,20110411,11.65,11.76,11.55,11.57,932000
PSEM,20110411,9.45,9.65,9.31,9.54,56100
PSMT,20110411,38.12,38.53,38.05,38.42,89000
PSTB,20110411,4.88,4.89,4.8,4.86,31600
PSTI,20110411,3.12,3.12,3,3.06,408200
PSUN,20110411,3.88,3.89,3.64,3.72,1195000
PTEN,20110411,29.3,29.47,28.5,28.69,2340900
PTIE,20110411,9.36,9.49,9.18,9.23,207700
PTNR,20110411,19.11,19.25,19,19.03,96800
PTSI,20110411,11.95,11.95,11.26,11.26,9800
PULB,20110411,7.56,7.56,7.08,7.48,17400
PVTB,20110411,14.68,14.86,14.42,14.48,290500
PVTBP,20110411,26.35,26.35,26.35,26.35,0
PWOD,20110411,37.63,39.15,37.39,37.6,14800
PWX,20110411,16.5,16.5,16.5,16.5,0
PXLW,20110411,3.49,3.5,3.49,3.5,10000
PZZA,20110411,15.345,15.375,15.225,15.295,41700
QABA,20110411,25.36,25.36,25.18,25.18,2000
QADA,20110411,10.78,11,10.75,10.75,23200
QADB,20110411,10.74,10.74,10.4,10.46,900
QBAK,20110411,1.78,1.8,1.78,1.79,1400
QCCO,20110411,4.8,5.01,4.61,4.61,31800
QCLN,20110411,16.68,16.8,16.58,16.58,4700
QCOM,20110411,53.87,54.47,53.34,53.4,11707800
QCRH,20110411,7.94,7.94,7.29,7.44,34400
QDEL,20110411,11.75,12.02,11.71,11.96,173100
QGEN,20110411,20.37,20.47,20.04,20.13,551600
QKLS,20110411,64.56,64.56,57.36,60,111200
QLGC,20110411,17.72,17.85,17.3,17.34,1595600
QLIK,20110411,27.1,27.17,26.48,26.73,1019600
QLTI,20110411,7.63,7.91,7.61,7.75,100100
QNST,20110411,20.25,20.26,19.86,19.93,216900
QQEW,20110411,25.3,25.3,25.12,25.15,11600
QQQ,20110411,57.16,57.29,56.56,56.76,42451600
QQQX,20110411,14.99,14.99,14.69,14.73,81300
QQXT,20110411,22.72,22.74,22.64,22.68,2200
QSII,20110411,41.49,41.625,41.015,41.4,201400
QTEC,20110411,26.89,26.97,26.62,26.73,208100
QTWW,20110411,13.32,13.96,13.28,13.96,391800
QUIK,20110411,4.41,4.41,3.8,4,2134200
RADA,20110411,3.41,3.48,3.4,3.43,21900
RAIL,20110411,30.56,31.28,29.25,29.71,199900
RAND,20110411,2.81,3,2.5,2.76,21900
RAVN,20110411,28.985,29.9,28.825,29.075,75600
RBCAA,20110411,20.37,20.37,19.72,19.79,18600
RBCN,20110411,26.37,26.4,25.76,26,570000
RBPAA,20110411,1.67,1.74,1.67,1.73,600
RCII,20110411,35.23,35.55,34.79,34.92,397600
RCKY,20110411,15.02,15.2,14.85,15.05,45000
RCMT,20110411,5.35,5.45,5.34,5.34,9500
RCON,20110411,3.17,3.62,3.17,3.21,8300
RDCM,20110411,8.85,8.85,8.25,8.51,53500
RDEN,20110411,30.2,30.2,29.49,30.08,97100
RDI,20110411,4.97,4.97,4.83,4.97,46200
RDIB,20110411,7,7,7,7,0
RDNT,20110411,3.49,3.55,3.44,3.48,133200
RDWR,20110411,17.45,17.495,17.085,17.125,99700
RECN,20110411,15.21,15.45,14.91,15.09,397900
REDF,20110411,7.72,7.82,7.26,7.35,539400
REFR,20110411,6.14,6.24,6.05,6.18,48900
REGN,20110411,43.01,43.92,42.55,43.91,877200
REIS,20110411,7.85,7.94,7.7,7.9,9900
RELL,20110411,13.65,13.68,13.46,13.54,125000
RELV,20110411,1.96,2,1.96,1.97,1600
RENT,20110411,24.98,25.35,24.55,24.61,22800
REXI,20110411,6.4,6.44,6.33,6.36,9900
REXX,20110411,11.72,11.96,11.54,11.6,804000
RFIL,20110411,3.88,3.88,3.8,3.87,5100
RGCO,20110411,17.1,17.1,16.97,16.97,700
RGEN,20110411,4.08,4.08,3.98,4.01,45200
RGLD,20110411,54.29,54.36,52.56,53.11,477500
RICK,20110411,11.02,11.02,10.67,10.78,59700
RIGL,20110411,7.24,7.41,7.18,7.33,195800
RITT,20110411,6.29,6.36,6.29,6.36,700
RIVR,20110411,15.04,16.1,14.87,16.1,5600
RJET,20110411,5.79,5.81,5.62,5.77,924700
RLOC,20110411,17.84,17.98,17.37,17.58,145200
RLOG,20110411,7.96,8.1,7.74,8.05,15200
RMBS,20110411,19.26,19.57,19.07,19.52,891300
RMCF,20110411,10.43,10.53,10.27,10.38,4200
RMTI,20110411,9.01,9.17,8.96,9.04,23000
RNET,20110411,19.19,19.19,18.6,18.66,14400
RNST,20110411,16.2,16.51,16.04,16.24,26400
RNWK,20110411,3.55,3.64,3.5,3.5,414800
ROCK,20110411,12.05,12.35,12.01,12.07,80800
ROIA,20110411,2.3,2.3,2.2,2.22,7600
ROIAK,20110411,2.16,2.2,2,2.1,628400
ROIC,20110411,10.51,10.65,10.38,10.38,267700
ROLL,20110411,37.66,37.68,36.91,37.17,50900
ROSG,20110411,7.2,7.5,7.2,7.35,41600
ROST,20110411,17.6675,17.87,17.605,17.8125,910000
ROVI,20110411,51.75,51.88,50.7,50.89,1164300
ROYL,20110411,5.41,5.55,5.13,5.17,1756000
RP,20110411,26.99,27.98,26.43,26.69,230200
RPRX,20110411,5.11,5.17,4.89,4.93,214500
RPTP,20110411,3.35,3.38,3.29,3.29,33900
RRD,20110411,19.46,19.55,19.35,19.47,1058000
RRGB,20110411,26.01,26.34,25.89,26.22,225000
RSTI,20110411,37.31,37.31,36.26,36.69,94600
RSYS,20110411,8.62,8.8,8.62,8.79,25300
RTIX,20110411,2.73,2.84,2.72,2.79,83200
RUSHA,20110411,20.81,21.07,20.81,20.92,157800
RUSHB,20110411,18.54,18.55,18.54,18.54,400
RUTH,20110411,5.03,5.04,4.91,4.97,150600
RVSB,20110411,3.06,3.06,3.01,3.01,14000
RXII,20110411,1.31,1.35,1.26,1.34,485500
RYAAY,20110411,28.73,28.76,28.42,28.75,214200
SAAS,20110411,3.34,3.34,3.24,3.25,49500
SAFM,20110411,44.05,44.36,43.68,43.72,235900
SAFT,20110411,47.2,47.59,46.97,47.14,23400
SAIA,20110411,10.3533,10.5467,10.34,10.4067,37200
SALM,20110411,3.66,3.69,3.65,3.69,3600
SANM,20110411,11.07,11.18,10.87,11.03,922900
SANW,20110411,4.04,4.04,3.9,4.02,4200
SASR,20110411,18.39,18.86,18.3,18.57,44700
SATS,20110411,36.47,36.94,35.13,35.31,337300
SBAC,20110411,39.19,39.29,38.73,38.76,1916800
SBBX,20110411,6.1,6.25,6.1,6.18,3200
SBCF,20110411,9.15,9.25,9.05,9.15,602500
SBGI,20110411,11.61,11.7,11.21,11.26,614900
SBLK,20110411,35.55,35.85,34.95,35.4,124800
SBNY,20110411,56.11,56.74,55.5,55.98,148600
SBNYW,20110411,33.65,33.66,33.49,33.49,500
SBRA,20110411,17.6,17.99,17.56,17.67,85600
SBSA,20110411,0.84,0.86,0.84,0.84,5100
SBSI,20110411,21.2762,21.3714,20.981,21.1143,37400
SBUX,20110411,17.94,18.1,17.605,17.745,4789900
SCHL,20110411,26.83,26.94,26.44,26.68,147300
SCHN,20110411,63.04,63.64,60.71,61.35,402100
SCLN,20110411,4.52,4.79,4.51,4.65,423600
SCMP,20110411,4.23,4.26,3.84,4.23,9100
SCON,20110411,39.12,39.48,36.72,37.68,353400
SCOR,20110411,28.99,29.29,28.58,29,132400
SCSC,20110411,36,36.6,35.48,35.68,86800
SCSS,20110411,12.58,12.73,12.36,12.47,479800
SCVL,20110411,18.7333,18.9267,18.5867,18.6467,82500
SEAC,20110411,10.95,10.99,10.54,10.58,183200
SEED,20110411,7.45,7.54,7.09,7.15,333000
SEIC,20110411,23.47,23.71,23.33,23.38,627500
SENEA,20110411,28.39,28.62,27.88,28.08,28400
SENEB,20110411,28.26,28.26,28.25,28.25,200
SFLY,20110411,52.01,52.64,50.88,51.38,169400
SFNC,20110411,26.72,26.91,26.46,26.46,17100
SFST,20110411,7.68,7.68,7.68,7.68,100
SGC,20110411,11.72,11.75,11.51,11.54,600
SGEN,20110411,15.73,15.93,15.62,15.86,537300
SGI,20110411,20.16,20.9,20.01,20.23,589500
SGMA,20110411,5.18,5.19,5.16,5.16,1400
SGMO,20110411,7.72,7.73,7.35,7.46,609100
SGMS,20110411,9.13,9.18,8.9,8.95,502800
SGOC,20110411,2.59,3,2.59,2.89,26600
SGRP,20110411,1.78,1.78,1.57,1.75,12500
SHBI,20110411,9.71,9.84,9.7,9.75,38600
SHEN,20110411,18.5,18.76,18.37,18.48,24200
SHIP,20110411,0.6,0.62,0.58,0.59,95200
SHLD,20110411,79.22,79.23,77.94,78.27,218800
SHLM,20110411,24.69,25.1,24.69,24.93,282900
SHLO,20110411,10.8,11.26,10.75,11.01,16700
SHOO,20110411,21.3867,21.5422,21.16,21.3378,119300
SHOR,20110411,9.04,9.13,8.9,9,281000
SIAL,20110411,64.88,65.12,64.26,64.36,305500
SIEB,20110411,1.82,1.82,1.82,1.82,100
SIFI,20110411,10,10.04,9.95,10.02,10500
SIFY,20110411,4.25,4.56,4.24,4.52,1479100
SIGI,20110411,17.86,18.03,17.85,17.92,93700
SIGM,20110411,12.72,12.75,12.41,12.56,135800
SILC,20110411,19.56,19.58,19.15,19.49,15300
SIMO,20110411,8.82,9.84,8.81,9.81,1404100
SINA,20110411,114.96,118.76,111.41,116.27,6623900
SINO,20110411,2.11,2.15,2.02,2.02,4100
SIRI,20110411,1.76,1.8,1.76,1.78,51618600
SIRO,20110411,51.69,52.19,51.63,51.8,255100
SIVB,20110411,57.76,58,57.18,57.37,287000
SIVBO,20110411,24.77,25,24.77,25,3000
SKBI,20110411,5.94,5.94,5.22,5.48,105000
SKYW,20110411,15.75,16,15.65,15.9,243200
SLAB,20110411,43.34,43.55,42.88,43.09,127300
SLGN,20110411,37.45,37.99,37.13,37.42,143100
SLMAP,20110411,43.99,44.08,43.94,44.05,6200
SLP,20110411,3.29,3.34,3.21,3.23,9000
SLRC,20110411,24.27,24.99,24.27,24.46,350700
SLTC,20110411,5.26,5.37,5.26,5.35,2000
SMBC,20110411,14,14,12.375,12.375,5200
SMCI,20110411,16.13,16.13,15.4,15.5,111900
SMED,20110411,4.78,4.83,4.56,4.56,70900
SMIT,20110411,4,4.08,4,4,500
SMMF,20110411,3.69,3.87,3.66,3.67,3500
SMRT,20110411,10.32,10.43,10.22,10.29,268400
SMSI,20110411,9.11,9.11,8.9,8.97,269300
SMT,20110411,9.74,9.8,9.23,9.41,462600
SMTC,20110411,26.16,26.29,25.7,25.97,418300
SMTX,20110411,2.6,2.61,2.54,2.56,72900
SNAK,20110411,3.91,4,3.87,4,62900
SNBC,20110411,17.9,18.35,17.85,18.15,261000
SNCR,20110411,33.34,33.48,32.29,32.7,207800
SNDK,20110411,46.87,47.15,46.17,46.43,4359300
SNFCA,20110411,1.68,1.68,1.68,1.68,0
SNHY,20110411,29.4667,29.5933,28.9,29.04,35800
SNMX,20110411,6.11,6.2,5.94,5.99,74900
SNPS,20110411,27.23,27.46,27.2,27.32,451300
SNSS,20110411,2.13,2.37,2.12,2.29,1039200
SNTA,20110411,5.28,5.31,5.25,5.26,43400
SOCB,20110411,3.21,3.21,3.21,3.21,0
SODA,20110411,42.08,42.25,40.51,41.15,233700
SOFO,20110411,14.52,14.87,14.4,14.4,6700
SOHU,20110411,97.15,97.89,92.85,94.74,1589900
SONA,20110411,7.25,7.25,7.19,7.2,6400
SONC,20110411,9.27,9.32,8.9,8.96,748100
SONS,20110411,17.9,17.95,17.3,17.6,2761900
SORL,20110411,5.84,5.88,5.72,5.77,105700
SOXX,20110411,59.46,59.51,58.72,58.93,123700
SPAN,20110411,14.96,14.96,14.8,14.81,400
SPAR,20110411,6.8,6.9,6.46,6.51,124100
SPEX,20110411,8.4,8.6,8,8.2,62900
SPIL,20110411,6.3,6.32,6.17,6.22,1195400
SPLS,20110411,20.22,20.5,20.19,20.25,6071100
SPNC,20110411,4.95,4.98,4.75,4.97,208800
SPNS,20110411,3.83,3.96,3.83,3.96,4800
SPPI,20110411,9.06,9.06,8.58,8.67,1055700
SPRO,20110411,2.25,2.25,2.25,2.25,400
SPRT,20110411,5.25,5.36,5.21,5.34,91900
SPSC,20110411,13.82,13.91,13.65,13.66,42200
SPTN,20110411,15.36,15.53,15.35,15.42,33400
SPU,20110411,3.63,3.75,3.54,3.56,167600
SQI,20110411,14.49,14.49,13.96,14.02,37900
SQNM,20110411,6.85,6.91,6.74,6.85,1121100
SQQQ,20110411,412,424.96,408.8,420.48,749800
SRCE,20110411,20.39,20.81,20.39,20.49,22900
SRCL,20110411,89.66,91.15,89.61,90.35,463800
SRDX,20110411,12.65,12.75,12.64,12.73,23400
SREV,20110411,12.78,12.79,12.28,12.55,237000
SSBI,20110411,6.9,6.9,6.9,6.9,0
SSFN,20110411,5.8,6.05,5.76,5.8,2500
SSNC,20110411,20.14,20.26,20.02,20.09,37900
SSRI,20110411,35.14,35.25,33.48,34.01,1653100
SSYS,20110411,50.36,51.23,47.09,48.31,520000
STAA,20110411,5.1,5.1,5.01,5.08,82500
STBA,20110411,21.71,21.93,21.48,21.8,53200
STEM,20110411,0.78,0.8,0.75,0.78,619300
STFC,20110411,17.47,17.56,17.39,17.44,29700
STKL,20110411,7.9,7.9,7.71,7.73,236500
STLD,20110411,18.82,18.91,18.18,18.42,2829400
STLY,20110411,5.02,5.02,4.85,4.85,13100
STMP,20110411,12.71,12.98,12.52,12.66,22200
STNR,20110411,45.37,45.93,44.56,45.17,21500
STPP,20110411,54.24,54.24,54.24,54.24,0
STRA,20110411,142.5,145.51,140.47,140.85,173700
STRL,20110411,16.17,16.17,15.84,15.97,52100
STRM,20110411,1.78,1.87,1.74,1.87,26900
STRS,20110411,12.8,12.8,12.18,12.6,4200
STRT,20110411,33.45,33.45,33.45,33.45,400
STX,20110411,15.9,15.96,15.66,15.74,12539700
STXS,20110411,40.5,41.1,39.2,39.6,160400
SUBK,20110411,20.45,21.41,20.45,20.69,49100
SUMR,20110411,8.67,8.77,8.56,8.62,150300
SUNS,20110411,18.63,18.88,18.51,18.55,74600
SURG,20110411,5.55,5.59,5.41,5.46,84300
SVA,20110411,4.06,4.06,3.97,4.04,89800
SVBI,20110411,4.95,4.99,4.52,4.58,6200
SWHC,20110411,3.5,3.54,3.5,3.51,185600
SWIR,20110411,11.3,11.38,11.2,11.28,104500
SWKS,20110411,27.63,27.81,26.94,27.13,6216600
SWSH,20110411,81.8,89,81,83.5,1629700
SYBT,20110411,24.95,25.05,24.77,25.04,11600
SYKE,20110411,20.08,20.54,19.86,20.16,219800
SYMC,20110411,18.66,18.69,18.39,18.42,13581400
SYMX,20110411,3.25,3.49,3.16,3.31,2627700
SYNA,20110411,25.2,25.95,25.2,25.91,333400
SYNL,20110411,13.05,13.05,12.78,12.97,4200
SYNT,20110411,28.65,29.255,27.935,28.15,364700
SYPR,20110411,3.79,3.82,3.76,3.8,6100
SYUT,20110411,11.2,11.2,10.95,10.98,185700
TACT,20110411,11.58,11.88,11.54,11.88,429800
TAIT,20110411,1.47,1.47,1.47,1.47,100
TASR,20110411,3.92,3.97,3.88,3.9,241500
TAST,20110411,9.31,9.31,9.05,9.09,49000
TATT,20110411,5.57,5.57,5.39,5.55,300
TAXI,20110411,8.9,9,8.83,8.93,30800
TAYD,20110411,5.94,5.94,5.53,5.6,6300
TBBK,20110411,9.33,9.37,9.26,9.35,50900
TBNK,20110411,20.03,20.43,20.03,20.06,21600
TCBI,20110411,25.53,25.65,25.25,25.5,296800
TCBK,20110411,15.7,15.82,15.5,15.6,16300
TCCO,20110411,9.95,9.95,9.85,9.95,14200
TCRD,20110411,13.51,13.9,13.51,13.61,29000
TCX,20110411,3.24,3.44,3.24,3.36,75700
TEAR,20110411,2.01,2.04,1.97,2.04,2700
TECD,20110411,52.38,52.52,51.59,51.9,324900
TECH,20110411,73.85,74.42,73.12,73.77,41200
TESO,20110411,20.61,20.81,19.6,19.77,177000
TESS,20110411,10.96,11.41,10.95,11.11,42500
TFM,20110411,38.25,38.38,37.76,38,39700
TFSL,20110411,10.58,10.7,10.54,10.62,119300
TGA,20110411,15.44,15.47,14.88,15.05,184800
THFF,20110411,32.65,33.04,32.42,32.5,8400
THLD,20110411,1.84,1.97,1.81,1.95,195500
THOR,20110411,27.41,27.49,26.96,27.25,357000
THRX,20110411,25.98,26.47,25.69,26.12,639600
THTI,20110411,3.65,3.65,3.65,3.65,300
TICC,20110411,10.96,11.24,10.95,11.09,263300
TIGR,20110411,4.31,4.31,4.23,4.23,14700
TINY,20110411,5.16,5.21,5.05,5.06,116000
TISA,20110411,1.24,1.24,1.24,1.24,300
TITN,20110411,26.27,26.86,26.12,26.63,94900
TIVO,20110411,8.64,8.72,8.36,8.42,4243500
TLF,20110411,4.89,4.89,4.77,4.77,6600
TNAV,20110411,12.27,12.48,11.81,11.82,120600
TNDM,20110411,15.1,15.19,14.75,14.89,412700
TOPS,20110411,4.97,5.39,4.97,5.18,109200
TORM,20110411,17.6,18.73,16.96,18.68,45900
TOWN,20110411,15.04,15.61,15.04,15.28,35800
TQQQ,20110411,20.955,21.0975,20.3225,20.5275,294100
TRAK,20110411,22.61,22.61,21.86,21.92,190900
TREE,20110411,5.34,5.39,5.19,5.22,11100
TRIB,20110411,9.36,9.38,9.29,9.38,86700
TRMB,20110411,25.15,25.275,24.68,24.86,497600
TRMK,20110411,24.01,24.16,23.69,23.77,125300
TRNS,20110411,8.66,9.5,8.5,9.49,7600
TRNX,20110411,19.19,19.59,19,19.28,59100
TROW,20110411,68.25,68.3,66.92,67.3,1002800
TRS,20110411,21.03,21.22,20.88,21.11,105700
TRST,20110411,6,6.07,5.95,5.96,123600
TRUE,20110411,0.65,0.65,0.55,0.57,3700
TSBK,20110411,5.45,5.45,5.45,5.45,200
TSCO,20110411,31.69,32.28,31.37,31.5,733200
TSEM,20110411,20.55,20.7,20.25,20.25,362200
TSLA,20110411,26.47,26.53,25.02,25.27,1372200
TSRA,20110411,18.49,18.49,17.78,17.85,254300
TSRI,20110411,5.05,5.05,5.05,5.05,0
TST,20110411,3.57,3.64,3.5,3.63,106500
TSYS,20110411,4.4,4.4,4.2,4.22,214000
TTEC,20110411,20.5,20.74,20.37,20.52,276700
TTEK,20110411,24.46,24.64,24.23,24.34,126700
TTGT,20110411,8.44,8.62,8.37,8.45,40200
TTHI,20110411,3.88,4.05,3.85,3.94,89900
TTMI,20110411,18.09,18.27,17.06,17.29,1101300
TTWO,20110411,15.54,15.65,15.28,15.46,1558100
TUES,20110411,4.98,5.08,4.93,5.06,159000
TW,20110411,55.55,55.71,55.14,55.38,143100
TWER,20110411,3.84,3.84,3.73,3.75,173500
TWIN,20110411,30.75,30.96,29.76,30.16,67200
TWMC,20110411,1.61,1.68,1.61,1.66,1500
TXN,20110411,35.12,35.36,34.81,34.93,9893200
TXRH,20110411,16.42,16.44,15.96,16.24,1151200
TYPE,20110411,13.9,14,13.59,13.72,131100
TZOO,20110411,76.63,77.41,71.25,73.48,669300
UACL,20110411,16.55,16.55,16.24,16.24,2700
UBCP,20110411,8.11,8.4,8.11,8.4,3900
UBFO,20110411,3.53,3.66,3.49,3.56,4000
UBNK,20110411,16.08,16.09,15.99,16,14600
UBOH,20110411,9.1,9.1,9.1,9.1,100
UBSH,20110411,11.79,11.95,11.66,11.77,41500
UBSI,20110411,26.42,26.67,26.35,26.39,52400
UCBA,20110411,7.23,7.23,7.16,7.16,1300
UCBI,20110411,2.42,2.56,2.31,2.39,1303000
UCFC,20110411,1.2,1.21,1.17,1.18,11100
UCTT,20110411,9.95,10.25,9.82,10.14,52900
UEIC,20110411,28.19,28.62,27.95,28.21,33500
UEPS,20110411,8.69,8.89,8.65,8.84,277500
UFCS,20110411,21,21.28,20.88,20.91,23000
UFPI,20110411,35.87,35.98,35.41,35.7,48400
UFPT,20110411,18.25,18.4,18.08,18.13,66400
UG,20110411,14.56,14.71,14.5,14.59,1400
UHAL,20110411,101.37,101.37,98.2,98.85,90600
ULBI,20110411,4.68,4.71,4.65,4.7,41500
ULTA,20110411,51.2,51.82,50.69,51.12,576600
ULTI,20110411,55.75,55.85,54.72,55.04,90700
ULTR,20110411,5.18,5.35,5.18,5.26,71600
UMBF,20110411,37.98,38.05,37.83,37.86,121000
UMPQ,20110411,11.16,11.32,11.1,11.3,809400
UNAM,20110411,9.44,9.85,9.44,9.8,700
UNB,20110411,19,19,19,19,0
UNFI,20110411,44.42,44.78,44.28,44.49,106700
UNIS,20110411,5.13,5.25,5.11,5.12,102300
UNTD,20110411,6.33,6.39,6.25,6.31,463600
UNTY,20110411,6.76,7.1,6.74,6.97,14900
UNXL,20110411,6.72,6.72,6.24,6.5,10000
URBN,20110411,31.05,31.45,30.99,31.3,2137800
URRE,20110411,21.4,21.7,20.3,20.6,2033800
USAK,20110411,12.58,12.84,12.53,12.53,12600
USAP,20110411,32.88,33.16,32,32.01,14100
USAT,20110411,2.24,2.33,2.11,2.12,511900
USATP,20110411,19,19,19,19,0
USBI,20110411,7.75,7.75,7.6,7.68,500
USCR,20110411,9.07,9.45,9.07,9.45,1100
USEG,20110411,6.44,6.47,6.22,6.27,162900
USLM,20110411,40.97,41.13,40.75,40.75,2700
UTEK,20110411,26.22,26.65,25.89,26.03,198300
UTHR,20110411,65.85,66.58,65.39,66.1,516800
UTIW,20110411,20.48,20.54,20.13,20.41,273500
UTMD,20110411,28.93,29.3,28.93,29.3,400
UTSI,20110411,8.31,8.43,7.77,7.92,1518400
UVSP,20110411,17.12,17.14,16.98,16.99,16700
VALU,20110411,14.44,14.65,14.41,14.45,1900
VASC,20110411,10.98,11,10.96,10.96,35800
VBFC,20110411,44.8,44.8,44.8,44.8,400
VCIT,20110411,78.91,78.91,78.63,78.74,248300
VCLT,20110411,76.44,76.5,76.14,76.3,17600
VCSH,20110411,77.59,77.6,77.49,77.57,86400
VDSI,20110411,13.67,13.77,13.5,13.6,129100
VECO,20110411,49.16,49.83,48.39,48.64,866900
VGIT,20110411,60.42,60.45,60.33,60.45,2600
VGLT,20110411,58.15,58.26,58.14,58.26,6300
VGSH,20110411,60.55,60.55,60.48,60.52,7600
VIA,20110411,54.06,54.56,53.85,53.92,20400
VIAB,20110411,47.13,47.87,47.13,47.31,3106200
VICL,20110411,3.22,3.35,3.2,3.3,1177800
VICR,20110411,16.39,16.66,16.2,16.34,49900
VIMC,20110411,3.06,3.06,2.95,2.99,59100
VIRC,20110411,3.29,3.29,3.2,3.2,600
VISN,20110411,82,86.4,82,84.4,90800
VIVO,20110411,24.06,24.17,23.99,24,119600
VLGEA,20110411,27.8,28.06,27.31,27.44,7600
VMBS,20110411,50.24,50.24,50.04,50.13,900
VNDA,20110411,7.6,7.6,7.26,7.31,192200
VNQI,20110411,51.58,51.58,50.94,51.03,54300
VOD,20110411,29.23,29.4,29.05,29.12,5133600
VONE,20110411,60.66,60.66,60.66,60.66,0
VONG,20110411,61.93,61.93,61.76,61.84,600
VONV,20110411,60.11,60.11,59.87,59.87,700
VOXX,20110411,7.5,7.68,7.32,7.4,54000
VRA,20110411,43.17,43.63,42.23,43.17,105700
VRML,20110411,4.38,4.59,4.38,4.47,59500
VRNT,20110411,36,36.49,35.35,35.55,296200
VRSK,20110411,32.54,32.6,32.24,32.54,672900
VRSN,20110411,36.45,36.6,35.91,36.09,1812800
VRTA,20110411,4.88,5.2,4.8,5.04,4500
VRTB,20110411,6.28,6.28,6.04,6.04,4300
VRTS,20110411,56.32,56.93,55.23,55.49,49700
VRTU,20110411,18.6,18.86,18.6,18.76,67100
VRTX,20110411,48.28,48.94,47.57,48.22,2147000
VSAT,20110411,39.36,39.46,39.05,39.07,104900
VSCP,20110411,19.4,20.8,19.4,19.9,70500
VSEC,20110411,29.13,30.13,29,30.06,10800
VTHR,20110411,61.39,61.4,61.03,61.03,1200
VTWG,20110411,68.58,68.58,68.08,68.18,1500
VTWO,20110411,66.55,66.57,65.62,65.83,22900
VTWV,20110411,63.24,63.24,63.24,63.24,400
VVUS,20110411,6.85,6.85,6.56,6.62,4255300
VXUS,20110411,51.97,52.06,51.55,51.62,30500
WABC,20110411,51.1,51.1,50.61,50.74,51800
WAFD,20110411,17.01,17.16,16.81,16.81,449900
WASH,20110411,22.65,22.97,22.35,22.37,20300
WAVX,20110411,13.2,13.36,12.64,12.68,362700
WAYN,20110411,8.5,8.62,8.5,8.5,2400
WBKC,20110411,14.36,14.36,14.36,14.36,100
WBMD,20110411,49.98,50.24,49.04,49.19,587100
WDC,20110411,38.75,39.17,38.12,38.74,3142500
WDFC,20110411,40.81,41.22,40.53,41.14,81000
WERN,20110411,25.68,25.85,25.55,25.7,462500
WEYS,20110411,24.01,24.29,23.85,23.92,3200
WFD,20110411,8.93,9.01,8.91,8.97,37600
WFM,20110411,31.46,31.745,31.34,31.58,1521100
WIBC,20110411,5.07,5.24,5.07,5.22,89600
WILC,20110411,7.8,7.85,7.75,7.77,12700
WIN,20110411,12.62,12.66,12.54,12.65,3638000
WINA,20110411,40.5,43.36,40.5,41.36,12700
WIRE,20110411,25.18,25.36,25,25.07,88800
WLDN,20110411,4.07,4.2,4.07,4.2,2800
WLFC,20110411,13,13.06,12.95,13.01,2000
WMAR,20110411,9.87,10.2,9.87,10.2,74800
WMGI,20110411,15.5,15.54,15.42,15.51,277600
WOOD,20110411,50.32,50.32,49.7,49.78,36900
WOOF,20110411,24.44,24.61,24.1,24.15,349500
WPCS,20110411,383.46,386.54,381.92,385,22300
WPPGY,20110411,61.49,61.69,61.02,61.31,68200
WPRT,20110411,26.86,26.87,23.4,23.45,2770500
WRES,20110411,4.81,4.92,4.59,4.62,606500
WRLD,20110411,63.94,65.94,63.94,65.03,125800
WSBC,20110411,20.7,20.73,20.28,20.42,30200
WSBF,20110411,3.05,3.14,3.05,3.11,28400
WSCI,20110411,4.64,4.64,4.59,4.61,5700
WSFS,20110411,15.87,15.87,15.6767,15.6833,31400
WSTG,20110411,13.75,13.96,13.65,13.7,9100
WSTL,20110411,3.67,3.77,3.64,3.7,269000
WTBA,20110411,7.79,7.79,7.37,7.48,12100
WTFC,20110411,37.1,37.32,36.97,37.23,233900
WTFCW,20110411,19,19,19,19,0
WVFC,20110411,8.82,8.82,8.82,8.82,100
WVVI,20110411,3.15,3.2,3.11,3.11,900
WWD,20110411,33.48,34,33.25,33.45,201100
WWWW,20110411,14.33,14.76,14.08,14.2,174200
WYNN,20110411,133.08,133.75,130.88,131.97,1161100
XBKS,20110411,4.45,4.57,4.45,4.49,24700
XLNX,20110411,31.73,31.73,31.27,31.32,2765500
XNPT,20110411,9.35,9.75,9.2,9.3,1784300
XOMA,20110411,3.01,3.18,3,3.04,761400
XRAY,20110411,36.61,36.89,36.49,36.6,524500
XXIA,20110411,14.96,15.16,14.75,15.12,592000
YHOO,20110411,16.88,16.96,16.37,16.59,34843400
YORW,20110411,17.01,17.02,16.66,16.66,17400
YRCW,20110411,1.7,1.72,1.6,1.67,827700
ZAGG,20110411,8.31,8.32,7.62,7.73,762100
ZBRA,20110411,38.36,38.55,38.11,38.39,210500
ZEUS,20110411,33.09,33.4,31.77,32.26,87100
ZGNX,20110411,38.32,39.04,38.24,38.48,24500
ZHNE,20110411,2.65,2.7,2.58,2.69,48100
ZINC,20110411,16.77,16.97,16.27,16.51,288400
ZION,20110411,24.32,24.35,24.13,24.16,3228500
ZIONW,20110411,7.54,7.55,7.51,7.54,10100
ZIOP,20110411,6.4,6.41,6.25,6.26,302000
ZIXI,20110411,3.76,3.77,3.65,3.66,639800
ZN,20110411,5.16,5.45,5.02,5.18,218200
ZUMZ,20110411,27.95,28.36,27.59,27.74,372900
