AAME,20110819,1.98,1.98,1.76,1.81,4000
AAON,20110819,7.08,7.4355,7.08,7.1067,117400
AAPL,20110819,51.7386,52.4286,50.8571,50.8614,27710000
AAWW,20110819,42.4,42.4,39.66,41.51,331900
AAXJ,20110819,52.74,53.89,52.67,52.72,398000
ABAX,20110819,22.12,23.27,21.66,22.25,165200
ABCB,20110819,9,9.16,8.94,9.03,170800
ABCD,20110819,2.82,2.9,2.78,2.83,45100
ABCO,20110819,28.09,28.955,27.795,28.495,98900
ABCW,20110819,0.61,0.67,0.61,0.62,11100
ABIO,20110819,6.72,7.38,6.3,7.26,20100
ABMD,20110819,11.21,11.99,11.21,11.63,210700
ABTL,20110819,4.3,4.35,4.2,4.25,59700
ACAD,20110819,1.32,1.4,1.32,1.34,367600
ACAS,20110819,7.79,8.06,7.63,7.75,7071900
ACAT,20110819,12.48,13.06,12.35,12.54,95600
ACET,20110819,5.29,5.47,5.08,5.12,143700
ACFC,20110819,3.62,3.93,3.46,3.64,8100
ACGL,20110819,32.62,32.95,32.29,32.37,752800
ACHN,20110819,5.07,5.48,5.07,5.31,361900
ACIW,20110819,9.38,9.83,9.2767,9.34,211900
ACLS,20110819,1.29,1.36,1.27,1.3,631200
ACNB,20110819,14.2,14.2,14.1,14.16,1200
ACOR,20110819,24.48,25.68,24.41,25.15,637300
ACPW,20110819,6.75,7,6.5,6.55,385300
ACRX,20110819,3.43,3.5,3.43,3.45,400
ACTG,20110819,33.04,35.25,32.39,34.31,926500
ACTS,20110819,1.91,1.94,1.85,1.89,15600
ACUR,20110819,2.97,3.25,2.84,3.17,99000
ACWI,20110819,40.89,41.79,40.55,40.56,825000
ACWX,20110819,37.68,38.56,37.44,37.51,120800
ACXM,20110819,9.35,9.63,9.2,9.4,825500
ADAT,20110819,1.7,1.78,1.7,1.76,47800
ADBE,20110819,23.12,23.67,22.67,22.69,7304400
ADEP,20110819,3.74,3.75,3.23,3.33,8400
ADI,20110819,30.55,32.02,30.5,30.8,8084200
ADP,20110819,40.2722,41.317,40.2108,40.6673,6197000
ADRA,20110819,23.67,24.17,23.65,23.72,2100
ADRD,20110819,18.78,19.1,18.59,18.64,46600
ADRE,20110819,39.34,40.28,39.19,39.29,67200
ADRU,20110819,17.67,18.58,17.67,18.19,3300
ADSK,20110819,27.3,27.4,22.99,23.41,19673500
ADTN,20110819,27,27.92,26.73,27.1,862200
ADUS,20110819,4.71,4.84,4.5,4.5,18200
AEGR,20110819,13.58,14.25,13.19,13.22,155200
AEHR,20110819,1.21,1.21,1.21,1.21,200
AEIS,20110819,9,9.42,8.95,9.04,578800
AEPI,20110819,23.75,24.61,23.75,24.16,29300
AETI,20110819,3.53,3.55,3.13,3.55,5600
AEY,20110819,2.24,2.26,2.19,2.26,6500
AEZS,20110819,10.38,10.8,10.02,10.26,1625400
AFAM,20110819,18.1,18.74,17.79,17.83,103000
AFCB,20110819,11.6,11.93,11.6,11.6,5700
AFFX,20110819,4.61,4.65,4.46,4.53,1331300
AFOP,20110819,3.755,3.82,3.625,3.675,60000
AFSI,20110819,21.26,21.92,21.26,21.66,348700
AGEN,20110819,0.57,0.57,0.5,0.5,233200
AGII,20110819,27.64,28.2,27.64,27.79,151600
AGNC,20110819,29,29.05,28.51,28.61,6925100
AGYS,20110819,7.63,8.02,7.63,7.74,119600
AHGP,20110819,44.5,45.03,43.8,44.14,99200
AHPI,20110819,3.78,3.78,3.55,3.6,1900
AIMC,20110819,13.96,14.47,13.59,13.88,462700
AINV,20110819,8.03,8.38,7.93,8.03,1661500
AIRM,20110819,20.5967,21.35,20.06,20.2533,47300
AIRT,20110819,7.8,7.9,7.8,7.8,1200
AIXG,20110819,20.41,21.33,20.3,20.35,784400
AKAM,20110819,20.57,21.27,20.2,20.28,4061900
AKRX,20110819,7.32,7.85,7.29,7.65,676300
ALCO,20110819,21.33,22.19,20.45,21.05,21200
ALGN,20110819,16.5,17.16,16.24,16.64,1494100
ALGT,20110819,42.78,44.82,42.64,43.76,234800
ALIM,20110819,7.08,7.28,7.02,7.15,43500
ALKS,20110819,14.05,14.85,14.04,14.78,1199300
ALLB,20110819,10.5,10.62,10.49,10.62,1400
ALLT,20110819,10.5,10.55,9.44,9.75,737400
ALNY,20110819,6.55,6.86,6.55,6.62,149700
ALOG,20110819,42.9,46,42.9,44.58,40700
ALOT,20110819,7.17,7.45,7.17,7.45,500
ALSK,20110819,7.01,7.19,7,7.04,576900
ALTR,20110819,33.77,34.59,32.98,33.01,6677500
ALXA,20110819,11.9,12.6,11,12.5,734700
ALXN,20110819,49.77,51.74,49.73,50.46,1509100
AMAG,20110819,13.87,14.38,13.87,14.05,222300
AMAT,20110819,10.87,11.18,10.8,10.82,16116800
AMCC,20110819,5.15,5.36,5.02,5.19,1043900
AMCN,20110819,2.18,2.4,2.1,2.22,530000
AMCX,20110819,32.66,34.44,32.32,33.05,694500
AMD,20110819,5.72,6.09,5.71,5.98,37997100
AMED,20110819,15.23,15.61,15.14,15.46,613900
AMGN,20110819,50.79,52.42,50.74,51.98,9436900
AMIC,20110819,5.1,5.1,5.1,5.1,100
AMKR,20110819,3.84,4.03,3.83,3.96,2931700
AMNB,20110819,18.22,18.7,18,18.3,11800
AMOT,20110819,5.42,5.42,5.2,5.24,9800
AMOV,20110819,23.27,23.36,22.99,23.32,4000
AMRB,20110819,5.2,5.25,5.15,5.15,3800
AMRI,20110819,3.59,3.6,3.46,3.49,160200
AMRN,20110819,10.69,11.17,9.9,10.1,4977300
AMRS,20110819,19.61,20.25,19.08,19.49,260500
AMSC,20110819,56.3,57.7,53.8,54.1,1262900
AMSF,20110819,18.51,19.09,18.51,18.8,56100
AMSG,20110819,19.78,20.42,19.64,19.92,124900
AMSWA,20110819,6.16,6.38,6.03,6.13,110700
AMWD,20110819,13.23,14.16,13.23,13.68,17000
AMZN,20110819,179.94,190,177.55,178.93,7248400
ANAC,20110819,4.73,4.99,4.4,4.45,100200
ANAD,20110819,2.31,2.43,2.31,2.38,922600
ANAT,20110819,75.36,75.36,72.05,72.5,43800
ANCB,20110819,8.15,8.15,8.15,8.15,0
ANCX,20110819,8.05,8.29,8.05,8.08,6200
ANDE,20110819,24.9867,26.0133,24.9867,25.5867,138100
ANGO,20110819,13.62,13.8,13.35,13.44,71500
ANIK,20110819,5.94,5.99,5.87,5.87,34500
ANSS,20110819,46,47.76,45.83,45.98,452500
ANTH,20110819,43.28,44.72,42.16,43.6,70600
AOSL,20110819,7.91,8.22,7.91,8.06,88000
APEI,20110819,35.71,36.62,34.4,34.84,235300
APOG,20110819,8.45,8.75,8.21,8.24,211800
APOL,20110819,44.79,45.8,44.68,44.93,2007400
APPY,20110819,3.96,3.96,3.96,3.96,0
APRI,20110819,4.1,4.2,3.98,3.99,166200
APWC,20110819,3.36,3.94,3.36,3.4,6100
ARAY,20110819,4.65,5.27,4.51,4.52,650200
ARCC,20110819,13.78,14.31,13.71,13.73,1305600
ARCI,20110819,4.12,4.14,3.79,4.03,3000
ARCW,20110819,1.192,1.196,1.184,1.184,8800
AREX,20110819,17.26,17.84,16.59,16.73,616600
ARIA,20110819,8.5,8.82,8.26,8.32,4274900
ARII,20110819,15.45,15.81,14.09,14.25,257300
ARKR,20110819,14.55,14.55,13.75,14.49,700
ARLP,20110819,35.025,36.37,33.95,34.175,147500
ARMH,20110819,24.17,25.01,23.6,23.84,6168300
ARNA,20110819,1.32,1.37,1.31,1.36,1716900
AROW,20110819,22.78,23.31,22.75,22.76,39500
ARQL,20110819,4.64,4.8,4.5,4.6,295600
ARRS,20110819,9.82,10.2,9.82,9.85,2133300
ARRY,20110819,2.13,2.25,2.11,2.2,402500
ARTNA,20110819,17.32,17.52,17.08,17.09,26900
ARTW,20110819,5.87,6.15,5.87,5.94,6000
ARTX,20110819,1.48,1.48,1.4,1.41,11500
ARWR,20110819,0.46,0.46,0.42,0.44,82900
ASBI,20110819,4.2,4.2,4,4,600
ASCMA,20110819,40.7,43.38,40.7,42.59,56000
ASEI,20110819,59.99,61.97,59.54,61.5,141400
ASFI,20110819,8.71,8.75,8.4,8.59,12700
ASML,20110819,33.05,34.1,32.76,32.89,2449100
ASNA,20110819,12.155,12.88,12.145,12.58,861800
ASPS,20110819,33.08,33.27,32.09,32.3,94100
ASRV,20110819,1.93,2.01,1.87,1.96,18500
ASRVP,20110819,25.02,25.02,25.02,25.02,0
ASTC,20110819,0.75,0.79,0.7,0.73,38500
ASTE,20110819,28.48,30.93,28.4,29.05,247500
ASTI,20110819,8.4,9.2,8.4,8.6,277900
ASUR,20110819,2.3,2.5867,2.3,2.5,9400
ASYS,20110819,10.27,11,10.25,10.3,268800
ATAI,20110819,8.79,9.02,8.67,9,9400
ATAX,20110819,5.45,5.49,5.3,5.41,65900
ATEC,20110819,2.28,2.43,2.2,2.24,297400
ATHN,20110819,49.71,52,49.35,49.73,483900
ATHX,20110819,1.82,1.9,1.77,1.87,38500
ATLO,20110819,15.84,16.69,15.64,15.75,9100
ATML,20110819,8.76,9.17,8.7,8.99,8613700
ATNI,20110819,31.72,32.29,30.6,31.52,48300
ATNY,20110819,4.61,4.92,4.61,4.8,1700
ATRC,20110819,10.19,10.51,10,10.27,46100
ATRI,20110819,187.99,193.22,187.42,192.88,4300
ATRM,20110819,15.7,16.1,15.6,16,3700
ATRO,20110819,20.2917,21.4583,20.2917,20.775,40200
ATSG,20110819,4.48,4.72,4.42,4.46,425400
ATVI,20110819,10.6,10.87,10.6,10.67,9627600
AUBN,20110819,19.7,19.7,19.7,19.7,100
AUDC,20110819,3.72,4.02,3.7,3.73,74100
AVAV,20110819,24.55,25.39,24.54,25.08,320500
AVEO,20110819,15.68,16.21,15.6,15.86,200400
AVGO,20110819,28.63,29.75,28.15,28.29,1260800
AVID,20110819,9.82,10.01,9.5,9.64,197800
AVNW,20110819,2.71,2.89,2.71,2.79,173400
AWAY,20110819,34.8,35.86,33.97,34.98,90700
AWRE,20110819,3,3,2.72,2.8,18100
AXAS,20110819,3.1,3.32,3.01,3.08,1669300
AXTI,20110819,7.32,7.48,7.05,7.1,416600
AZPN,20110819,12.82,13.64,12.82,13.17,931500
BABY,20110819,9.66,9.92,9.49,9.64,248600
BAMM,20110819,2.85,2.98,2.76,2.76,29600
BANF,20110819,32.29,33.31,32.22,32.42,43800
BANFP,20110819,27.08,27.08,27.08,27.08,0
BANR,20110819,14.07,14.33,13.51,13.72,350100
BASI,20110819,1.55,1.6,1.5,1.58,10500
BBBY,20110819,50.28,52.14,50.27,50.64,2331200
BBEP,20110819,17.8,18.4,17.6,17.85,261700
BBGI,20110819,4.08,4.09,3.95,4.09,2000
BBOX,20110819,21.74,22.72,21.64,22.46,176000
BBRG,20110819,18.4,19.23,18.01,18.31,174700
BBRY,20110819,26.3,27.84,26.28,26.69,31060500
BBSI,20110819,13.33,14.42,13.33,13.97,24500
BCBP,20110819,9.1,9.1,8.85,9.06,7700
BCOM,20110819,18.7,18.7,18.7,18.7,0
BCPC,20110819,35.44,37.3,35.4,36.44,132300
BCRX,20110819,2.5,2.6,2.45,2.47,256200
BDE,20110819,7.09,7.5,7.09,7.2,42100
BDGE,20110819,18.08,18.98,17.97,18.03,49400
BDMS,20110819,18,18,18,18,0
BDSI,20110819,3.11,3.13,3.01,3.1,144700
BEAT,20110819,3.81,4,3.79,3.96,110500
BEAV,20110819,30.1,31.61,29.87,30.58,1477100
BEBE,20110819,5.93,6.24,5.93,6.05,485000
BECN,20110819,15.18,15.58,14.85,14.89,762900
BELFA,20110819,17.24,17.24,17.24,17.24,0
BELFB,20110819,15.58,16.34,15.58,15.7,15300
BFIN,20110819,7.07,7.37,7.07,7.07,63400
BGCP,20110819,6.19,6.39,5.94,5.96,1319800
BGFV,20110819,6.28,6.75,6.26,6.37,133800
BIB,20110819,6.1063,6.5763,6.1063,6.3925,20500
BICK,20110819,25.05,25.7,25.05,25.19,9300
BIDU,20110819,125.93,135.65,125.11,126.98,14506100
BIIB,20110819,87.95,92.4,87.15,90.05,3529900
BIOC,20110819,4.6,4.6,4.57,4.57,2400
BIOD,20110819,4.32,4.64,4.08,4.52,518000
BIOS,20110819,5.59,6.04,5.59,5.97,388800
BIS,20110819,202,202,197.12,199.44,1100
BJRI,20110819,40.43,42.03,40,40.28,287500
BKCC,20110819,8.2,8.32,8,8.14,571400
BKEP,20110819,8,8,7.5,7.5,11700
BKMU,20110819,3.01,3.17,2.95,2.95,149400
BKSC,20110819,9.84,9.84,9.84,9.84,100
BLDP,20110819,1.31,1.35,1.31,1.34,120000
BLDR,20110819,1.76,1.84,1.71,1.73,89200
BLIN,20110819,4.25,4.25,4.25,4.25,5000
BLKB,20110819,22.29,23.4,22.24,22.31,144200
BLRX,20110819,3.51,3.51,3.51,3.51,0
BMRC,20110819,35.76,36.41,35.16,35.27,21400
BMRN,20110819,26.16,27.76,25.98,26.69,1383100
BMTC,20110819,17.8,18.15,17.8,18.01,77600
BNCL,20110819,7.42,7.81,7.3,7.41,82800
BNCN,20110819,6.85,6.91,6.85,6.9,600
BNSO,20110819,1.65,1.79,1.53,1.74,2200
BOBE,20110819,29.5,29.87,28.7,28.84,294300
BOCH,20110819,3.4,3.45,3.36,3.4,5100
BOFI,20110819,13.02,13.3,13,13.15,24500
BOKF,20110819,44.6,45.06,43.99,44.03,145600
BONA,20110819,3.86,3.92,3.8,3.8,7800
BONT,20110819,5.99,7.28,5.88,6.32,522600
BOOM,20110819,18.11,18.89,17.15,17.32,141400
BOSC,20110819,7.76,7.84,6.84,7.84,1400
BPFH,20110819,5.52,5.76,5.26,5.28,846400
BPFHW,20110819,2.36,2.39,1.94,1.94,1500
BPOP,20110819,20.4,20.8,19.9,19.9,6518500
BPOPM,20110819,18,18.4,17.98,18.4,1900
BPOPN,20110819,19.5,19.56,19.5,19.5,1800
BRCD,20110819,3.38,3.48,3.31,3.42,18307000
BRCM,20110819,32,32.61,31.17,31.29,8510900
BRID,20110819,10.99,10.99,10.1,10.18,1300
BRKL,20110819,7.28,7.49,7.2,7.22,642800
BRKR,20110819,12.75,13.27,12.69,12.73,1221800
BRKS,20110819,8.4,8.8,8.19,8.53,491500
BSET,20110819,7.54,7.8,7.34,7.5,31600
BSFT,20110819,26.07,27.73,25.23,25.48,541200
BSPM,20110819,3,3.18,2.88,2.91,115500
BSQR,20110819,4.51,4.57,4.32,4.41,75200
BSRR,20110819,9.96,10.23,9.96,9.99,16500
BSTC,20110819,15.5,16.02,15.01,15.8,23100
BUSE,20110819,4.57,4.69,4.49,4.6,276200
BVSN,20110819,9.7,9.8,9.63,9.7,5000
BWEN,20110819,7.5,8.2,7.5,7.7,287600
BWINA,20110819,24.04,25.05,24,24.89,1600
BWINB,20110819,22,22.57,21.82,22.1,13100
BWLD,20110819,54.49,58.38,54.44,56.62,544300
BYFC,20110819,1.88,1.88,1.76,1.76,3300
CA,20110819,18.83,19.25,18.6,18.62,6644200
CAAS,20110819,4.75,4.99,4.03,4.75,325300
CAC,20110819,27.43,28.21,27.43,27.68,13300
CACB,20110819,7.65,8.32,7.51,7.56,16800
CACC,20110819,66.7,68.99,65.69,66.69,66000
CADC,20110819,22.2,22.2,21.6,21.72,40100
CAKE,20110819,25.77,27.02,25.55,25.91,1069100
CALD,20110819,4.73,4.78,4.6,4.63,321500
CALI,20110819,9,9.78,8.82,9.78,6900
CALL,20110819,9.88,10.715,9.88,10.405,126100
CALM,20110819,14.865,15.02,14.66,14.68,105900
CAMP,20110819,3,3.04,2.83,3.03,98000
CAMT,20110819,2.15,2.22,2.15,2.18,21800
CAR,20110819,11.48,11.9,11.34,11.61,3364800
CARB,20110819,13.7,15,13.51,13.89,157500
CART,20110819,2.75,3,2.75,3,800
CARV,20110819,0.65,0.65,0.65,0.65,1000
CARZ,20110819,23.9,23.9,23.66,23.66,700
CASH,20110819,17.56,18.75,17.56,18.53,1800
CASM,20110819,2.85,2.85,2.57,2.75,11200
CASS,20110819,35.02,35.58,34.79,35.14,15800
CASY,20110819,40.09,41.09,39.61,40.33,168700
CATM,20110819,20.8,22.08,20.8,21.65,380600
CATY,20110819,11.58,11.99,11.44,11.54,954400
CAVM,20110819,25.91,26.77,25.17,25.26,1335700
CBAK,20110819,4.55,4.95,4.55,4.8,85100
CBAN,20110819,2.95,2.95,2.81,2.81,1900
CBLI,20110819,47,47,45.2,45.4,179200
CBMX,20110819,27.5,28.9,26.8,27.9,42800
CBNJ,20110819,8.38,8.54,8.38,8.42,23000
CBNK,20110819,14,14.05,13.78,13.85,13000
CBOE,20110819,22.26,23.33,22.26,23.2,491500
CBPO,20110819,8.12,8.5,7.99,8.5,16800
CBRL,20110819,38.55,40.45,38.5,39.06,225800
CBSH,20110819,35.65,36.66,35.37,35.43,611100
CCBG,20110819,9.86,10.35,9.81,10.07,43100
CCCL,20110819,3.72,3.84,3.7,3.76,32300
CCIH,20110819,6.08,6.4,5.84,5.88,165800
CCMP,20110819,36.8,38.46,36.77,37.21,150500
CCNE,20110819,12.09,12.28,12.09,12.21,107400
CCOI,20110819,12.84,13.56,12.79,13.06,218300
CCRN,20110819,4.27,4.56,4.13,4.17,138700
CCUR,20110819,5.81,5.85,5.63,5.85,5700
CDNS,20110819,8.21,8.53,8.09,8.12,2743100
CDTI,20110819,3.7,3.74,3.55,3.58,136800
CDXS,20110819,5.72,5.96,5.7,5.73,199100
CDZI,20110819,8.74,8.91,8.55,8.55,17200
CECE,20110819,5.61,6.01,5.5,5.9,35500
CECO,20110819,14.76,15.19,14.7,14.77,707700
CELG,20110819,26.84,27.665,26.75,27.34,4298600
CELGZ,20110819,1.57,1.57,1.57,1.57,10000
CENT,20110819,6.95,7.24,6.75,6.94,199400
CENTA,20110819,6.87,7.39,6.87,7.17,314600
CENX,20110819,9.93,11,9.83,10.08,2713400
CERN,20110819,27.385,28.985,27.35,27.945,2038100
CERS,20110819,2.01,2.09,2,2.01,143100
CETV,20110819,12.11,12.88,11.89,11.97,414800
CEVA,20110819,23.85,25.66,23.8,23.93,278200
CFBK,20110819,4.35,4.35,3.6,3.6,1800
CFFI,20110819,22.6,22.97,22.6,22.82,1400
CFFN,20110819,10.73,10.93,10.52,10.55,1897600
CFNB,20110819,16.07,16.61,16.07,16.07,1300
CFNL,20110819,9.28,9.53,9.07,9.12,148700
CGEN,20110819,3.6,3.68,3.6,3.68,27400
CGNX,20110819,14.6,15.345,14.56,15,352400
CHCI,20110819,1.19,1.19,1.03,1.08,45800
CHCO,20110819,28.47,29.67,28.36,28.44,98500
CHDN,20110819,40.07,41.72,40.07,40.52,77900
CHEF,20110819,16.1,16.18,15.21,15.24,179900
CHEV,20110819,8.65,8.65,8.65,8.65,200
CHFC,20110819,16,16.57,15.84,16.21,138100
CHFN,20110819,8.14,8.59,7.78,7.94,18100
CHKE,20110819,13.97,14.48,13.75,14,28500
CHKP,20110819,52.05,53.07,50.96,51.05,2307300
CHLN,20110819,5.05,5.35,4.95,5.05,55800
CHNR,20110819,9.49,9.49,8.07,8.88,14000
CHOP,20110819,36.9,37.6,36.1,36.5,81500
CHRS,20110819,2.72,2.85,2.58,2.65,1372600
CHRW,20110819,63.34,64.81,63.13,63.67,1687000
CHSCP,20110819,28.2,28.54,28.07,28.54,14600
CHTR,20110819,45.92,47.65,45.46,46.59,624500
CIDM,20110819,1.47,1.47,1.32,1.37,69400
CINF,20110819,25.4,26.12,25.4,25.59,2163600
CISG,20110819,13.1,13.12,12.59,12.75,171500
CIZN,20110819,18.51,18.51,18.51,18.51,0
CJJD,20110819,1.78,2.18,1.7,2.15,287600
CKEC,20110819,6.04,6.37,5.77,6,114500
CLBH,20110819,2.56,2.56,2.54,2.54,900
CLCT,20110819,17.32,17.33,16.99,16.99,52700
CLDX,20110819,2.55,2.73,2.54,2.6,184500
CLFD,20110819,6.5,6.63,6.35,6.43,81500
CLMS,20110819,10.47,10.95,10.2,10.29,188400
CLMT,20110819,19.3,20.07,19.19,19.45,130700
CLNE,20110819,11.5,12.2,11.39,11.91,1398200
CLNT,20110819,6.2,6.3,6.2,6.3,29800
CLRO,20110819,7,7.25,6.85,7.07,74200
CLSN,20110819,2.91,3.03,2.8,2.89,506000
CLUB,20110819,7.14,7.59,6.78,6.82,176400
CLWT,20110819,5.445,5.445,5.445,5.445,0
CMCO,20110819,12.97,13.11,12.54,12.74,101700
CMCSA,20110819,19.97,20.58,19.95,19.96,19940900
CMCSK,20110819,19.82,20.37,19.75,19.8,4551600
CME,20110819,47.53,48.91,47.3,47.434,742800
CMLS,20110819,2.8,2.88,2.75,2.76,204900
CMTL,20110819,24.84,25.62,24.81,25.19,235000
CNBKA,20110819,24.34,24.37,23.99,24.05,5200
CNET,20110819,1.34,1.34,1.16,1.19,28400
CNIT,20110819,1.45,1.66,1.45,1.58,295900
CNMD,20110819,21.34,22.31,21.34,21.9,180000
CNOB,20110819,9.23,9.42,9.17,9.23,27000
CNSL,20110819,18.18,18.72,18.16,18.39,184700
CNTF,20110819,2.79,2.85,2.65,2.65,402500
CNTY,20110819,2.64,2.65,2.61,2.61,2900
CNYD,20110819,16.6,17.5,16.35,17.35,2000
COBZ,20110819,4.84,4.95,4.61,4.64,145800
COHR,20110819,39.13,40.6,38.98,39.15,382800
COHU,20110819,10.2,10.7,10.2,10.47,84200
COKE,20110819,59.15,60.41,58.11,58.14,36000
COLB,20110819,14.52,15.17,14.34,14.41,256600
COLM,20110819,23.665,24.45,23.035,23.12,218300
CONN,20110819,5.56,5.64,5.2,5.29,161400
COOL,20110819,15.19,16.45,14.84,15.12,908000
CORE,20110819,16.565,16.88,16.515,16.67,86800
CORT,20110819,2.78,2.84,2.65,2.84,153300
COSI,20110819,2.8,2.92,2.8,2.88,81800
COST,20110819,73.5,75.49,73.4,74.36,3734300
COWN,20110819,3.24,3.42,3.12,3.25,428500
CPHC,20110819,10.13,10.14,10.02,10.14,1000
CPHD,20110819,30.04,31.61,29.9,30.58,605500
CPIX,20110819,5.82,6,5.7,5.99,15500
CPLA,20110819,30.99,31.56,29.55,30.29,573600
CPLP,20110819,6.47,6.61,6.28,6.3,138200
CPRT,20110819,19.33,19.84,19.06,19.49,319700
CPRX,20110819,1.23,1.25,1.16,1.25,2800
CPSI,20110819,63,65.23,62.12,62.93,107100
CPSS,20110819,0.96,1,0.9,0.9,8200
CPST,20110819,1.03,1.07,1.02,1.03,2816000
CRAI,20110819,23.49,23.79,22.57,23.15,85400
CRAY,20110819,5,5.26,5,5.14,201300
CRDC,20110819,2.4,2.4,2.25,2.28,58100
CREE,20110819,30.81,32.36,29.93,30.05,5676800
CREG,20110819,1.52,1.6,1.41,1.54,34400
CRESY,20110819,13.57,14,13.52,13.62,63000
CRIS,20110819,2.81,3.04,2.7,2.8,471500
CRME,20110819,16.9,17.6,16.8,17.5,446500
CRMT,20110819,29.95,31.38,29.09,29.64,113900
CRNT,20110819,9.7,9.83,9.54,9.69,247700
CROX,20110819,24.93,25.84,23.27,23.33,4757100
CRUS,20110819,12.9,13.65,12.88,13.09,2096000
CRVL,20110819,19.755,20.485,19.755,20.035,29900
CRWN,20110819,1.2,1.31,1.12,1.19,103600
CRWS,20110819,4.32,4.32,4.18,4.24,9900
CRZO,20110819,27.05,28.57,26.86,27.35,928000
CSBK,20110819,9.11,9.35,9.07,9.15,22300
CSCD,20110819,4.18,4.2,4.1,4.2,2000
CSCO,20110819,14.92,15.46,14.9,15.08,90584300
CSFL,20110819,5.74,5.82,5.66,5.68,86800
CSGP,20110819,46.71,48.67,46.68,47.65,185800
CSGS,20110819,13.01,13.5,12.79,12.86,259200
CSII,20110819,12.51,12.78,12.13,12.32,135200
CSIQ,20110819,6.59,6.85,6.16,6.28,1105000
CSOD,20110819,14.21,17.42,14.11,14.14,60900
CSPI,20110819,3.55,3.56,3.5,3.5,7300
CSUN,20110819,1.2,1.31,1.2,1.22,243000
CSWC,20110819,20.29,20.9275,20.29,20.615,5700
CTAS,20110819,28.43,29.16,28.34,28.44,1188700
CTBI,20110819,24.73,25.37,24.6,24.71,62800
CTCM,20110819,15.61,16.14,15.28,15.32,203800
CTCT,20110819,16.49,17.86,16.38,17.11,767100
CTHR,20110819,2.22,2.32,2.19,2.28,28800
CTIB,20110819,3.95,3.95,3.95,3.95,0
CTIC,20110819,6.3,6.4,6,6,1646700
CTRN,20110819,10.94,11.35,10.76,10.8,211300
CTRP,20110819,37.84,39.21,37.68,38.5,2221300
CTSH,20110819,26.8,28.605,26.77,27.505,7924200
CTWS,20110819,26.33,27.5,26.33,26.97,35300
CTXS,20110819,51.52,53.23,50.21,50.31,4816400
CU,20110819,33.58,34.51,33.02,33.16,50300
CUBA,20110819,6.09,6.24,6.05,6.19,17100
CUTR,20110819,7.36,7.56,7.32,7.48,22600
CVBF,20110819,7.73,7.97,7.64,7.66,889300
CVCO,20110819,29.21,30.56,29.21,29.42,29300
CVCY,20110819,6.18,6.18,6.18,6.18,0
CVGI,20110819,6.1,6.5,5.83,5.88,507600
CVGW,20110819,18.78,19.24,18.4,18.51,62400
CVLT,20110819,32.21,32.93,31.12,31.62,1307600
CVLY,20110819,10.04,10.04,10.04,10.04,400
CVTI,20110819,3.75,3.98,3.74,3.87,95600
CVV,20110819,11.59,13.89,11.52,13.27,152700
CWBC,20110819,2.85,2.85,2.85,2.85,100
CWCO,20110819,8,8.36,7.87,7.89,49100
CWST,20110819,4.82,5,4.75,4.81,95700
CXDC,20110819,4.67,4.84,4.56,4.7,102600
CY,20110819,16.82,17.24,16.4,16.43,7185000
CYAN,20110819,4.19,4.2,3.98,4.07,8200
CYBE,20110819,8.09,8.34,7.98,8.15,5700
CYBX,20110819,23.68,24.35,23.58,23.7,216200
CYCC,20110819,5.11,5.46,5.04,5.32,143400
CYCCP,20110819,3,3.01,2.99,2.99,5300
CYNO,20110819,9,9.79,9,9.41,83100
CYOU,20110819,35.46,36.96,35.1,35.56,365600
CYTK,20110819,6.12,6.42,6.06,6.06,147400
CYTR,20110819,2.73,2.8,2.38,2.52,979700
CYTX,20110819,3.18,3.33,3.14,3.17,377500
CZFC,20110819,7.1,7.1,7.1,7.1,100
CZNC,20110819,14.45,14.94,14.06,14.38,30200
CZWI,20110819,5.62,5.62,5.62,5.62,2000
DAEG,20110819,1.99,2.02,1.99,2,14300
DAIO,20110819,5.52,5.65,5.4,5.4,3900
DAKT,20110819,8.04,8.54,8.04,8.41,173700
DARA,20110819,12.1,12.45,11,11.4,123500
DATE,20110819,13.8,13.98,13.02,13.09,182600
DAVE,20110819,9.86,9.86,9.27,9.49,15800
DCIX,20110819,5.1,5.18,4.99,5.08,83400
DCOM,20110819,10.73,11.05,10.4,10.46,415600
DCTH,20110819,58.24,61.92,57.76,58.4,522700
DENN,20110819,3.4,3.58,3.28,3.47,664500
DEPO,20110819,4.95,5.18,4.92,5,849200
DEST,20110819,13.54,14.15,13.5,13.77,158000
DFVS,20110819,44.87,44.87,44.87,44.87,0
DGAS,20110819,15.37,15.625,15.29,15.625,2100
DGICA,20110819,11.96,12.31,11.64,12.11,25700
DGICB,20110819,20,20,20,20,0
DGII,20110819,12.29,12.65,12.07,12.14,129900
DGLY,20110819,0.86,0.86,0.86,0.86,300
DHIL,20110819,66.95,71.2,66.95,70.31,13600
DHRM,20110819,2.4,2.55,2.4,2.4,6100
DIOD,20110819,17.96,18.33,17.37,17.74,751500
DISCA,20110819,35.81,37.16,35.81,36.32,2626600
DISCB,20110819,36.43,36.43,36.43,36.43,100
DISCK,20110819,16.68,17.215,16.6,16.85,739100
DISH,20110819,21.92,22.57,21.79,21.86,2582500
DJCO,20110819,70.98,70.98,70,70,700
DLBL,20110819,62.48,62.96,62.48,62.96,1000
DLBS,20110819,36.59,36.76,36.19,36.28,24100
DLTR,20110819,32.51,33.02,32.065,32.44,1815000
DMLP,20110819,24.39,24.91,24.2,24.6,44400
DMND,20110819,69.52,72.13,68.11,71.68,371100
DMRC,20110819,32.78,33.09,31.53,31.84,50600
DNBF,20110819,10.03,10.03,9.7,9.7,900
DNKN,20110819,26.58,27.4,25.5,25.77,869800
DORM,20110819,14.46,14.69,13.785,13.975,79400
DRAD,20110819,2.43,2.43,2.27,2.33,9200
DRAM,20110819,7.26,7.5,7.26,7.26,12700
DRRX,20110819,1.57,1.6,1.42,1.53,239100
DRWI,20110819,3.72,3.94,3.63,3.81,523200
DRYS,20110819,2.88,2.97,2.65,2.74,9932700
DSCI,20110819,8.3,8.44,8.29,8.44,7900
DSCO,20110819,2.01,2.07,1.99,2.05,93700
DSGX,20110819,6.29,6.35,6.21,6.21,2000
DSPG,20110819,6.53,6.7,6.44,6.5,262700
DSWL,20110819,2.58,2.58,2.48,2.5,20100
DTLK,20110819,8.25,8.7,8.2,8.64,420300
DTSI,20110819,26.5,27.95,26.45,27.16,219500
DTUS,20110819,41.22,41.22,41.15,41.15,2900
DTYL,20110819,63.93,64.33,63.93,64.33,500
DTYS,20110819,35.07,35.23,34.8,34.8,15200
DVAX,20110819,21.8,22.6,20.6,20.7,1512500
DWA,20110819,19.08,19.91,18.94,18.95,1560900
DWCH,20110819,5.36,5.36,5.2,5.2,2900
DWSN,20110819,31.6,32.57,30.77,31.85,79800
DXCM,20110819,10.42,11.06,10.28,10.84,693900
DXPE,20110819,20.12,21.14,20.12,20.25,81900
DXYN,20110819,3.75,3.75,3.58,3.58,7000
DYAX,20110819,1.22,1.28,1.2,1.2,563000
DYNT,20110819,5.9,6.2,5.35,6,60100
DYSL,20110819,2.83,2.95,2.83,2.89,3000
EAGLU,20110819,10.1,10.1,10.1,10.1,0
EBAY,20110819,27.54,28.54,26.86,27.16,16779400
EBIX,20110819,15.75,16.25,15.33,15.37,440100
EBMT,20110819,10.5,10.51,10.5,10.5,400
EBSB,20110819,4.8775,5.1552,4.7794,4.8734,13500
EBTC,20110819,13.18,14.61,12.88,12.92,9400
ECHO,20110819,12.62,12.81,12.3,12.3,69500
ECOL,20110819,15.28,16.21,15.27,16.02,79700
ECPG,20110819,19.97,20.45,19.61,19.67,130500
ECTE,20110819,39,39,37,38.2,87700
ECYT,20110819,10.55,11.09,10.09,10.82,106500
EDAP,20110819,2.1,2.21,1.83,2.1,171200
EDGW,20110819,2.59,2.62,2.36,2.4,5900
EDUC,20110819,5.06,5.06,5.06,5.06,500
EEFT,20110819,13.92,14.33,13.55,13.76,266200
EEI,20110819,16.77,16.77,16.12,16.12,1900
EFII,20110819,13.58,13.76,13.02,13.08,172800
EFOI,20110819,0.42,0.44,0.41,0.44,20300
EFSC,20110819,13.16,13.57,13.16,13.22,48900
EFUT,20110819,4.32,4.34,4.32,4.34,2800
EGBN,20110819,11.75,12.17,11.75,11.8,82700
EGHT,20110819,3.18,3.39,3.11,3.14,795400
EGLE,20110819,122.4,131.04,122.4,129.6,568800
EGOV,20110819,11,11.41,10.86,10.95,383100
EHTH,20110819,12.55,13,12.36,12.58,165500
ELGX,20110819,8.7,9.02,8.29,8.4,430600
ELNK,20110819,7.01,7.18,6.9,6.98,2160200
ELON,20110819,8.02,8.29,7.99,8.02,231200
ELOS,20110819,9.64,9.78,9.22,9.3,365900
ELRC,20110819,14.37,14.87,14.37,14.64,58000
ELSE,20110819,4.19,4.19,4.19,4.19,0
ELTK,20110819,1.24,1.27,1.18,1.22,54100
EMCF,20110819,15.47,15.47,15.47,15.47,0
EMCI,20110819,12.0267,12.3,12.0067,12.0267,21000
EMIF,20110819,29.2,29.91,29.2,29.3,65700
EMITF,20110819,58.8,59.8,57.8,58.6,8500
EMKR,20110819,6.08,6.52,6,6,585200
EMMS,20110819,0.66,0.7,0.65,0.68,7600
EMMSP,20110819,14.25,14.25,14.25,14.25,100
ENDP,20110819,29.75,30.35,29.53,29.57,1949400
ENG,20110819,2.93,3.03,2.93,2.99,55100
ENOC,20110819,9.87,10.28,9.78,10.02,282300
ENSG,20110819,22.22,22.44,21.2,22.02,150700
ENTG,20110819,6.71,7,6.56,6.66,1007700
ENZN,20110819,7.68,8.07,7.68,7.91,452500
EPAX,20110819,6.55,6.97,6.35,6.37,95000
EPAY,20110819,21.3,22.09,21.28,21.45,198700
EPIQ,20110819,10.69,11.1,10.68,10.91,154200
EQIX,20110819,83.75,86.71,81.89,82.52,1105900
ERIC,20110819,10.1,10.53,10.08,10.11,9003200
ERIE,20110819,69.95,70.76,68.85,69.7,46200
ERII,20110819,2.15,2.25,2.09,2.15,180200
EROC,20110819,10.47,10.5,10.17,10.19,289900
ESBK,20110819,16.5,16.5,15.5,15.69,500
ESCA,20110819,5.68,5.69,5.18,5.68,26900
ESEA,20110819,3.62,3.75,3.6,3.68,57100
ESGR,20110819,93.54,94.18,91.54,91.56,12100
ESIO,20110819,13.9,14.83,13.75,14.23,235900
ESLT,20110819,39.25,39.46,38.49,39,6200
ESMC,20110819,1.21,1.21,1.18,1.18,14200
ESRX,20110819,45.09,46.1,44.81,44.89,8205900
ESSA,20110819,10.61,11.05,10.61,10.73,22400
ESSX,20110819,3.85,4.24,3.69,3.75,28900
ETFC,20110819,10.65,11.18,10.39,10.41,6516400
ETRM,20110819,2.4,2.41,2.28,2.35,39400
EUFN,20110819,16.52,16.98,16.42,16.42,11400
EVBS,20110819,2.35,2.5,2.35,2.36,13100
EVEP,20110819,62.27,66.09,62.01,62.89,395200
EVK,20110819,1.97,2,1.95,2,1500
EVOL,20110819,6.63,6.7,6.5,6.6,24100
EWBC,20110819,15.14,15.67,14.49,14.8,1963200
EXAC,20110819,14.04,14.39,14.02,14.09,12900
EXAS,20110819,6.88,7.36,6.77,7.04,578200
EXEL,20110819,6.05,6.33,5.9,6.15,1380600
EXFO,20110819,6.05,6.19,5.88,5.9,65900
EXLP,20110819,21.96,22.54,21.83,21.99,74800
EXLS,20110819,23.19,23.8,23.01,23.62,97200
EXPD,20110819,40.51,41.8,40.14,40.33,2699500
EXPE,20110819,26.37,27.27,26.21,26.53,5200400
EXPO,20110819,18.585,19.335,18.245,18.56,92600
EXTR,20110819,2.68,2.82,2.6,2.63,392700
EXXI,20110819,24.61,25.71,23.11,23.5,1909500
EZCH,20110819,28.95,29.92,28.73,28.93,233300
EZPW,20110819,29.01,30.57,28.88,29.52,481700
FALC,20110819,2.8,2.91,2.8,2.84,80300
FARM,20110819,5.28,5.5,5.05,5.06,44800
FARO,20110819,32.29,34,31.81,32.68,99000
FAST,20110819,29.56,30.67,29.55,29.86,3279000
FBIZ,20110819,16.75,16.75,16.47,16.47,1300
FBMS,20110819,8.3,8.3,8.3,8.3,200
FBNC,20110819,8.41,8.87,8.05,8.1,61000
FBNK,20110819,10.29,10.4,10.29,10.35,73100
FBRC,20110819,9.8,10.2,9.8,9.92,194000
FBSS,20110819,12.04,12.06,12.01,12.01,700
FCAP,20110819,17.91,18.7,17.91,18.13,1000
FCBC,20110819,10.22,10.62,10.14,10.3,40100
FCCO,20110819,6.77,6.77,5.67,5.75,900
FCCY,20110819,7.3,7.34,7.27,7.3,900
FCEL,20110819,1.06,1.18,1.05,1.09,1175800
FCFS,20110819,42.32,43.46,41.55,42.29,394400
FCLF,20110819,6.98,6.99,6.95,6.95,1700
FCNCA,20110819,145.55,149.77,142.78,143.77,27400
FCTY,20110819,3.53,3.53,3.53,3.53,0
FCVA,20110819,3.31,3.31,3.31,3.31,200
FDEF,20110819,12.87,13.4,12.87,13.02,21600
FDML,20110819,15.11,15.54,14.74,14.87,263400
FDUS,20110819,12.51,12.51,12,12.29,17700
FEIC,20110819,28.6,29.48,28.46,28.71,663300
FEIM,20110819,9.92,10.11,9.57,9.98,31800
FELE,20110819,19.315,20.145,19.23,19.305,95900
FES,20110819,9.7,9.72,9.56,9.72,5800
FFBC,20110819,14.25,14.92,14.21,14.27,716500
FFBCW,20110819,4.28,4.29,4.23,4.25,25500
FFHL,20110819,2.61,2.63,2.34,2.47,67600
FFIC,20110819,10.82,11.23,10.68,10.73,189200
FFIN,20110819,13.915,14.36,13.75,13.78,143300
FFIV,20110819,70.25,72.81,69.2,69.32,2889300
FFKT,20110819,4.71,4.71,4.6,4.7,1900
FFNM,20110819,3.69,3.69,3.69,3.69,100
FFNW,20110819,4.79,4.85,4.72,4.79,38000
FHCO,20110819,4.2,4.32,4.16,4.2,33400
FIBK,20110819,11.98,12.24,11.94,12.17,52000
FINL,20110819,16.89,18.17,16.42,17.17,1574300
FISI,20110819,14.1,14.71,14.1,14.55,49400
FISV,20110819,25.485,26.235,25.48,25.71,1706800
FITB,20110819,9.42,9.81,9.27,9.28,18152100
FIZZ,20110819,14.1,15.61,13.93,15.06,92700
FLAT,20110819,55.88,55.93,55.52,55.86,67700
FLDM,20110819,12.22,13.32,11.8,12.15,52000
FLEX,20110819,5.09,5.28,5.09,5.15,6235900
FLIC,20110819,15.3867,15.66,15,15,36100
FLIR,20110819,21.87,22.58,21.86,22.15,1829800
FLML,20110819,3.8,4.03,3.61,3.92,24800
FLWS,20110819,2.28,2.48,2.26,2.3,115100
FLXS,20110819,14.69,15,14.49,14.5,9600
FMBI,20110819,8.33,8.33,7.79,7.82,959400
FMER,20110819,11.52,11.96,11.34,11.36,1327600
FNFG,20110819,10.1,10.37,9.99,9.99,2652000
FNGN,20110819,18.01,18.99,18.01,18.11,215000
FNLC,20110819,12.75,13.11,12.75,12.77,11200
FNSR,20110819,14.52,15.93,14.5,15.02,5385400
FOLD,20110819,3.77,4.13,3.77,4.01,262300
FONE,20110819,22.94,22.94,22.35,22.35,3600
FONR,20110819,1.81,1.85,1.71,1.82,27200
FORD,20110819,2.71,2.78,2.5,2.67,20000
FORM,20110819,7.54,7.84,7.54,7.64,426400
FORR,20110819,31.11,31.9,31.06,31.37,90800
FORTY,20110819,14.9,14.9,14.75,14.75,1600
FOSL,20110819,73.32,76.92,72.26,72.93,2305600
FRAN,20110819,22.84,22.86,19.86,19.99,363600
FRBK,20110819,1.82,1.86,1.77,1.82,13100
FRED,20110819,10.5,10.86,10.31,10.56,311200
FREE,20110819,2900,3100,2675,2675,24400
FRME,20110819,6.99,7.17,6.74,6.75,121600
FRP,20110819,5.87,6.24,5.64,5.79,120900
FRPT,20110819,3.46,3.54,3.44,3.5,418000
FSBK,20110819,3.87,3.9,3.78,3.8,4000
FSFG,20110819,16.25,16.25,16.25,16.25,1200
FSGI,20110819,0.34,0.42,0.34,0.37,3400
FSLR,20110819,93.29,95.35,87.82,88.68,3761300
FSTR,20110819,21.25,22.5,21.23,21.8,89700
FSYS,20110819,19.03,19.45,18.33,18.41,179700
FTEK,20110819,5.22,5.46,5.17,5.26,131500
FTNT,20110819,18.54,19.01,17.34,17.54,2041300
FUEL,20110819,1.85,2.15,1.76,1.99,82200
FULL,20110819,6.75,7,6.72,6.92,48300
FULT,20110819,7.96,8.18,7.77,7.78,1127700
FUNC,20110819,4.65,4.75,4.65,4.65,1000
FUND,20110819,6.65,6.77,6.55,6.55,25100
FWRD,20110819,23.7,24.99,23.7,24.25,119200
FXCB,20110819,12.4,12.69,12.4,12.6,37000
FXEN,20110819,4.95,5.07,4.75,4.78,754000
GABC,20110819,14.75,15.3,14.65,14.7,16000
GAI,20110819,3.89,3.89,3.89,3.89,0
GAIA,20110819,3.95,3.99,3.6,3.66,46300
GAIN,20110819,6.69,6.85,6.63,6.65,67400
GALT,20110819,5.52,5.52,5.1,5.46,110700
GAME,20110819,4.55,4.86,4.51,4.85,867600
GASS,20110819,4.11,4.14,4,4.08,54400
GBCI,20110819,10.57,10.81,10.16,10.28,782200
GBDC,20110819,14.5,14.79,14.35,14.38,48200
GBLI,20110819,17.68,18.11,17.67,17.7,30300
GBNK,20110819,6.25,6.4,5.75,6.4,14500
GCBC,20110819,18.2,18.2,18.2,18.2,1500
GCVRZ,20110819,1.01,1.05,1.01,1.03,2007500
GENC,20110819,7.3,7.36,7.3,7.35,4600
GENE,20110819,25,27.05,24.75,25.05,121400
GERN,20110819,2.5,2.57,2.42,2.46,1290700
GEVO,20110819,169.2,175.2,165.3,170.85,86300
GFED,20110819,4.74,4.75,4.74,4.75,4700
GFN,20110819,3.27,3.3,3.22,3.24,1200
GGAL,20110819,11.71,12.17,11.65,11.79,373800
GHDX,20110819,22.65,23.39,22.58,22.68,101300
GIFI,20110819,24.01,24.66,22.35,22.55,105000
GIGA,20110819,1.56,1.64,1.53,1.64,11300
GIGM,20110819,0.92,0.97,0.91,0.93,201700
GIII,20110819,11.03,11.4,10.625,10.77,144400
GILD,20110819,18.385,18.9,18.37,18.6,11295300
GILT,20110819,3.68,3.84,3.68,3.8,58100
GLAD,20110819,7.51,7.83,7.38,7.38,135800
GLBL,20110819,3.7,3.93,3.48,3.5,1639800
GLBS,20110819,5.43,5.85,5.3,5.85,4700
GLBZ,20110819,8.15,8.15,8,8,300
GLDC,20110819,3.34,3.4,3.24,3.4,3700
GLDD,20110819,4.64,4.98,4.57,4.59,721400
GLNG,20110819,29.5,30.78,29.32,29.5,671900
GLRE,20110819,21.13,21.87,21,21.33,158100
GLUU,20110819,2.78,2.96,2.53,2.54,2149200
GMAN,20110819,14.19,14.53,13.75,14.31,24000
GMCR,20110819,85.5,90.18,83.5,84.08,4897600
GMLP,20110819,26.93,26.93,25.12,25.53,72200
GNCMA,20110819,8.01,8.34,7.85,7.9,212300
GNMK,20110819,4.46,4.49,4.31,4.32,19500
GNTX,20110819,11.3,11.67,11.1,11.2,843500
GNVC,20110819,2.7,2.92,2.67,2.78,81200
GOLD,20110819,106.92,110.07,106.76,109.99,1446800
GOOD,20110819,15.99,16.02,15.51,15.56,52200
GOODO,20110819,24,24,24,24,100
GOODP,20110819,25.5,25.5,25.5,25.5,500
GOOG,20110819,249.835,257.435,245.43,245.46,5411500
GPIC,20110819,7.02,7.22,7,7.22,3400
GPOR,20110819,24.57,26.9,24.51,25.12,920400
GPRE,20110819,9.87,10.32,9.42,9.47,169500
GPRO,20110819,55.6,55.95,54.37,54.48,1164600
GRFS,20110819,13.68,13.8,13.06,13.5,535700
GRID,20110819,25.42,25.94,25.36,25.42,3600
GRIF,20110819,26.89,26.89,25.6,25.65,7500
GRMN,20110819,30.63,31.16,30.6,31,1662600
GROW,20110819,6.63,6.7,6.46,6.46,36700
GRVY,20110819,12.4,12.48,12.16,12.48,3900
GSBC,20110819,15.36,16.1,15.26,15.76,26000
GSIG,20110819,9.31,9.5,9.15,9.24,123700
GSIT,20110819,5.24,5.3,4.82,4.86,182300
GSM,20110819,17,17.61,16.51,17,1505900
GSOL,20110819,8.02,8.28,8.02,8.06,45000
GSVC,20110819,13.5,14.95,13.5,14.69,38400
GT,20110819,11.51,11.83,10.77,10.88,9886400
GTIM,20110819,1.76,1.78,1.62,1.7,1900
GTLS,20110819,39.64,42.32,38.93,39.03,567800
GTXI,20110819,3.25,3.34,3.23,3.26,223300
GUID,20110819,6.2,6.49,6.1,6.12,51400
GULF,20110819,14.25,14.55,14.25,14.37,2800
GURE,20110819,1.78,1.98,1.68,1.88,1005600
GYRO,20110819,58.93,58.93,58.93,58.93,300
HA,20110819,4.01,4.19,3.92,4.01,735600
HAFC,20110819,0.86,0.9,0.85,0.87,909800
HAIN,20110819,14.39,14.915,14.31,14.41,302200
HALL,20110819,6.46,6.65,6.46,6.52,34900
HALO,20110819,6.33,6.62,6.13,6.27,399000
HAS,20110819,35.35,37.27,35.18,36.43,2459200
HAYN,20110819,51.01,53.68,47.87,48.08,204800
HBAN,20110819,4.66,4.77,4.56,4.56,18860700
HBANP,20110819,1100,1100,1100,1100,0
HBCP,20110819,14.05,14.11,13.77,13.79,3600
HBHC,20110819,27.34,27.87,26.53,26.57,514400
HBIO,20110819,4.22,4.35,4.16,4.31,121300
HBNC,20110819,12.0711,12.1289,11.5555,11.9555,26800
HCBK,20110819,5.76,5.93,5.65,5.65,7232300
HCCI,20110819,16.44,16.93,16.44,16.61,23300
HCKT,20110819,3.4,3.73,3.4,3.7,106400
HCOM,20110819,20.73,20.98,20.35,20.5,600
HCSG,20110819,13.09,13.63,13,13.2,265600
HDNG,20110819,9.54,9.6,9.41,9.42,25600
HDSN,20110819,1.41,1.41,1.26,1.33,7500
HEES,20110819,8.65,8.92,7.52,7.83,260200
HELE,20110819,27.24,28.52,27.12,27.21,142800
HEOP,20110819,3.32,3.39,3.3,3.39,1400
HFBC,20110819,7.68,7.68,7.47,7.48,2800
HFBL,20110819,13.99,13.99,13.5,13.59,1400
HFFC,20110819,8.54,9.1,8.52,8.74,3000
HFWA,20110819,10.76,11.04,10.53,10.61,24400
HGSH,20110819,2.05,2.05,1.74,1.74,10600
HIBB,20110819,33.5,36.02,33.26,33.53,1071900
HIFS,20110819,53.53,53.64,53.5,53.5,1000
HIHO,20110819,3.1,3.1,2.95,2.97,5100
HILL,20110819,1.54,1.59,1.48,1.49,265600
HIMX,20110819,1.4,1.48,1.4,1.42,177000
HLIT,20110819,4.82,5.03,4.74,4.74,1575300
HMIN,20110819,34.6,35.76,33.74,35.27,710900
HMNF,20110819,1.75,2,1.75,1.8,19800
HMNY,20110819,1.3,1.7,1.3,1.56,4100
HMPR,20110819,6.4,6.88,5.6,5.61,79700
HMSY,20110819,22.45,23.21,22.41,22.59,573800
HNH,20110819,12.2,12.38,11.52,12.26,43700
HNRG,20110819,8.4,8.8,8.4,8.48,10800
HNSN,20110819,2.71,2.93,2.71,2.74,617800
HOFT,20110819,8.18,8.42,8.15,8.32,37900
HOLI,20110819,5.58,5.62,4.54,4.57,1267200
HOLX,20110819,15.4,15.96,15.4,15.58,3151400
HOMB,20110819,11.21,11.59,11.125,11.155,115300
HOVNP,20110819,2.45,3.39,2.45,3.15,5600
HPJ,20110819,1.7,1.7,1.6,1.66,3500
HRZN,20110819,14.85,15.23,14.58,14.89,23900
HSIC,20110819,59.84,61.62,59.51,60.24,678400
HSII,20110819,19.85,20.53,19.35,20.04,405000
HSKA,20110819,8.64,8.64,8.4,8.45,7800
HSNI,20110819,29.34,30.45,28.75,29.51,519900
HSTM,20110819,11.13,11.96,10.99,11.38,62600
HTBK,20110819,4.24,4.31,4.02,4.08,50700
HTCH,20110819,2.25,2.33,2.22,2.22,192700
HTHT,20110819,15.97,16.79,15,16.63,263500
HTLD,20110819,12.83,13.22,12.75,13.06,1517700
HTLF,20110819,13.77,14.12,13.37,13.71,21300
HTWR,20110819,59.64,60.61,58.86,59.49,122300
HUBG,20110819,28.24,29.09,27.96,28.15,351400
HURC,20110819,22.08,23.75,22.08,23.23,32700
HURN,20110819,27.19,28.6,27.19,27.81,123600
HWAY,20110819,11.21,11.59,11.21,11.27,141900
HWBK,20110819,7,7,7,7,300
HWCC,20110819,12.29,12.9,11.95,12.04,76800
HWKN,20110819,32.05,33.21,31.84,32.86,49300
HYGS,20110819,5.18,5.18,5.05,5.11,3000
HZNP,20110819,8.46,8.73,7.81,7.98,74500
IACI,20110819,34.79,35.64,34.12,34.34,1525000
IART,20110819,35.84,37.65,35.84,36.63,140300
IBB,20110819,87.38,89.77,87.2,88.5,658500
IBCP,20110819,1.8,1.89,1.75,1.8,33700
IBKC,20110819,44.25,45.49,43.44,43.54,253600
IBKR,20110819,14.63,14.89,14.5,14.64,687800
IBOC,20110819,13.83,14.3,13.68,13.72,396000
ICAD,20110819,0.59,0.6,0.58,0.59,31100
ICCC,20110819,6.47,6.74,6.19,6.25,4800
ICFI,20110819,19.49,20.29,19.49,19.98,205600
ICLN,20110819,12.04,12.35,11.86,11.86,121300
ICLR,20110819,18.91,19.23,18.54,19.1,149800
ICON,20110819,17.13,17.83,16.87,16.89,1030500
ICUI,20110819,37.59,38.82,37.49,38.28,65200
IDCC,20110819,62.29,66.73,61.42,62.98,2752000
IDRA,20110819,1.84,1.85,1.74,1.74,4100
IDSA,20110819,6.4,6.75,6.19,6.45,15400
IDSY,20110819,4.38,4.59,4.38,4.54,40400
IDTI,20110819,5.28,5.61,5.26,5.35,1810300
IDXX,20110819,36.64,38.17,36.64,36.75,481700
IESC,20110819,3.01,3.01,2.99,3,3200
IFEU,20110819,28.54,28.54,28.11,28.2,8700
IFGL,20110819,27.41,27.83,27.15,27.15,22000
IFON,20110819,0.65,0.65,0.63,0.65,4500
IGLD,20110819,13.17,13.17,12.61,12.76,5300
IGOV,20110819,110.45,110.95,110.34,110.6,9700
III,20110819,1.17,1.2,0.85,1.04,241900
IIIN,20110819,9.75,9.99,9.52,9.58,82400
IIJI,20110819,10.09,10.35,10.09,10.13,44400
IILG,20110819,11.26,11.74,11.19,11.29,342100
IIN,20110819,3.3,3.3,3.11,3.11,200
IIVI,20110819,17.52,18.5,17.45,17.53,317700
IKAN,20110819,10.5,11.1,10.4,10.4,70300
IKNX,20110819,7.25,7.25,7.25,7.25,100
ILMN,20110819,46.55,48.5,46.11,46.79,2225400
IMGN,20110819,9.82,10.56,9.64,10.09,755200
IMKTA,20110819,14.1,14.82,14.08,14.1,39200
IMMR,20110819,6.89,7.12,6.61,6.76,251900
IMMU,20110819,2.96,3.15,2.91,3.1,441500
IMMY,20110819,0.22,0.425,0.22,0.425,4100
IMOS,20110819,5.45,5.52,5.25,5.27,28500
INAP,20110819,4.75,4.93,4.61,4.63,331800
INCY,20110819,14.21,14.92,14.05,14.48,2486100
INDB,20110819,21.6,22.4,21.6,21.65,122800
INDY,20110819,24.01,24.41,23.89,23.96,175500
INFI,20110819,6.93,7.47,6.93,7,67000
INFN,20110819,6.33,7,6.33,6.6,2033200
ININ,20110819,30.87,31.21,28.76,28.93,344000
INOD,20110819,2.77,2.9,2.72,2.78,53900
INPH,20110819,4.6,4.6,4.21,4.3,36500
INSM,20110819,3.99,4.05,3.83,3.83,172200
INTC,20110819,19.61,19.96,19.16,19.19,79157300
INTG,20110819,23,23.44,23,23.24,1000
INTL,20110819,21.88,22.81,21.85,22.49,61400
INTU,20110819,42.18,45.51,42.16,43.65,10828400
INTX,20110819,13.45,13.8,12.87,12.96,159900
INVE,20110819,16.5,17,15.9,15.9,154100
INWK,20110819,6.52,7.2,6.52,7.06,203600
IOSP,20110819,22.34,23.34,21.5,21.74,212400
IPAR,20110819,16.02,16.47,16,16.06,93100
IPAS,20110819,1.36,1.44,1.35,1.44,90400
IPCC,20110819,45.57,47.29,45.42,45.51,48700
IPCI,20110819,2.99,3.13,2.75,2.75,15900
IPCM,20110819,37.2,37.61,36.1,36.5,242500
IPGP,20110819,51.01,53.75,50.14,50.63,393100
IPHS,20110819,38.79,40.52,38.1,39.04,174600
IPXL,20110819,17.66,18.2,17.18,17.41,701700
IRBT,20110819,26.03,27.2,25.44,25.96,3340800
IRDM,20110819,7.3,7.45,7.06,7.1,656600
IRIX,20110819,3.5,3.5,3.48,3.5,200
IROQ,20110819,10.8,10.99,10.7,10.75,46800
IRWD,20110819,11.86,12.42,11.77,12.23,267700
ISBC,20110819,5.098,5.3216,5.098,5.1412,534600
ISCA,20110819,22.47,23.2,22.17,22.24,116800
ISHG,20110819,109.51,109.77,109.08,109.23,28100
ISIG,20110819,3.24,3.24,3.04,3.09,31600
ISIL,20110819,10.28,10.53,10.03,10.09,2168900
ISIS,20110819,6.63,7.07,6.63,7.05,1083300
ISLE,20110819,6.1,6.27,5.85,5.88,148700
ISNS,20110819,6.3,6.75,6.3,6.55,5300
ISRG,20110819,329.58,339.62,329.06,329.49,499500
ISRL,20110819,58.43,59.4,58.4,58.58,2700
ISSC,20110819,4.9,5,4.84,4.93,14500
ISSI,20110819,8.02,8.25,7.85,7.89,243800
ITIC,20110819,33.01,34.37,33.01,34.37,1600
ITRI,20110819,35.09,35.85,34.96,35.07,495900
ITRN,20110819,11.83,12.14,11.61,11.7,33900
IVAC,20110819,7.1,7.42,6.99,7.02,72400
IXYS,20110819,10.66,11.33,10.56,10.59,178100
JACK,20110819,18.3,19.19,18.25,18.82,612700
JAKK,20110819,14.9,15.58,14.9,15.05,198700
JASO,20110819,17.55,19.25,17.3,17.4,3471900
JAXB,20110819,117,117,117,117,0
JAZZ,20110819,35.1,36.24,33.62,34.4,703000
JBHT,20110819,36.64,38.17,36.56,36.93,1513900
JBLU,20110819,4.08,4.3,4.03,4.13,4635000
JBSS,20110819,7.17,7.25,7,7.03,36700
JCOM,20110819,27.55,28.44,27.17,27.48,537200
JCS,20110819,13.65,14.61,13.62,14.03,59300
JCTCF,20110819,4.515,4.54,4.515,4.525,1100
JJSF,20110819,47.17,48.48,47.17,48.13,53700
JKHY,20110819,25.93,26.57,25.81,25.88,998100
JMBA,20110819,9.05,9.3,9,9,449000
JOBS,20110819,26.605,28,26.6,26.97,78000
JOEZ,20110819,0.69,0.75,0.67,0.68,302800
JOUT,20110819,15.31,15.96,14.82,14.97,13000
JRJC,20110819,2.78,2.96,2.76,2.89,9300
JST,20110819,9.31,9.74,9.27,9.35,106300
JVA,20110819,15.02,16.75,15,15.35,537200
JXSB,20110819,13.7,13.7,13.7,13.7,100
KALU,20110819,46.37,48.84,45.88,47.89,340300
KCAP,20110819,6,6.33,5.91,5.96,140400
KCLI,20110819,29.62,30.46,29.6,29.8,18200
KELYA,20110819,13.67,14.39,13.56,13.65,161700
KELYB,20110819,14.29,14.29,14.29,14.29,0
KEQU,20110819,8.6,8.74,8.5,8.5,5200
KERX,20110819,3.44,3.66,3.43,3.55,1094000
KEYW,20110819,8.73,9.34,8.73,9.13,154300
KFFB,20110819,7.72,7.88,7.72,7.88,300
KFRC,20110819,8.61,8.95,8.59,8.86,392300
KGJI,20110819,1.59,1.62,1.46,1.5,324700
KINS,20110819,3.15,3.15,3,3.05,3100
KIRK,20110819,7.86,9.06,7.69,8.82,474200
KLAC,20110819,33.99,35,33.6,33.67,2240300
KLIC,20110819,7.95,8.35,7.78,7.86,1469400
KNDI,20110819,2.62,2.75,2.36,2.42,102800
KONA,20110819,5.52,5.86,5.51,5.68,39100
KONE,20110819,12.1,12.1,11,11,3200
KOOL,20110819,1.57,1.61,1.55,1.56,10800
KOPN,20110819,3.35,3.53,3.31,3.34,289700
KOSS,20110819,6.66,6.66,6.23,6.25,3700
KRNY,20110819,8.06,8.39,7.99,8.01,34400
KTCC,20110819,3.47,3.51,3.45,3.46,11500
KTEC,20110819,14.44,14.44,13.88,14.09,7600
KTOS,20110819,8.06,8.25,8.06,8.12,319900
KUTV,20110819,2.2,2.26,2.12,2.12,60500
KVHI,20110819,8.05,8.16,7.63,7.66,83400
KZ,20110819,4.39,4.39,4.21,4.25,49200
LABL,20110819,22.15,23.3,22.15,22.88,47800
LAKE,20110819,8.3,8.62,8.3,8.5,19900
LAMR,20110819,19.42,19.73,18.2,18.43,1193100
LANC,20110819,54.42,55.39,53.6,54.4,127900
LARK,20110819,15.25,15.25,15.25,15.25,0
LAWS,20110819,15.48,16,15.28,15.28,10800
LAYN,20110819,25.2,25.94,24.24,25.57,183400
LBAI,20110819,7.91,8.08,7.78,8.02,55500
LBIX,20110819,3.25,3.41,3.18,3.24,5400
LBTYA,20110819,18.8861,19.3664,18.6817,18.7225,1552800
LBTYB,20110819,40.38,40.38,40.38,40.38,100
LBTYK,20110819,35.09,36.16,34.93,35,321700
LCUT,20110819,10.07,10.6,9.97,9.98,78200
LECO,20110819,29.94,31.14,29.58,29.63,449800
LEDS,20110819,4.3,4.6,4.3,4.36,62500
LFUS,20110819,43.02,44.25,42.3,42.43,258200
LGCY,20110819,27.08,28.01,26.62,26.68,138800
LGND,20110819,11.8,12.21,11.57,11.96,207600
LHCG,20110819,17.69,18.13,17.56,17.92,186400
LIFE,20110819,35.82,36.4,35.45,35.84,3224800
LIME,20110819,24.22,24.92,23.8,23.94,21000
LINC,20110819,9.68,9.85,9.34,9.43,238600
LINE,20110819,36.24,36.9,35.61,35.74,1078500
LION,20110819,6.58,6.6,6.41,6.47,2500
LIOX,20110819,2.41,2.5,2.4,2.48,378600
LIVE,20110819,0.75,0.7767,0.5867,0.6933,2600
LKFN,20110819,20.24,20.66,19.95,19.99,60200
LKQ,20110819,11.035,11.545,11.03,11.105,574500
LLNW,20110819,2.12,2.39,2.12,2.22,3133600
LLTC,20110819,26.5,27.24,26.29,26.31,5176800
LMAT,20110819,6.6,6.6,6.6,6.6,2000
LMCA,20110819,22.03,22.4967,21.8033,21.89,661600
LMIA,20110819,17.83,19.32,17.67,18.27,62500
LMNR,20110819,17,17.49,16.7,16.84,9100
LMNX,20110819,19.72,20.4,19.7,19.89,211100
LNCE,20110819,19.67,20.03,19.58,19.87,212000
LNDC,20110819,5.74,5.95,5.72,5.76,131500
LOAN,20110819,0.98,0.98,0.98,0.98,4100
LOGI,20110819,8.93,9.22,8.9,9.08,2150100
LOGM,20110819,28.98,30.3,27.6,27.74,397700
LOJN,20110819,3.18,3.21,3.12,3.13,15800
LONG,20110819,19.1,19.99,19.1,19.21,1100
LOOK,20110819,4.47,4.62,4.26,4.41,24900
LOPE,20110819,14.74,15.52,14.74,15.04,420900
LORL,20110819,51.92,53.72,51.5,51.98,109600
LPLA,20110819,26.42,26.98,26.16,26.79,333000
LPNT,20110819,31.75,32.89,31.75,32.24,518200
LPSB,20110819,8.83,8.83,8.75,8.83,2800
LPSN,20110819,10.53,11.19,10.18,10.8,457600
LPTH,20110819,1.91,1.91,1.8,1.87,13900
LQDT,20110819,20.33,21.4,20.24,20.37,195100
LRAD,20110819,2.27,2.33,2.25,2.27,85400
LRCX,20110819,35.93,36.87,35.75,35.99,2210800
LSCC,20110819,5.06,5.33,4.96,5.09,2027600
LSTR,20110819,37.29,38.79,37,37.06,762800
LTBR,20110819,2.51,2.63,2.51,2.55,7600
LTRX,20110819,1.81,1.81,1.71,1.73,17400
LULU,20110819,47.08,49.77,45.61,46,4238300
LUNA,20110819,1.5,1.59,1.42,1.53,29600
LWAY,20110819,10.15,10.19,9.92,10.03,17300
LXRX,20110819,8.26,8.82,8.19,8.4,876600
LYTS,20110819,6.22,6.74,5.93,6.59,126400
MAGS,20110819,2.9,2.9,2.8,2.8,11500
MANH,20110819,8.0825,8.2025,7.825,7.8425,121200
MANT,20110819,32.98,34.38,32.49,33.57,272200
MARPS,20110819,19.83,20.18,19.63,19.63,2200
MASI,20110819,21.96,22.65,21.94,22.16,558600
MAT,20110819,23.54,24.25,23.5,23.68,2941400
MATR,20110819,5.47,5.65,5.47,5.62,3700
MATW,20110819,30,31.24,29.86,30.05,227800
MAYS,20110819,17,17,17,17,0
MBFI,20110819,14.6,15.08,14.3,14.34,291800
MBLX,20110819,31.26,32.52,30.3,30.66,224000
MBRG,20110819,14.54,14.85,14.29,14.84,14300
MBTF,20110819,1.28,1.28,1.16,1.2,22700
MBVT,20110819,25.9,26.04,25.52,25.73,13700
MBWM,20110819,8.15,8.21,8.1,8.21,5200
MCBC,20110819,2.94,3.01,2.89,2.99,10800
MCHP,20110819,29.42,30.35,29.3,29.6,3125900
MCHX,20110819,9.61,10.18,9.61,9.79,175700
MCOX,20110819,8.15,8.6,8.1,8.3,582500
MCRI,20110819,9.59,10.05,9.37,9.43,17500
MDAS,20110819,9.47,9.95,9.42,9.58,547500
MDCA,20110819,12.93,13.51,12.77,12.78,135500
MDCO,20110819,12.79,14.45,12.78,13.54,730700
MDM,20110819,4.8,4.82,4.56,4.56,33300
MDRX,20110819,14.5,15.42,14.26,14.54,3488200
MDSO,20110819,7.15,7.55,7.145,7.265,166100
MDVN,20110819,7.58,7.885,7.485,7.775,641800
MELA,20110819,19.6,22.1,19.6,20.1,197700
MELI,20110819,60.45,63.35,59.88,60.2,449500
MENT,20110819,9.29,9.9,9.24,9.89,4506300
MEOH,20110819,23.88,24.37,23.5,23.59,171700
MERC,20110819,8.03,8.33,7.9,8.13,454600
METR,20110819,9.76,9.9,9.4,9.51,76600
MFLX,20110819,17.11,17.96,17.11,17.35,49000
MFNC,20110819,5.6,5.6,5.6,5.6,0
MFRI,20110819,8.5,8.98,7.66,8.98,10300
MFSF,20110819,7.39,7.54,7.32,7.54,2900
MGEE,20110819,26.8667,27.26,26.52,26.9,56100
MGIC,20110819,4.05,4.2,3.91,4.07,254100
MGLN,20110819,44.5,46.19,44.12,44.31,219000
MGPI,20110819,5.79,5.93,5.79,5.81,36000
MGRC,20110819,23.47,24.25,23.01,23.35,46600
MGYR,20110819,4.1,4.1,4.1,4.1,400
MHGC,20110819,5.08,5.42,5.07,5.14,196800
MHLD,20110819,7.93,8.08,7.76,7.8,513300
MIDD,20110819,22.8333,24,22.6733,23.42,114100
MIND,20110819,15.01,16.1,14.55,14.66,158600
MINI,20110819,16.98,17.52,16.9,17.03,246000
MITK,20110819,8.27,8.74,8.1,8.49,423300
MITL,20110819,3.02,3.06,2.9,2.92,38900
MKSI,20110819,21.65,22.28,21.65,21.99,419500
MKTX,20110819,26.86,27.6,26.11,26.85,581300
MLAB,20110819,33.43,33.62,33.15,33.29,5400
MLHR,20110819,16.65,17.6,16.53,16.84,322800
MLNK,20110819,3.82,4.02,3.82,3.86,187900
MLNX,20110819,27.05,28.22,25.81,26.48,386900
MLVF,20110819,6.8,6.8,6.8,6.8,0
MMLP,20110819,35.09,35.77,35.01,35.16,71600
MMSI,20110819,12.93,13.4,12.81,12.84,276900
MMYT,20110819,18.98,19.35,18.24,18.71,101300
MNDO,20110819,2.06,2.18,2.03,2.11,42200
MNKD,20110819,2.36,2.5,2.35,2.4,757900
MNOV,20110819,2.2,2.38,2.18,2.25,13500
MNRK,20110819,5.8,5.875,5.7917,5.875,500
MNRO,20110819,34.61,35.67,34.16,34.38,555900
MNST,20110819,39.545,40.59,39.5,39.755,1506300
MNTA,20110819,15.65,16.52,15.57,16.26,752800
MNTX,20110819,3.7,4,3.68,3.68,21400
MOBI,20110819,5.1,5.47,5,5.35,308700
MOCO,20110819,14.06,14.45,13.3,13.75,11400
MOFG,20110819,14.67,14.73,14.43,14.43,13500
MORN,20110819,53.49,55.26,53.34,53.37,69500
MOSY,20110819,3.88,4.05,3.71,3.75,218400
MPAA,20110819,9.6,10.01,9.59,9.81,121300
MPB,20110819,8.12,8.12,8.12,8.12,0
MPEL,20110819,11.91,12.69,11.83,12.06,5845500
MPET,20110819,1.37,1.38,1.34,1.36,84200
MPWR,20110819,11.38,11.8,11.31,11.46,163700
MRCY,20110819,13.73,13.86,13.23,13.29,281600
MRGE,20110819,5.59,5.83,5.28,5.38,1233800
MRLN,20110819,10.08,10.14,9.39,9.49,25000
MRTN,20110819,11.6733,12.3267,11.6733,11.98,148200
MRVL,20110819,12.85,13.49,12.56,12.68,30482200
MSBF,20110819,5.2,5.2,5.2,5.2,0
MSCC,20110819,15.1,15.47,14.82,15,551600
MSEX,20110819,17.37,17.71,17.19,17.21,52400
MSFG,20110819,8.02,8.27,7.75,7.82,82600
MSFT,20110819,24.41,24.62,23.91,24.05,77402300
MSON,20110819,2.3,2.3,2.25,2.29,1200
MSTR,20110819,106.72,111.18,105.47,105.92,147900
MTEX,20110819,7,7,6,7,13200
MTGE,20110819,19.01,19.17,18.79,18.86,89600
MTRX,20110819,10.25,10.69,9.9,9.94,120700
MTSC,20110819,33.96,35.31,33.56,34.7,154100
MTSL,20110819,1.37,1.37,1.36,1.36,200
MTSN,20110819,1.37,1.42,1.29,1.33,87000
MU,20110819,5.49,5.66,5.2,5.25,49901200
MVIS,20110819,7.2,7.76,6.96,7.44,650700
MXIM,20110819,21.24,21.8,21.16,21.25,3247500
MXWL,20110819,14.9,15.27,14.61,14.95,228700
MYGN,20110819,18.81,19.39,18.59,18.82,557200
MYL,20110819,18.46,18.52,17.74,17.83,11507900
MYRG,20110819,17.55,18.25,17.44,17.51,118300
NAII,20110819,4.79,4.88,4.79,4.88,800
NANO,20110819,14.9,15.42,14.5,14.8,319400
NATH,20110819,18.68,18.98,18.68,18.79,2200
NATI,20110819,22.47,23.22,22.22,22.38,266800
NATL,20110819,21.58,22.2,21.1,21.55,31400
NATR,20110819,17.97,18.39,16.84,18.22,78400
NAUH,20110819,8.68,9.04,8.4,8.46,25900
NAVG,20110819,39.68,40.67,39.68,39.99,80200
NBBC,20110819,4.5,4.53,4.46,4.46,16600
NBIX,20110819,5.73,6.1,5.73,5.89,309500
NBN,20110819,10.61,10.61,10.61,10.61,0
NBTB,20110819,18.31,18.93,18,18.27,127400
NCIT,20110819,14.64,15.04,14.33,14.54,51000
NCMI,20110819,14.3,14.64,13.96,13.99,457800
NCTY,20110819,5.37,5.45,5.01,5.14,65100
NDAQ,20110819,21.37,22.1,21.15,21.2,1876700
NDSN,20110819,36.86,41.13,36.12,39.31,1679900
NECB,20110819,6.71,6.71,6.71,6.71,0
NEOG,20110819,22.2667,22.9267,21.7267,22.02,187000
NEPT,20110819,3.91,3.99,3.65,3.71,160600
NEWP,20110819,11.27,11.78,11.19,11.32,203000
NEWS,20110819,8.27,8.89,8.27,8.4,82300
NEWT,20110819,6.4,6.6,6.4,6.5,5000
NFBK,20110819,12,12.58,12,12.37,45300
NFEC,20110819,1.11,1.15,0.87,1.01,49500
NFLX,20110819,30.6243,31.5714,29.2857,29.3157,4696700
NICE,20110819,28.05,29.11,27.83,27.99,405900
NICK,20110819,10.39,10.63,10.15,10.37,15600
NIHD,20110819,36.58,37.06,36.09,36.68,3168300
NILE,20110819,31.11,32.63,30.32,30.44,637700
NKSH,20110819,24.07,24.35,24.01,24.01,9300
NKTR,20110819,4.94,5.27,4.81,5.02,1102000
NLST,20110819,1.57,1.67,1.55,1.63,78800
NMRX,20110819,6.44,6.69,6.16,6.16,29700
NNBR,20110819,6.42,7.08,6.34,6.6,222800
NPBC,20110819,6.13,6.49,6.13,6.14,1088500
NRIM,20110819,19.14,19.18,18.98,18.98,700
NSEC,20110819,11.7,11.7,11.7,11.7,500
NSIT,20110819,15.4,16.15,15.39,15.68,370700
NSPH,20110819,28.4,29,27.8,29,62500
NSSC,20110819,2.73,2.73,2.59,2.73,4700
NSYS,20110819,3.35,3.39,3.28,3.38,5800
NTAP,20110819,34.85,36.87,34.79,35.95,14439400
NTCT,20110819,12.01,12.69,12.01,12.13,321500
NTES,20110819,44.38,45.59,42.76,42.8,1809400
NTGR,20110819,26.56,27.66,25.91,26.18,586600
NTIC,20110819,16,16.79,16,16.75,3500
NTLS,20110819,17.8,18.16,17.25,17.77,219700
NTRI,20110819,11.98,12.6,11.92,12.13,428100
NTRS,20110819,34.93,35.94,34.7,34.78,2596500
NTWK,20110819,8.3,8.5,8.2,8.5,109300
NUAN,20110819,16.58,17.12,16.32,16.36,1739500
NURO,20110819,2.4,2.64,2.4,2.64,14300
NUTR,20110819,13.06,13.34,13.02,13.05,22700
NUVA,20110819,21.69,22.06,21.03,21.08,667200
NVAX,20110819,1.26,1.3,1.23,1.26,593400
NVDA,20110819,11.74,12.39,11.65,11.73,19035700
NVEC,20110819,56.18,59.15,56.18,57.34,54400
NVGN,20110819,0.85,0.85,0.77,0.78,64700
NVLS,20110819,26.34,27.31,26.13,26.24,1543600
NVMI,20110819,6.46,6.67,6.16,6.26,225900
NVSL,20110819,7.33,7.7,7.32,7.38,8600
NWBI,20110819,10.76,11.31,10.76,10.95,1041700
NWFL,20110819,26,26.1,26,26,300
NWLI,20110819,142.09,145.31,141.71,141.71,11900
NWPX,20110819,25.01,25.31,23.43,23.59,87700
NWS,20110819,15.96,16.35,15.74,15.8,8084200
NWSA,20110819,15.92,16.28,15.51,15.56,55479400
NXPI,20110819,16.63,16.88,15.85,15.94,1075900
NXST,20110819,6.48,6.88,6.48,6.5,47500
NXTM,20110819,16.84,17.75,16.44,17.44,645600
NYMT,20110819,7.07,7.12,7,7.02,37600
NYMX,20110819,7.22,7.41,7.1,7.4,49700
NYNY,20110819,0.73,0.74,0.69,0.73,110500
OBAS,20110819,7.15,7.15,7.15,7.15,0
OBCI,20110819,2.58,2.68,2.57,2.57,2600
OCC,20110819,3.62,3.62,3.6,3.62,3200
OCFC,20110819,11.82,11.88,11.46,11.6,69100
OCLR,20110819,3.43,3.55,3.23,3.26,1184500
OCLS,20110819,9.24,10.15,9.1,10.01,33800
ODFL,20110819,18.6467,19.36,18.5,18.6867,616000
OFED,20110819,10.92,10.92,10.92,10.92,200
OFIX,20110819,35.55,36.25,35,35.01,103400
OFLX,20110819,12.61,13.04,12.61,12.89,7200
OGXI,20110819,10.74,11.25,10.55,11.01,24800
OIIM,20110819,4.5,4.64,4.49,4.51,99400
OKSB,20110819,4.88,5.04,4.72,4.75,168900
OLBK,20110819,7.26,7.26,7.26,7.26,100
OMAB,20110819,14.75,14.75,13.41,13.64,12300
OMCL,20110819,13.9,14.31,13.87,14.08,286900
OMER,20110819,3.8,4,3.32,3.48,186800
OMEX,20110819,2.53,2.64,2.49,2.54,604900
ONCY,20110819,3.72,3.8,3.65,3.75,68800
ONEQ,20110819,92.76,95.08,92.09,92.39,17200
ONFC,20110819,8.54,8.54,8.5,8.5,1400
ONTY,20110819,6.41,6.98,6.41,6.7,600500
ONVI,20110819,3.93,3.93,3.93,3.93,0
OPHC,20110819,2.6,2.6,2.6,2.6,0
OPOF,20110819,11.33,11.36,11.22,11.22,300
OPTT,20110819,3.89,3.99,3.75,3.96,86000
OPXA,20110819,6.04,6.32,5.92,6.04,202000
OPXAW,20110819,0.4,0.4,0.4,0.4,500
ORBC,20110819,2.17,2.24,2.17,2.17,122500
ORBK,20110819,10.51,10.51,10.23,10.33,60500
OREX,20110819,1.26,1.36,1.26,1.32,230900
ORIT,20110819,12.01,12.27,11.75,11.77,530000
ORLY,20110819,60.81,62.59,60.55,61.07,2355100
ORRF,20110819,15.1,15.29,14.66,14.67,40400
OSBC,20110819,1.28,1.36,1.28,1.3,22500
OSBCP,20110819,3.98,4,3.8,4,2400
OSHC,20110819,11.38,11.38,11.3,11.3,4100
OSIR,20110819,5,5.29,5,5.08,79600
OSIS,20110819,33.8,34.94,33.33,34.2,88100
OSN,20110819,2.29,2.68,2.25,2.27,40000
OSTK,20110819,9.77,10.21,9.68,9.82,63100
OSUR,20110819,6.5,6.98,6.41,6.44,198300
OTEX,20110819,26.88,28,26.88,27.69,990900
OTIV,20110819,1.75,1.77,1.69,1.72,117400
OTTR,20110819,19.73,20.34,19.63,19.92,146000
OVBC,20110819,16.64,16.64,16.01,16.12,4400
OVLY,20110819,5.5,5.5,5.5,5.5,0
OVTI,20110819,23.65,24.65,23.46,23.83,2624200
OXGN,20110819,15.36,17.52,15,15.84,249500
OXLC,20110819,16.12,17.9,16.12,16.39,5400
OZRK,20110819,10.77,11.135,10.52,10.55,202800
PAAS,20110819,29.67,30.9,29.64,30.2,1404300
PACB,20110819,5.71,5.77,5.39,5.49,472900
PACW,20110819,14.6,14.99,14.15,14.62,227000
PAGG,20110819,29.15,29.87,29.1,29.27,56800
PANL,20110819,27.57,29.49,27.55,27.92,1273000
PATK,20110819,1.3,1.38,1.3,1.38,2200
PAYX,20110819,25.46,25.99,25.3,25.35,3647400
PBCT,20110819,10.61,10.91,10.54,10.56,5473600
PBHC,20110819,9.15,9.15,9.15,9.15,200
PBIB,20110819,2.96,3.23,2.96,3,7000
PBIP,20110819,5.7,5.72,5.7,5.72,500
PCAR,20110819,34.34,35.58,33.82,34.02,5151100
PCBK,20110819,7.86,8.05,7.72,7.72,33400
PCCC,20110819,7.38,8.04,7.38,7.89,77900
PCH,20110819,31.53,32.38,31.2,31.24,254000
PCLN,20110819,453.98,477.8,445.15,448.95,2202200
PCO,20110819,2.38,2.48,2.27,2.4,326400
PCOM,20110819,7.84,8.04,7.83,7.99,19600
PCRX,20110819,8.65,9.33,8.65,9.24,86200
PCTI,20110819,6.02,6.21,6.02,6.14,19400
PCYO,20110819,3.25,3.25,3.13,3.16,3400
PDCO,20110819,27.59,28.38,27.44,27.81,936100
PDEX,20110819,1.8,1.8,1.8,1.8,400
PDFS,20110819,4.79,4.94,4.79,4.87,64500
PDII,20110819,6.84,6.87,6.76,6.79,3700
PDLI,20110819,5.7,5.94,5.7,5.78,1300900
PEBK,20110819,5.02,5.02,5.02,5.02,100
PEBO,20110819,10.78,10.8,9.85,9.86,23200
PEGA,20110819,18.88,20.49,18.015,18.09,670200
PEIX,20110819,5.4,6.15,5.25,5.25,4461100
PENN,20110819,35.3,36.5,35.04,35.92,872900
PERF,20110819,11.66,11.66,11.66,11.66,0
PERY,20110819,17.5,18.64,17,17.08,267400
PESI,20110819,6.95,7.1,6.8,6.9,42600
PETS,20110819,9.87,10.04,9.79,9.88,264100
PFBC,20110819,7.31,7.32,7.31,7.32,1200
PFBI,20110819,6.13,6.37,6,6.09,6800
PFBX,20110819,11.43,11.93,11.43,11.68,1500
PFIN,20110819,4.96,5.12,4.93,4.93,800
PFLT,20110819,11.16,11.33,11.06,11.33,34900
PFSW,20110819,4.73,4.99,4.73,4.99,35400
PGC,20110819,10.88,10.98,10.82,10.98,2600
PGNX,20110819,5.88,6.6,5.74,6.44,210600
PGTI,20110819,1.81,1.85,1.74,1.81,1200
PHII,20110819,19.74,20.42,19.74,20,800
PHIIK,20110819,20.55,21.07,20.13,20.36,36300
PHMD,20110819,13.45,13.48,13.04,13.28,2200
PICO,20110819,22.79,23.39,22.16,22.95,126100
PKBK,20110819,7.54,7.54,7.5,7.5,1100
PKOH,20110819,13.46,14.68,13.37,13.6,60000
PLAB,20110819,6.6,6.9,6.34,6.39,1291900
PLBC,20110819,1.95,1.95,1.95,1.95,700
PLCE,20110819,38.92,40.78,38.57,38.87,1193300
PLCM,20110819,21.44,21.96,20.73,20.86,2259100
PLNR,20110819,2.29,2.3,2.12,2.17,9900
PLPC,20110819,48,48.9,47.8,48.11,8800
PLTM,20110819,22.49,22.95,22.38,22.59,16600
PLUG,20110819,1.6,1.69,1.54,1.58,156400
PLUS,20110819,23.18,23.88,23.15,23.31,10400
PLXS,20110819,24.26,25.58,24.26,24.42,380500
PMBC,20110819,4.11,4.11,3.93,4.09,900
PMCS,20110819,5.48,5.63,5.42,5.47,3820200
PMD,20110819,8.62,8.75,8.57,8.58,18800
PNBK,20110819,19.8,19.8,19.8,19.8,3000
PNFP,20110819,11.91,12.02,11.29,11.32,308800
PNNT,20110819,9.4,9.74,9.18,9.2,421900
PNQI,20110819,32.4,33.71,32.11,32.18,28700
PNRA,20110819,100.63,105.97,100.63,102.45,683100
PNRG,20110819,18.89,19.9,17.5,19.4,1800
PNTR,20110819,4.53,4.53,4.45,4.45,5300
PODD,20110819,16.2,17.02,16,16.57,487400
POOL,20110819,23.01,24.32,22.98,23.36,371300
POPE,20110819,47.58,47.6,45.06,45.06,5500
POWI,20110819,28.98,30.2,28.83,29.47,306500
POWL,20110819,34.68,34.68,32.6,33.06,40300
POZN,20110819,2.89,3.05,2.79,2.93,140700
PPBI,20110819,6.44,6.44,6.44,6.44,500
PPHM,20110819,1.29,1.32,1.27,1.27,309100
PRAA,20110819,22.3533,23.3333,22.3533,22.56,89500
PRAN,20110819,1.54,1.7,1.54,1.55,59000
PRCP,20110819,6.38,6.38,5.96,6.14,8900
PRFT,20110819,7.57,8.02,7.5,7.69,112800
PRFZ,20110819,53.29,54.92,53.2,53.23,31100
PRGS,20110819,18.83,19.54,18.49,18.64,585400
PRGX,20110819,5.71,5.8,5.59,5.61,82800
PRIM,20110819,9.76,10.35,9.62,9.66,128400
PRKR,20110819,0.87,0.89,0.84,0.84,106400
PRMW,20110819,3.85,4.2,3.84,3.88,545000
PROV,20110819,8.24,8.41,8.1,8.25,38600
PRPH,20110819,0.82,0.82,0.82,0.82,0
PRSC,20110819,10.04,10.45,10.04,10.15,27800
PRTS,20110819,5.97,6.1,5.67,5.75,59900
PRXI,20110819,16.9,17.4,16.5,17.4,49700
PRXL,20110819,17.68,18.57,17.68,18,376800
PSAU,20110819,47.6,48.62,47.15,47.76,27000
PSBH,20110819,4.75,4.75,4.75,4.75,0
PSCC,20110819,28.61,28.71,28.32,28.33,2900
PSCD,20110819,22.69,23.89,22.65,23.11,8800
PSCE,20110819,30.24,31.11,29.63,29.75,110400
PSCF,20110819,23.03,23.79,23.03,23.22,11000
PSCH,20110819,26.29,27.37,26.21,26.77,46900
PSCI,20110819,23.21,23.83,23.21,23.35,4300
PSCM,20110819,23.36,24.02,23.29,23.57,21400
PSCT,20110819,23.67,24.21,23.48,23.61,9900
PSCU,20110819,27.45,28.14,27.45,27.74,4600
PSDV,20110819,4.44,4.48,4.35,4.36,15200
PSEC,20110819,8.37,8.6,8.04,8.07,2578000
PSEM,20110819,6.95,7.21,6.8,6.83,121800
PSMT,20110819,51.49,54.22,51.37,52.99,198100
PSTB,20110819,3.91,4,3.86,3.87,69100
PSTI,20110819,2.45,2.55,2.45,2.45,85400
PSUN,20110819,2.05,2.11,2.03,2.06,773300
PTEN,20110819,23.42,24.06,22.31,22.34,3734700
PTIE,20110819,4.55,4.74,4.49,4.56,322500
PTNR,20110819,10.77,10.89,10.59,10.63,193800
PTSI,20110819,10.07,10.27,9.47,10.09,3800
PULB,20110819,6.6,6.8,6.56,6.66,5400
PVTB,20110819,8.3,8.49,7.89,7.92,865900
PVTBP,20110819,25.7,25.85,25.4,25.55,7900
PWOD,20110819,33.01,33.8,32.8,32.86,5200
PWX,20110819,13.44,14.84,13.44,13.86,1700
PXLW,20110819,2.3,2.36,2.25,2.27,10500
PZZA,20110819,13.48,14.115,13.48,13.85,128300
QABA,20110819,19.76,20.02,19.3,19.31,4700
QADA,20110819,10.04,10.13,9.6,10.11,44600
QADB,20110819,9.58,9.69,9.44,9.61,5300
QBAK,20110819,1.67,1.72,1.67,1.67,1400
QCCO,20110819,3.75,3.94,3.75,3.87,1600
QCLN,20110819,11.39,11.46,11,11,5000
QCOM,20110819,47.23,48.17,46.44,46.52,24555700
QCRH,20110819,9.01,9.1,8.95,9.1,1500
QDEL,20110819,13.6,13.6,13.03,13.4,158500
QGEN,20110819,14.37,14.76,14.34,14.44,1833000
QKLS,20110819,33.12,33.12,31.2,32.16,8700
QLGC,20110819,12.7,12.95,12.23,12.31,2349200
QLIK,20110819,24.96,25.63,23.5,23.99,2319800
QLTI,20110819,6.02,6.3,6,6.16,392400
QNST,20110819,11.41,11.77,11.18,11.36,590200
QQEW,20110819,21.18,21.68,21.02,21.02,17400
QQQ,20110819,50.43,51.67,49.99,50.03,96674500
QQQX,20110819,12.54,12.88,12.5,12.51,67300
QQXT,20110819,19.8,20.24,19.8,19.84,3400
QSII,20110819,38.12,39.47,37.76,38.315,294700
QTEC,20110819,20.96,21.57,20.73,20.8,155200
QTWW,20110819,11.76,12.24,11.12,11.28,335300
QUIK,20110819,2.49,2.61,2.46,2.52,279600
RADA,20110819,2.64,2.65,2.54,2.54,7300
RAIL,20110819,16.53,17.16,15.97,16.12,117600
RAND,20110819,2.65,2.65,2.65,2.65,100
RAVN,20110819,22.15,23.525,22.15,22.64,62400
RBCAA,20110819,16.82,17.1,16.52,16.98,41100
RBCN,20110819,12.26,13.01,12.08,12.16,798500
RBPAA,20110819,0.97,1.1,0.97,0.97,1100
RCII,20110819,23.72,24.13,23.09,23.17,766200
RCKY,20110819,10.74,11.15,10.74,10.98,11100
RCMT,20110819,4.45,4.5,4.36,4.38,10200
RCON,20110819,1.76,1.77,1.51,1.59,9500
RDCM,20110819,4.16,4.28,3.99,4.18,16800
RDEN,20110819,30.93,31.65,30.01,30.26,424800
RDI,20110819,4.16,4.32,3.97,4.27,17200
RDNT,20110819,2.3,2.47,2.3,2.34,220600
RDWR,20110819,12.505,12.905,12.25,12.405,270000
RECN,20110819,9.71,10.06,9.69,9.8,301900
REDF,20110819,7.25,7.75,7.11,7.4,401200
REFR,20110819,3.76,3.8,3.7,3.74,21700
REGN,20110819,52.29,55.08,51.9,54.37,1597800
REIS,20110819,9.22,9.42,9.11,9.23,1900
RELL,20110819,13.23,13.63,13.23,13.45,103700
RELV,20110819,1.5,1.56,1.5,1.5,1300
RENT,20110819,12.99,13.24,11.25,11.57,143100
REXI,20110819,4.65,4.87,4.64,4.64,10500
REXX,20110819,11.33,11.93,11.05,11.43,648500
RFIL,20110819,3.79,3.85,3.61,3.62,11200
RGCO,20110819,17.49,17.49,17.25,17.25,700
RGEN,20110819,3.3,3.36,3.3,3.3,15600
RGLD,20110819,68.25,70.4,68.19,70,1189600
RICK,20110819,7.04,7.17,7.02,7.07,72400
RIGL,20110819,7.07,7.62,7.07,7.59,656400
RITT,20110819,4.37,4.89,4.08,4.2,48500
RIVR,20110819,16.25,16.25,16.25,16.25,0
RJET,20110819,3.32,3.77,3.26,3.26,418400
RLOC,20110819,13.16,13.84,13.16,13.5,161200
RLOG,20110819,6.64,6.64,6.46,6.64,800
RMBS,20110819,10.48,11.02,10.35,10.58,1176100
RMCF,20110819,8.65,8.99,8.54,8.77,14400
RMTI,20110819,8.87,9.03,8.67,8.72,65000
RNET,20110819,14.7,14.7,13.2,13.8,20800
RNST,20110819,12.5,12.91,12.17,12.25,106900
RNWK,20110819,2.89,3.02,2.81,2.81,436200
ROCK,20110819,7.9,8,7.45,7.53,151800
ROIA,20110819,1.4,1.41,1.34,1.34,2000
ROIAK,20110819,1.41,1.42,1.32,1.34,56900
ROIC,20110819,10.8,11.13,10.8,11,370900
ROLL,20110819,31.11,32.67,30.31,30.89,117300
ROSG,20110819,18.45,18.9,17.25,17.85,12600
ROST,20110819,17.51,17.775,17.31,17.5075,2455500
ROVI,20110819,43.73,44.64,43.11,43.16,1752800
ROYL,20110819,2.65,2.79,2.6,2.62,124900
RP,20110819,22.93,23.67,21.57,21.64,168100
RPRX,20110819,4.28,4.5,4.19,4.25,140700
RPTP,20110819,4.39,4.51,4.33,4.38,138900
RPXC,20110819,23.78,24.05,22.01,23.46,88400
RRD,20110819,13.66,14.17,13.66,13.76,3303700
RRGB,20110819,28.88,30.58,28.63,29.09,367400
RSTI,20110819,21.46,22.5,21.42,21.56,206900
RSYS,20110819,7.38,7.63,7.32,7.38,91200
RTIX,20110819,3.5,3.75,3.45,3.65,784200
RUSHA,20110819,15.93,16.04,15.28,15.69,212100
RUSHB,20110819,12.78,13.14,12.43,12.95,1400
RUTH,20110819,4.3,4.68,4.27,4.39,432600
RVSB,20110819,2.75,2.75,2.65,2.7,32800
RXII,20110819,1.03,1.06,1.02,1.06,318200
RYAAY,20110819,26.49,26.86,25.75,25.99,455100
SAAS,20110819,3.5,3.62,3.48,3.51,113000
SAFM,20110819,41.93,42,40.01,40.44,302500
SAFT,20110819,38.08,38.54,37.51,37.59,34400
SAIA,20110819,7.84,8.1133,7.54,7.6067,134000
SALM,20110819,2.67,2.67,2.67,2.67,100
SANM,20110819,7.5,7.74,7.22,7.23,765500
SANW,20110819,4.3,4.78,4.3,4.78,6900
SASR,20110819,14.46,15.08,14.42,14.48,108900
SATS,20110819,22.75,23.41,22.44,22.6,159600
SAVE,20110819,10.77,11.09,10.25,10.55,318300
SBAC,20110819,34.02,34.79,33.81,33.98,1202700
SBBX,20110819,5.72,5.73,5.55,5.73,600
SBCF,20110819,6.75,7.1,6.75,6.75,303300
SBGI,20110819,7.55,8.03,7.47,7.49,773400
SBLK,20110819,21.45,22.35,21.15,22.35,437500
SBNY,20110819,48.8,49.88,47.52,47.68,447700
SBNYW,20110819,26.21,26.21,25.38,26.21,1200
SBRA,20110819,10.78,11.07,10.54,10.65,364200
SBSA,20110819,3.45,3.45,3.1,3.23,8400
SBSI,20110819,18.2857,18.4095,17.9143,17.981,60000
SBUX,20110819,17.375,18.075,17.19,17.55,12792900
SCHL,20110819,24.3,25.1,23.84,23.93,108700
SCHN,20110819,40.28,41.63,39.32,39.62,448000
SCLN,20110819,4.59,4.7,4.5,4.58,367400
SCMP,20110819,3.02,3.14,2.99,3.03,25400
SCON,20110819,18.24,18.48,17.4,17.64,95900
SCOR,20110819,14.21,14.65,14.19,14.26,345800
SCSC,20110819,27.87,30.58,27.87,30.15,258600
SCSS,20110819,12.57,13.61,12.57,12.86,1212000
SCVL,20110819,17.4667,18,17.16,17.3333,88600
SEAC,20110819,7.19,7.49,6.92,6.96,99000
SEED,20110819,3.4,3.43,3.09,3.18,167600
SEIC,20110819,15.76,16.45,15.69,15.71,1405200
SENEA,20110819,20.61,21,20.49,20.56,40000
SENEB,20110819,20.78,20.78,20.78,20.78,0
SEV,20110819,6.11,6.23,6.09,6.09,2400
SFLY,20110819,42.47,44.92,41.37,41.53,644100
SFNC,20110819,21.04,21.84,21,21.42,74300
SFST,20110819,7.8,7.9,7.64,7.64,4100
SGC,20110819,11.47,11.48,11.1,11.34,900
SGEN,20110819,13.75,15.93,13.61,15.04,8444800
SGI,20110819,13.45,15.7,13.12,15.1,3427200
SGMA,20110819,4.17,4.17,4.14,4.14,4900
SGMO,20110819,4.65,4.82,4.45,4.49,529500
SGMS,20110819,8.12,8.36,7.94,7.98,729100
SGNT,20110819,20.7,23.72,19.78,20.82,75100
SGOC,20110819,3.55,3.68,3.55,3.58,4500
SGRP,20110819,1.08,1.2,1.08,1.18,10400
SHBI,20110819,5.56,6.04,5.56,5.74,1000
SHEN,20110819,12.51,12.89,12.45,12.47,84900
SHIP,20110819,3.49,3.49,2.9,3.15,6800
SHLD,20110819,54.91,55.57,52.06,52.55,1247300
SHLM,20110819,16.54,17.29,16.54,16.81,191700
SHLO,20110819,9.21,9.34,8.92,9.1,15300
SHOO,20110819,20.4333,21.4,20.38,20.7467,518900
SHOR,20110819,6.93,7.33,6.81,6.93,463000
SIAL,20110819,58.72,60.81,58.65,58.97,995600
SIBC,20110819,11.5,11.6,11.48,11.6,8600
SIEB,20110819,1.47,1.55,1.36,1.55,2200
SIFI,20110819,9.32,9.5,9.26,9.4,38000
SIFY,20110819,4.12,4.4,4.12,4.28,495300
SIGI,20110819,14.63,14.72,14.3,14.33,1206100
SIGM,20110819,7.83,8.14,7.81,7.86,208100
SILC,20110819,12.65,12.9,12.17,12.31,31300
SIMO,20110819,9.93,10.64,9.93,10.23,383900
SINA,20110819,95.05,100.54,89.83,90.05,8597100
SINO,20110819,3.35,3.56,3.32,3.46,52900
SIRI,20110819,1.71,1.82,1.7,1.77,94251600
SIRO,20110819,41.19,42.06,39.3,39.55,856200
SIVB,20110819,42.37,42.89,40.03,40.19,1125300
SIVBO,20110819,24.25,24.25,24.22,24.23,1500
SKBI,20110819,3.13,3.35,3.02,3.17,40400
SKUL,20110819,15,15.75,14.46,15.3,401700
SKYW,20110819,12.91,13,12.02,12.07,585400
SKYY,20110819,15.4,15.77,15.01,15.16,93900
SLAB,20110819,31.2,32.63,31.2,31.57,483300
SLGN,20110819,36.11,36.83,35.74,36.14,414400
SLMAP,20110819,42.95,44.5,42.8,43.3,12000
SLP,20110819,3.07,3.09,3.01,3.05,7900
SLRC,20110819,20.68,21.42,20.58,20.68,207700
SLTC,20110819,4.86,4.97,4.86,4.9,500
SMBC,20110819,10.32,10.43,10.29,10.43,800
SMCI,20110819,14.24,14.24,12.75,13.28,265900
SMED,20110819,3.19,3.3,3.19,3.27,97000
SMIT,20110819,3.54,3.54,3.31,3.37,1200
SMMF,20110819,3.4,3.4,3.24,3.24,1600
SMRT,20110819,6.24,6.34,6.01,6.1,258100
SMSI,20110819,1.73,1.77,1.72,1.73,449600
SMT,20110819,4.37,4.49,4.28,4.42,261800
SMTC,20110819,19.29,20,19.16,19.46,604700
SMTX,20110819,1.41,1.45,1.36,1.41,36900
SNAK,20110819,3.91,4,3.91,3.95,22100
SNBC,20110819,13.95,14.9,13.7,14.75,185600
SNCR,20110819,24.78,25.86,24.52,24.68,272200
SNDK,20110819,32.98,34.05,32.45,32.5,8365600
SNFCA,20110819,1.38,1.38,1.38,1.38,0
SNHY,20110819,21.55,23.23,21.51,22.11,89700
SNMX,20110819,3.88,4.07,3.81,3.83,118800
SNPS,20110819,23.43,24.11,23.34,23.39,2100800
SNSS,20110819,1.4,1.43,1.31,1.32,273200
SNTA,20110819,3.79,4.02,3.79,3.96,80800
SOCB,20110819,2.04,2.04,2,2,4600
SODA,20110819,41.95,43,37.75,37.94,3749900
SOFO,20110819,11.52,12,11.35,11.53,4700
SOHU,20110819,68.96,72,68.5,69.01,1810800
SONA,20110819,6.99,7.13,6.99,7.1,700
SONC,20110819,8.76,9.2,8.76,9.08,1158600
SONS,20110819,11.15,11.9,11,11.45,1670700
SORL,20110819,3.44,3.44,3.3,3.35,70800
SOXX,20110819,44.66,46.07,44.17,44.32,519200
SPAN,20110819,14.14,14.5,14.14,14.5,10500
SPAR,20110819,4.14,4.33,4.1,4.11,181100
SPEX,20110819,30.2,30.4,27.2,28.8,4800
SPIL,20110819,4.02,4.06,3.91,3.93,1260900
SPLS,20110819,13.36,13.99,13.33,13.54,11599300
SPNC,20110819,6.25,6.27,6.04,6.05,85700
SPNS,20110819,4.04,4.11,3.41,4.1,55800
SPPI,20110819,8.21,8.59,8.1,8.18,1044500
SPRO,20110819,2.19,2.2,2.17,2.19,5000
SPRT,20110819,2.7,2.77,2.55,2.63,372300
SPSC,20110819,17.37,17.82,16.58,16.67,37700
SPTN,20110819,14.16,14.6,14.07,14.24,75900
SPU,20110819,2.36,2.52,2.25,2.44,108300
SQI,20110819,13.76,13.76,13.1,13.12,52200
SQNM,20110819,5.32,5.51,5.26,5.28,1523900
SQQQ,20110819,514.24,526.56,477.12,524.64,4303200
SRCE,20110819,19.89,20.83,19.67,20.13,39100
SRCL,20110819,78.09,80.82,78.01,79.96,1133400
SRDX,20110819,10.03,10.46,9.91,10.16,35200
SREV,20110819,14.64,15.28,14.29,14.78,456000
SSBI,20110819,6.5,6.5,6.28,6.33,1400
SSFN,20110819,5.88,5.98,5.6,5.8,6300
SSNC,20110819,15.08,15.86,15.06,15.41,95900
SSRI,20110819,25.8,26.48,25.4,25.45,913400
SSYS,20110819,21.99,22.67,21.05,21.26,415400
STAA,20110819,6.6,7.08,6.57,6.95,446700
STBA,20110819,15.31,15.94,15.31,15.45,145400
STBZ,20110819,13.76,14.66,13.76,14.19,106800
STEM,20110819,2.11,2.17,2.1,2.12,43800
STFC,20110819,14.7,15.41,14.25,14.55,41300
STKL,20110819,4.84,4.97,4.68,4.73,400300
STLD,20110819,11.58,12.03,11.4,11.42,2005300
STLY,20110819,3.4,3.52,3.25,3.35,19100
STMP,20110819,15.17,15.78,15.15,15.31,142800
STNR,20110819,39.55,41.06,38.3,39.29,78100
STPP,20110819,43.85,43.85,43.85,43.85,0
STRA,20110819,90.75,92.41,88.4,88.6,269900
STRL,20110819,11.28,12.05,11.14,11.17,97800
STRM,20110819,1.76,1.95,1.72,1.73,17700
STRS,20110819,10.05,10.05,10.03,10.03,200
STRT,20110819,22.23,23.38,22.2,23,4700
STX,20110819,10.6,10.6,9.96,10.08,15137200
STXS,20110819,9.7,10.1,9.5,9.7,914800
SUBK,20110819,8.42,8.56,8.17,8.2,44600
SUMR,20110819,6.3,6.5,6.08,6.12,87000
SUNS,20110819,14.89,15.22,14.57,14.57,49200
SURG,20110819,4.91,5.05,4.85,5.02,88300
SVA,20110819,2.02,2.07,1.95,2.05,345800
SVBI,20110819,2.84,2.84,2.54,2.54,2700
SVVC,20110819,16.2,16.63,16.2,16.6,2100
SWHC,20110819,2.78,2.87,2.76,2.84,352400
SWIR,20110819,7.11,7.32,7.09,7.24,153400
SWKS,20110819,18.79,20.05,18.75,18.78,3981200
SWSH,20110819,39.5,40.8,38.4,39.1,408000
SYBT,20110819,19.56,20.28,19.26,19.3,39800
SYKE,20110819,13.34,13.91,13.14,13.19,355000
SYMC,20110819,15.63,16.12,15.39,15.42,12079400
SYMX,20110819,1.8,1.87,1.75,1.75,57800
SYNA,20110819,22.57,23.56,22.52,23.21,319600
SYNL,20110819,11.19,11.19,10.54,10.82,5200
SYNT,20110819,21.75,21.885,21.18,21.395,308000
SYPR,20110819,3.2,3.2,3.05,3.08,1500
SYUT,20110819,7.19,7.3,6.95,6.95,36900
SZYM,20110819,14.43,14.43,13.77,13.89,355500
TACT,20110819,8.75,8.85,8.64,8.85,16900
TAIT,20110819,1.14,1.14,1.14,1.14,0
TASR,20110819,3.77,3.92,3.73,3.78,621500
TAST,20110819,8.36,8.72,8.3,8.37,69200
TATT,20110819,5.03,5.03,5.02,5.02,200
TAXI,20110819,8.96,9.26,8.96,9.01,44800
TAYD,20110819,5.26,5.26,5.03,5.1,4300
TBBK,20110819,7.28,7.42,7.22,7.25,70800
TBNK,20110819,19.59,19.8,19.19,19.32,22700
TCBI,20110819,23.11,23.35,22.21,22.25,190900
TCBK,20110819,11.8,12.3,11.8,12.02,36900
TCCO,20110819,6.83,7.3,6.8,7.19,3000
TCRD,20110819,11.09,11.17,10.89,10.98,49300
TCX,20110819,2.96,3,2.88,2.92,26000
TEAR,20110819,1.3,1.36,1.3,1.3,31900
TECD,20110819,41.02,42.44,39,41.36,696100
TECH,20110819,67.32,70.09,67.24,68.75,120300
TESO,20110819,14.33,15.28,14.28,14.8,447200
TESS,20110819,13.1,13.51,13,13.08,50300
TFM,20110819,31.28,33.22,30.87,31.26,423000
TFSL,20110819,8.33,8.51,8.2,8.3,244800
TGA,20110819,8.78,9.13,8.65,8.7,143700
THFF,20110819,28.5,29.25,27.85,28.04,35500
THLD,20110819,1.27,1.36,1.25,1.34,110100
THOR,20110819,30.61,31.9,30.54,30.7,733600
THRX,20110819,17.32,18.55,16.59,17.5,409600
THTI,20110819,2.59,2.59,2.59,2.59,0
TICC,20110819,8.55,8.8,8.53,8.57,242100
TIGR,20110819,3.05,3.05,3.05,3.05,1400
TINY,20110819,4.16,4.19,4,4,164100
TISA,20110819,2.01,2.05,1.97,2.02,67500
TITN,20110819,20.95,22.61,20.63,21.25,311600
TIVO,20110819,7.89,8.2,7.76,7.88,2879500
TLF,20110819,4.61,4.8,4.29,4.76,13500
TNAV,20110819,8.1,8.72,8.1,8.52,258400
TNDM,20110819,10.77,11.26,10.77,10.82,344000
TNGO,20110819,9.97,11.35,9.85,10.44,82200
TOPS,20110819,14.63,15.75,11.83,14.07,13800
TORM,20110819,14.63,14.63,14.57,14.57,200
TOWN,20110819,10.75,11.12,10.5,10.52,65000
TQQQ,20110819,13.4,14.405,13.05,13.0925,1496400
TRAK,20110819,16.81,17.57,15.92,16.22,311300
TREE,20110819,5.46,5.66,5.23,5.23,109100
TRIB,20110819,10.69,10.72,10.65,10.68,35200
TRMB,20110819,16.21,17.06,16.21,16.375,509700
TRMK,20110819,19.76,20.11,19.26,19.28,649700
TRNS,20110819,10.94,10.94,10.7,10.87,900
TRNX,20110819,21.16,21.16,19.58,20.11,133900
TROW,20110819,46.65,48.65,46.28,46.44,4422200
TRS,20110819,17.68,18.25,16.9,16.92,276900
TRST,20110819,4.05,4.18,3.93,3.95,784800
TSBK,20110819,4.8,4.99,4.8,4.9,7100
TSCO,20110819,27.21,27.985,26.555,26.72,887700
TSEM,20110819,11.55,11.85,11.25,11.4,356200
TSLA,20110819,23.8,24.22,22,22.3,1375200
TSRA,20110819,13.07,13.59,12.9,13.01,944200
TSRI,20110819,4.31,4.31,4.31,4.31,0
TST,20110819,2.29,2.33,2.21,2.23,49800
TSYS,20110819,3.61,3.76,3.55,3.56,534500
TTEC,20110819,15.7,16.34,15.68,15.9,196600
TTEK,20110819,18.01,18.78,18.01,18.41,446200
TTGT,20110819,6.04,6.17,5.93,6.12,58000
TTHI,20110819,1.87,2.01,1.87,1.91,33400
TTMI,20110819,9.86,10.24,9.76,9.98,633100
TTWO,20110819,10.78,11.32,10.68,10.94,1491900
TUES,20110819,3.54,3.63,3.43,3.45,303500
TW,20110819,55.08,56.67,54.88,55.76,222200
TWER,20110819,3,3.12,2.92,2.95,350900
TWIN,20110819,31.07,33.37,31.01,32.26,107800
TWMC,20110819,1.89,1.89,1.89,1.89,0
TXN,20110819,25.16,25.8,24.79,24.82,14538600
TXRH,20110819,12.83,13.64,12.82,13.11,1084200
TYPE,20110819,10.37,10.67,10.1,10.1,201600
TZOO,20110819,33,36.3,32.31,32.55,1180600
UACL,20110819,11.14,12.79,11.14,12.26,43400
UBCP,20110819,8.56,8.56,8.56,8.56,0
UBFO,20110819,3.12,3.12,2.97,3.01,1000
UBNK,20110819,14.05,14.93,14.05,14.16,56100
UBOH,20110819,8.74,8.74,8.74,8.74,100
UBSH,20110819,10.55,10.97,10.01,10.37,78800
UBSI,20110819,19.76,20.5,19.59,19.64,321000
UCBA,20110819,6.02,6.3,6.02,6.3,700
UCBI,20110819,8.88,9.14,8.63,9.04,221200
UCFC,20110819,0.96,0.97,0.96,0.97,700
UCTT,20110819,4.96,5.15,4.85,4.9,213800
UEIC,20110819,17.54,18.18,17.46,17.81,68700
UEPS,20110819,6.81,7.16,6.81,7.01,77900
UFCS,20110819,15.64,16.37,15.58,15.84,68300
UFPI,20110819,24.78,26,24.42,25.47,126900
UFPT,20110819,16.26,16.51,15.58,15.92,26300
UG,20110819,13.74,14.01,13.74,13.85,500
UHAL,20110819,67.96,70.17,66.87,67.3,40100
ULBI,20110819,4.77,4.94,4.77,4.78,16800
ULTA,20110819,49.09,52.41,48.67,49.6,1111900
ULTI,20110819,45.37,47.59,45.37,46.64,349000
ULTR,20110819,3.27,3.52,3.27,3.35,61400
UMBF,20110819,34.79,35.69,34.33,34.67,193800
UMPQ,20110819,9.07,9.41,8.88,8.89,955700
UNAM,20110819,10.16,10.42,10.16,10.25,800
UNB,20110819,19.66,19.66,19.51,19.65,300
UNFI,20110819,36.76,37.89,36.69,36.88,235600
UNIS,20110819,3.97,4.23,3.92,4,157400
UNTD,20110819,4.88,5.06,4.83,4.92,941800
UNTY,20110819,6.42,6.55,6.4,6.55,1200
UNXL,20110819,4.38,4.95,3.98,4.8,94000
URBN,20110819,25.63,26.88,25.63,25.95,4334700
URRE,20110819,11.2,11.7,11.1,11.3,1421100
USAK,20110819,10.78,11,10.77,10.98,8900
USAP,20110819,30.91,32.57,30.26,30.59,88300
USAT,20110819,1.62,1.79,1.6,1.72,263500
USATP,20110819,17.99,17.99,17.99,17.99,0
USBI,20110819,6.4,6.53,6.4,6.53,400
USCR,20110819,6.44,6.44,6.05,6.05,1500
USEG,20110819,2.56,2.75,2.54,2.68,242100
USLM,20110819,39.02,39.51,39.02,39.5,3500
UTEK,20110819,20.73,21.91,20.71,20.95,311200
UTHR,20110819,48.29,50.24,48.07,48.77,1504800
UTIW,20110819,12.55,12.86,12.22,12.27,429200
UTMD,20110819,26.46,26.81,26.45,26.45,900
UTSI,20110819,3.72,4.02,3.72,3.78,153500
UVSP,20110819,13.25,13.33,12.75,12.77,64300
VALU,20110819,10.37,10.65,10.01,10.16,8400
VASC,20110819,11.69,11.79,11.43,11.44,34900
VBFC,20110819,36.8,36.8,36.8,36.8,300
VCIT,20110819,82.56,82.87,82.49,82.87,53800
VCLT,20110819,83.9,84.75,83.83,84.37,21300
VCSH,20110819,78.52,78.69,78.4,78.68,378400
VDSI,20110819,7.33,7.57,7.12,7.26,162300
VECO,20110819,33.2,34.94,32.78,34.46,2151200
VGIT,20110819,65.2,65.4,65.2,65.34,6200
VGLT,20110819,70.23,70.56,70,70.38,20200
VGSH,20110819,61.2,61.22,61.13,61.22,9300
VIA,20110819,51.03,51.34,49.62,49.89,27500
VIAB,20110819,41.41,42.22,40.71,40.87,8348400
VICL,20110819,3.35,3.66,3.25,3.47,1018100
VICR,20110819,10.12,10.33,9.83,10.08,178000
VIMC,20110819,1.45,1.46,1.3,1.36,47500
VIRC,20110819,2.13,2.16,2.12,2.16,700
VISN,20110819,39.8,39.8,34.6,35.6,167100
VIVO,20110819,17.19,17.73,16.81,17.1,341800
VLGEA,20110819,24.39,24.93,24.39,24.58,7100
VMBS,20110819,52.23,52.48,52.17,52.37,13200
VNDA,20110819,5.33,5.58,5.32,5.42,159800
VNET,20110819,10.78,10.78,9.97,10.3,255500
VNQI,20110819,45.43,46.29,45.35,45.38,27000
VOD,20110819,26.31,26.93,26.14,26.23,13225100
VONE,20110819,52.3,52.77,51.36,51.36,8200
VONG,20110819,53.36,53.93,53.26,53.26,400
VONV,20110819,49.79,50.58,49.56,49.56,6300
VOXX,20110819,5.77,5.97,5.66,5.82,177700
VRA,20110819,25.4,26.4,24.83,25.28,684700
VRML,20110819,2.82,2.85,2.6,2.76,65600
VRNT,20110819,24.84,25.42,24.29,24.42,308400
VRSK,20110819,31.66,32.1,31.38,31.64,1350900
VRSN,20110819,28.63,29.74,28.56,28.73,3046100
VRTA,20110819,5.16,5.16,5.16,5.16,0
VRTB,20110819,4.52,4.52,4.52,4.52,400
VRTS,20110819,54.71,56.46,53.42,54.74,56000
VRTU,20110819,13.05,13.2,12.51,12.52,118600
VRTX,20110819,44.8,47.9,44.53,46.49,2279700
VSAT,20110819,32.33,33.09,31.54,31.54,501400
VSCP,20110819,12.7,13.4,12,12.7,16200
VSEC,20110819,23.36,23.5,22.52,22.92,24800
VTHR,20110819,52.34,52.5,51.41,51.41,1100
VTWG,20110819,53.55,55.03,53.45,53.45,122500
VTWO,20110819,51.5,53.34,51.5,51.82,3500
VTWV,20110819,49.81,51.01,49.21,50.01,4700
VVUS,20110819,6.91,7.3,6.82,7.15,1061100
VXUS,20110819,43.46,44.31,43.19,43.21,68400
WABC,20110819,37.77,38.78,36.93,37,185300
WAFD,20110819,13.82,14.37,13.73,13.85,423500
WASH,20110819,19.36,19.83,18.8,18.88,32300
WAVX,20110819,9.36,9.68,9.12,9.28,250100
WAYN,20110819,8.31,8.32,8.31,8.32,2000
WBKC,20110819,13.5,14,13.5,14,16700
WBMD,20110819,32.63,33.74,32.25,32.58,803200
WDC,20110819,27.42,27.8,26.24,26.41,6436600
WDFC,20110819,38.05,39.39,38.02,38.49,44000
WERN,20110819,20.38,21.2,20.37,20.51,621100
WETF,20110819,7.82,7.86,7.27,7.43,749000
WEYS,20110819,21.69,22.44,21.69,22.02,13900
WFD,20110819,7.12,7.3,6.9,6.91,86400
WFM,20110819,28.97,29.76,28.355,28.415,3054400
WIBC,20110819,2.94,2.94,2.86,2.89,556500
WIFI,20110819,8.43,8.81,7.9,7.97,68700
WILC,20110819,5.61,5.84,5.46,5.7,33800
WILN,20110819,6.68,6.85,6.44,6.49,106600
WIN,20110819,11.6,11.87,11.55,11.63,6180200
WINA,20110819,42.46,44.8,41.94,43.3,6300
WIRE,20110819,19.92,20.63,19.9,20.12,122400
WLB,20110819,10.56,10.65,10.3,10.34,20400
WLDN,20110819,3.81,3.9,3.8,3.9,1300
WLFC,20110819,12.64,12.64,12.55,12.6,5500
WMAR,20110819,8.55,8.92,7.99,8.1,52600
WMGI,20110819,13.5,14.93,13.36,13.56,572000
WOOD,20110819,35.47,36.38,35.34,35.34,34700
WOOF,20110819,16.91,17.44,16.78,16.86,844400
WPCS,20110819,334.18,346.5,323.4,338.8,38200
WPPGY,20110819,48.43,49.74,48.09,48.24,112200
WPRT,20110819,21.51,23.22,21.25,21.32,846700
WRES,20110819,3.14,3.27,3.11,3.15,316500
WRLD,20110819,61.06,63.1,60.57,61.51,282100
WSBC,20110819,16.97,17.53,16.82,16.93,77700
WSBF,20110819,2.72,2.72,2.48,2.62,15900
WSCI,20110819,5.17,5.25,5.03,5.25,3600
WSFS,20110819,10.6933,11,10.69,10.79,35200
WSTG,20110819,11.91,11.94,11,11.44,2900
WSTL,20110819,2.31,2.43,2.29,2.41,361100
WTBA,20110819,8.35,8.37,8.06,8.14,21600
WTFC,20110819,27.56,27.91,27.04,27.61,706100
WTFCW,20110819,13.4,13.4,13.4,13.4,0
WVFC,20110819,9,9,9,9,200
WVVI,20110819,3.05,3.15,2.91,3,3400
WWD,20110819,26.56,27.96,26.27,26.42,275500
WWWW,20110819,8.41,8.77,8.1,8.12,383400
WYNN,20110819,132.26,138.83,130.14,131.34,3395100
XBKS,20110819,3.41,3.41,3.41,3.41,0
XLNX,20110819,28.49,29.27,28.26,28.36,4382400
XNPT,20110819,6.88,7.12,6.81,6.91,207300
XOMA,20110819,1.82,1.96,1.82,1.91,300300
XRAY,20110819,31.39,32.46,31.22,31.73,2241000
XXIA,20110819,7.61,7.75,7.4,7.45,316700
YHOO,20110819,12.75,13.08,12.72,12.92,26185700
YNDX,20110819,29,30.22,28.48,29.99,658600
YORW,20110819,16.65,17.15,16.6,16.92,39000
YRCW,20110819,0.67,0.71,0.65,0.68,4844000
Z,20110819,23.5,24.54,23.5,24.2,133200
ZAGG,20110819,14.26,15.4,14.03,14.48,1355300
ZBRA,20110819,32.02,32.9,31.87,31.94,213400
ZEUS,20110819,18.46,19.24,18.33,18.64,63200
ZGNX,20110819,29.84,30,26,27.2,137800
ZHNE,20110819,1.45,1.58,1.42,1.52,29100
ZINC,20110819,8.98,9.94,8.77,8.88,548900
ZION,20110819,15.53,15.98,15.08,15.1,3897600
ZIONW,20110819,2.79,3,2.76,2.8,115000
ZIOP,20110819,4.8,4.96,4.78,4.91,757200
ZIXI,20110819,3.02,3.15,2.92,2.97,686500
ZN,20110819,3.3,3.3,3.05,3.08,251000
ZUMZ,20110819,17.03,17.65,16.75,17.24,452200
