AAME,20130826,3.93,3.93,3.83,3.92,10100
AAON,20130826,16.4,16.74,16.22,16.2933,79700
AAPL,20130826,71.5357,72.8857,71.5,71.8529,11820100
AAWW,20130826,47.49,48.44,47.4,48,139400
AAXJ,20130826,55.07,55.07,54.42,54.51,561000
ABAX,20130826,41.72,42.24,41.13,41.25,79800
ABCB,20130826,19.42,19.68,18.93,19.44,86500
ABCD,20130826,1.54,1.6,1.52,1.57,81400
ABCO,20130826,56.95,58.49,56.57,58.22,221300
ABIO,20130826,1.35,1.35,1.32,1.34,35300
ABMD,20130826,22.41,23.44,22.26,23.19,256200
ABTL,20130826,5.99,6.05,5.85,6.03,29800
ACAD,20130826,20.58,21.45,20.51,20.9,2106900
ACAS,20130826,13.01,13.13,12.88,12.88,1845900
ACAT,20130826,57.19,57.5,56.29,56.68,83600
ACET,20130826,16.03,16.1,15.79,15.91,139100
ACFC,20130826,4.21,4.23,4.21,4.23,1600
ACGL,20130826,53.4,53.73,53.13,53.24,169400
ACHC,20130826,38.03,38.5,37.36,38.47,199400
ACHN,20130826,6.66,6.68,6.53,6.58,1265800
ACIW,20130826,16.4467,16.62,16.34,16.39,144500
ACLS,20130826,1.97,2.02,1.93,1.97,427900
ACNB,20130826,17.43,17.5,17.43,17.48,2800
ACOR,20130826,34.36,35.51,33.89,34.66,241000
ACPW,20130826,3.55,3.63,3.51,3.57,78300
ACRX,20130826,9.91,10.49,9.91,10.07,452400
ACST,20130826,2.81,2.86,2.65,2.65,5900
ACTG,20130826,22.01,22.68,21.96,22.51,483700
ACTS,20130826,2.66,2.7,2.65,2.7,24000
ACUR,20130826,1.8,1.94,1.8,1.87,248300
ACWI,20130826,52.33,52.43,52.05,52.1,796300
ACWX,20130826,42.98,43.11,42.86,42.86,227500
ACXM,20130826,25.34,26.05,25.21,25.82,389300
ADAT,20130826,0.92,0.93,0.9,0.9,50200
ADBE,20130826,46.25,46.61,46.01,46.06,2591700
ADEP,20130826,3.34,3.4,3.28,3.34,30200
ADHD,20130826,13.8,13.8,13.22,13.49,24500
ADI,20130826,47.26,47.63,47.14,47.22,1302900
ADP,20130826,61.3609,63.6348,61.3609,63.2397,1099100
ADRA,20130826,27.95,27.95,27.95,27.95,0
ADRD,20130826,22.97,23.16,22.97,23.03,8700
ADRE,20130826,35.62,35.62,35.09,35.09,10000
ADRU,20130826,22.82,22.82,22.64,22.64,3700
ADSK,20130826,38.59,39.24,37.74,37.89,6674800
ADTN,20130826,24.84,25.02,24.57,24.77,205600
ADUS,20130826,20.97,21.41,20.77,21.03,99300
AEGN,20130826,21.88,22.54,21.81,22.45,117900
AEGR,20130826,89.08,92.51,88.38,91.43,222700
AEHR,20130826,1.69,1.69,1.69,1.69,0
AEIS,20130826,18.97,18.97,18.68,18.85,287800
AEPI,20130826,77.99,79.33,77.99,78.56,89100
AETI,20130826,7.03,7.26,6.87,7,55700
AEY,20130826,2.45,2.48,2.43,2.44,41000
AEZS,20130826,1.46,1.49,1.46,1.47,286700
AFAM,20130826,19.27,19.61,19.27,19.4,11900
AFCB,20130826,18.35,18.35,18.35,18.35,100
AFFX,20130826,5.51,5.8,5.5,5.72,1380200
AFH,20130826,10.18,10.39,9.9,9.9,27500
AFOP,20130826,19.775,20.39,18.79,19.025,806000
AFSI,20130826,37.6,38.05,37.49,37.5,315100
AGEN,20130826,3.89,3.91,3.8,3.85,232600
AGII,20130826,42.87,43.03,42.19,42.56,91900
AGIIL,20130826,22.65,22.79,22.57,22.75,19000
AGIO,20130826,25.75,26.46,25.5,25.6,115300
AGNC,20130826,22.9,22.97,22.61,22.65,4801900
AGNCP,20130826,25.05,25.22,24.87,25.22,71000
AGYS,20130826,11.4,11.62,11.17,11.28,64700
AHGP,20130826,62.45,63.4,61.65,62.22,32700
AHPI,20130826,2.48,2.5,2.48,2.48,1000
AIMC,20130826,25.28,25.45,24.79,25.05,100400
AINV,20130826,7.98,8.05,7.95,7.99,1091900
AIQ,20130826,23.91,24.81,23.41,24.26,102600
AIRM,20130826,41.3,41.98,41.17,41.77,180300
AIRT,20130826,10.75,10.99,10.69,10.79,4100
AIXG,20130826,17.11,17.23,16.94,16.94,51400
AKAM,20130826,47.02,47.1,46.44,46.6,863500
AKRX,20130826,16.17,16.74,16,16.44,453400
ALCO,20130826,41.42,41.82,41.05,41.2,19100
ALGN,20130826,44.1,45,44,44.45,307600
ALGT,20130826,95.73,96.48,94.59,96.01,37800
ALIM,20130826,3.77,4.03,3.56,3.89,81600
ALKS,20130826,32.74,33.27,32.6,32.86,819700
ALLB,20130826,14.65,14.65,14.45,14.65,400
ALLT,20130826,12.4,12.51,12.23,12.38,102100
ALNY,20130826,52,55.32,51.71,54.62,526400
ALOG,20130826,73.69,74.86,73.69,74.16,21400
ALOT,20130826,11.59,11.82,11,11.2,1800
ALSK,20130826,3.37,3.37,3.2,3.23,743100
ALTR,20130826,35.29,35.62,35.14,35.15,3397200
ALXA,20130826,4.36,4.42,4.31,4.35,88100
ALXN,20130826,106.01,109.3,105.68,107.19,748300
AMAG,20130826,24.53,25.13,24.15,24.8,46400
AMAT,20130826,15.6,15.68,15.41,15.45,7602500
AMBA,20130826,14.75,15.4,13.25,13.42,3335800
AMBC,20130826,23.16,23.77,23.12,23.14,84000
AMBCW,20130826,13,13.49,13,13.32,5400
AMCC,20130826,10.94,11.1,10.77,10.92,645500
AMCN,20130826,1.78,1.84,1.78,1.81,34400
AMCX,20130826,64.65,64.74,63.19,63.23,593900
AMD,20130826,3.65,3.66,3.58,3.58,22463900
AMED,20130826,17.18,17.44,17.06,17.11,279300
AMGN,20130826,110.76,116.25,110.75,113.75,11554600
AMIC,20130826,8.21,8.44,8.05,8.05,3000
AMKR,20130826,4.23,4.28,4.19,4.24,496400
AMNB,20130826,23.66,23.93,23.25,23.26,10100
AMOT,20130826,8.67,8.7,8.2,8.51,35300
AMOV,20130826,20.15,20.21,19.67,19.69,12600
AMRB,20130826,9.01,9.24,8.96,9.24,1600
AMRI,20130826,11.66,12,11.5,11.71,315000
AMRN,20130826,6.13,6.41,6.07,6.32,5226200
AMRS,20130826,2.78,2.82,2.76,2.77,297800
AMSC,20130826,24.6,25.4,24.3,25.1,401400
AMSF,20130826,34.07,34.44,33.51,33.8,25300
AMSG,20130826,39.56,39.88,39.33,39.51,42000
AMSWA,20130826,8.04,8.04,7.54,7.81,80600
AMWD,20130826,36.83,37.62,36.81,37,97400
AMZN,20130826,290.43,291.05,285.62,286.21,1718200
ANAC,20130826,10.61,10.99,10.28,10.42,355500
ANAD,20130826,1.77,1.82,1.77,1.8,557400
ANAT,20130826,109.38,110.55,108.3,108.8,7400
ANCB,20130826,15.78,15.82,15.75,15.8,1100
ANCI,20130826,1.79,1.79,1.79,1.79,300
ANCX,20130826,15.91,15.97,15.48,15.5,30400
ANDE,20130826,46.38,46.4867,44.54,44.9333,295000
ANGI,20130826,21.04,21.22,20.37,20.48,837100
ANGO,20130826,11.05,11.22,10.99,11.16,92000
ANIK,20130826,24.1,24.47,23.85,24.16,165200
ANIP,20130826,8.53,8.88,7.64,7.73,145700
ANSS,20130826,86.09,87.21,86.05,86.29,101000
ANTH,20130826,3.41,3.41,3.3,3.33,134300
AOSL,20130826,7.48,7.48,7.43,7.44,33000
APEI,20130826,39.78,40.41,39.46,40.07,38600
APOG,20130826,28.9,29.42,28.81,29.15,74500
APOL,20130826,18.58,18.9,18.39,18.82,1363300
APPY,20130826,1.46,1.47,1.43,1.46,264200
APRI,20130826,2.2,2.23,2.17,2.18,220900
APWC,20130826,3.78,3.78,3.65,3.73,2300
ARAY,20130826,6.27,6.39,6.22,6.33,454300
ARCC,20130826,17.66,17.71,17.57,17.63,1363700
ARCI,20130826,2.96,2.97,2.88,2.9,14000
ARCW,20130826,2,2.04,2,2.04,600
AREX,20130826,24.88,25.17,24.37,24.4,299000
ARIA,20130826,18.01,19.32,18.01,19.29,4158000
ARII,20130826,37.49,37.63,36.73,36.85,182000
ARKR,20130826,20.51,20.96,20.48,20.55,1500
ARLP,20130826,39.15,39.495,38.935,39.375,68300
ARMH,20130826,41.76,42.06,41.37,41.38,704300
ARNA,20130826,6.94,7.1,6.86,7.05,3402500
AROW,20130826,26.89,26.89,26.07,26.14,22100
ARQL,20130826,2.68,2.78,2.66,2.74,365700
ARRS,20130826,16.25,16.34,16.18,16.21,1108500
ARRY,20130826,6.02,6.25,5.96,6.21,1245500
ARTNA,20130826,22.36,22.69,22.28,22.28,4000
ARTW,20130826,7.05,7.1,6.89,7.1,1600
ARTX,20130826,2.09,2.09,1.96,2.02,218900
ARWR,20130826,4.33,4.4,4.22,4.37,1340100
ASBB,20130826,16.94,17.3,16.91,16.92,400
ASBI,20130826,10.6,10.99,10.6,10.94,1600
ASCMA,20130826,76.06,78.74,75.94,78.46,55500
ASEI,20130826,59.28,59.71,58.51,58.9,38500
ASFI,20130826,8.68,8.7,8.6,8.63,12000
ASML,20130826,91.13,91.32,90.48,90.57,625500
ASNA,20130826,16.44,16.72,16.4,16.49,1096600
ASPS,20130826,128.55,131.28,127.42,130.32,84700
ASRV,20130826,3.1,3.12,3.06,3.06,4100
ASRVP,20130826,25.51,25.67,25.51,25.67,700
ASTC,20130826,0.69,0.98,0.65,0.93,624800
ASTE,20130826,35.57,36,35.57,35.82,31700
ASTI,20130826,7.6,7.9,7.4,7.5,191600
ASUR,20130826,4.79,4.8,4.78,4.8,6900
ASYS,20130826,6.16,6.25,5.91,6.18,24900
ATAI,20130826,5.1,5.1,5.1,5.1,0
ATAX,20130826,6.94,7,6.93,6.98,36000
ATEC,20130826,2.04,2.04,1.98,2,39000
ATHN,20130826,109.43,111.37,108.44,109.11,193100
ATHX,20130826,1.86,1.87,1.81,1.81,256600
ATLC,20130826,3.55,3.76,3.54,3.61,3800
ATLO,20130826,21.06,21.08,20.81,20.81,1700
ATML,20130826,7.51,7.55,7.41,7.45,2860500
ATNI,20130826,46.71,46.97,46.42,46.56,22700
ATNY,20130826,3,3.01,2.84,2.86,14200
ATOS,20130826,4.59,4.6,4.41,4.53,59200
ATRC,20130826,9.72,9.75,9.35,9.38,43800
ATRI,20130826,250.76,250.76,248.6,249.6,1000
ATRM,20130826,3.4,3.4,3.4,3.4,100
ATRO,20130826,37.8167,38.5417,37.6083,38.3333,66900
ATRS,20130826,4.47,4.5,4.45,4.48,872400
ATSG,20130826,6.56,6.77,6.56,6.72,163600
ATTU,20130826,6.85,7.14,6.85,6.97,6400
ATVI,20130826,16.7,16.72,16.55,16.56,3903000
AUBN,20130826,23.8,23.8,23.8,23.8,100
AUDC,20130826,6.39,6.39,6.2,6.3,385400
AVAV,20130826,22.63,23.08,22.6,22.71,114300
AVEO,20130826,2.22,2.23,2.16,2.18,211800
AVGO,20130826,36.95,37.72,36.85,37.48,1389900
AVHI,20130826,16.28,16.39,16.26,16.36,6900
AVID,20130826,5.55,5.55,5.45,5.46,77400
AVNW,20130826,2.73,2.82,2.71,2.72,470200
AWAY,20130826,29.94,30.78,29.92,30.75,904600
AWRE,20130826,4.98,5.04,4.91,4.97,53700
AXAS,20130826,2.58,2.64,2.57,2.62,1731200
AXDX,20130826,8.9,10.6,8.89,10.24,313800
AXGN,20130826,3.05,3.3,3.02,3.29,45500
AXTI,20130826,2.34,2.35,2.31,2.33,55300
AZPN,20130826,34.36,34.88,34.17,34.18,609600
BABY,20130826,13.69,13.79,13.46,13.76,162600
BAGR,20130826,6.47,6.75,6.41,6.43,39800
BAMM,20130826,2.38,2.49,2.31,2.34,14500
BANF,20130826,53.32,53.59,52.7,52.79,10300
BANFP,20130826,27.16,27.16,27.16,27.16,0
BANR,20130826,35.6,35.6,35.06,35.36,53200
BASI,20130826,1.38,1.38,1.37,1.37,200
BBBY,20130826,74.67,75.28,74.52,74.63,958700
BBCN,20130826,14.3,14.36,14.1,14.13,214400
BBEP,20130826,17.72,17.85,17.66,17.72,305500
BBGI,20130826,7.26,7.32,7.25,7.26,7300
BBOX,20130826,29.11,29.22,28.47,28.62,26500
BBRG,20130826,15.76,15.85,15.36,15.42,53800
BBRY,20130826,10.32,10.64,10.31,10.42,14350900
BBSI,20130826,66.6,67.44,63.75,64.08,39700
BCBP,20130826,10.58,10.58,10.58,10.58,700
BCOM,20130826,13.3,13.39,12.63,13.39,4700
BCOR,20130826,20.21,20.48,19.96,20.21,99000
BCOV,20130826,10,10.06,9.74,9.82,187000
BCPC,20130826,51.08,51.68,50.49,50.71,45400
BCRX,20130826,5.99,7.41,5.92,6.81,4746800
BDBD,20130826,16.2,16.81,16.2,16.35,497300
BDE,20130826,10.92,10.97,10.61,10.64,115300
BDGE,20130826,21.99,22.02,21.53,21.67,11700
BDMS,20130826,18.25,18.25,18.25,18.25,100
BDSI,20130826,4.56,4.68,4.51,4.63,102300
BEAT,20130826,8.4,8.72,8.1,8.32,691800
BEAV,20130826,69.33,70.26,68.91,69.71,595400
BEBE,20130826,5.96,6.01,5.74,5.77,329100
BECN,20130826,38.2,38.69,37.8,38.08,208500
BELFA,20130826,18.01,18.01,18.01,18.01,100
BELFB,20130826,18.08,18.08,17.75,17.98,21500
BFIN,20130826,8.75,8.75,8.43,8.62,4100
BGCP,20130826,5.7,5.76,5.65,5.74,991200
BGFV,20130826,17.87,18.18,17.84,17.99,197500
BGMD,20130826,0.98,1,0.93,0.98,142200
BIB,20130826,28.6125,29.46,28.175,29.075,42800
BICK,20130826,21.85,21.85,21.67,21.67,1900
BIDU,20130826,139.4,140.93,138.13,139.02,3104500
BIIB,20130826,212.02,214.92,210.99,212.34,806600
BIOD,20130826,5,5.25,4.95,5.18,685000
BIOL,20130826,1.85,1.89,1.75,1.86,511600
BIOS,20130826,12.37,12.39,12.13,12.27,583100
BIS,20130826,30.15,30.15,28.85,29.27,11400
BJRI,20130826,33.14,33.41,32.94,33.16,192600
BKCC,20130826,10.08,10.14,10.02,10.06,181100
BKEP,20130826,8.07,8.56,8.07,8.53,26600
BKEPP,20130826,9.15,9.19,9.15,9.19,2400
BKMU,20130826,6.32,6.44,6.21,6.26,27900
BKSC,20130826,13.75,13.94,13.33,13.79,1300
BLDP,20130826,1.65,1.67,1.63,1.63,799500
BLDR,20130826,5.92,6.1,5.91,5.98,403700
BLIN,20130826,5.5,5.7,5.4,5.65,24500
BLKB,20130826,35,35.31,34.88,35.15,128300
BLMN,20130826,23.06,23.19,22.83,22.84,407400
BLMT,20130826,14.15,14.17,14.1,14.16,8600
BLRX,20130826,2.09,2.11,2.04,2.09,84400
BLUE,20130826,25.75,26.21,25.45,25.63,36200
BMRC,20130826,41.91,41.91,41.19,41.19,7600
BMRN,20130826,65.18,66.67,64.86,65.63,793200
BMTC,20130826,26.3,26.96,26.19,26.49,68500
BNCL,20130826,9.23,9.31,9.16,9.24,59100
BNCN,20130826,13.36,13.47,13.06,13.13,55500
BNDX,20130826,49.15,49.15,48.96,49.06,58900
BNSO,20130826,1.59,1.59,1.57,1.59,2500
BOBE,20130826,51.42,51.8,51.27,51.36,164600
BOCH,20130826,5.35,5.47,5.35,5.37,22000
BOFI,20130826,66.66,66.71,65.26,65.42,135500
BOKF,20130826,66.78,67.04,66.29,66.48,30800
BONA,20130826,4.69,4.84,4.55,4.71,163100
BONT,20130826,12.53,12.69,12,12.07,477800
BOOM,20130826,21.05,21.23,20.91,21.14,27400
BOSC,20130826,4.12,4.39,4,4.19,44900
BOTA,20130826,4.07,4.28,4.07,4.2,15700
BOTJ,20130826,8.69,8.69,8.52,8.52,300
BPFH,20130826,10.9,10.9,10.66,10.66,258900
BPFHP,20130826,22.99,22.99,22.99,22.99,100
BPFHW,20130826,4.74,4.74,4.74,4.74,100
BPOP,20130826,33.31,33.31,32.73,32.89,653400
BPOPM,20130826,21.21,22.37,21.16,21.59,4700
BPOPN,20130826,22.25,22.39,21.56,21.75,18600
BRCD,20130826,7.85,7.87,7.74,7.78,3204300
BRCM,20130826,25.19,25.24,24.99,25.01,5599800
BREW,20130826,11.01,11.2,11.01,11.07,54200
BRID,20130826,8.48,8.79,8.48,8.78,1800
BRKL,20130826,9.7,9.72,9.58,9.58,155500
BRKR,20130826,20.13,20.36,20,20.33,549900
BRKS,20130826,9.05,9.15,9.01,9.12,94900
BSET,20130826,15.31,15.42,15.07,15.26,11700
BSFT,20130826,33.9,34.05,33.46,33.72,214200
BSPM,20130826,0.78,0.86,0.78,0.85,5700
BSQR,20130826,2.8,2.92,2.79,2.79,11100
BSRR,20130826,15.59,15.65,15.09,15.18,15900
BSTC,20130826,19.17,19.38,18.5,18.99,44900
BUR,20130826,3.14,3.14,3.12,3.12,1200
BUSE,20130826,4.97,5,4.89,4.92,44300
BV,20130826,10.99,11.27,10.86,11.03,219600
BVA,20130826,4.3,4.34,4.3,4.3,700
BVSN,20130826,10.9,11,10.71,10.98,37200
BWEN,20130826,6.03,6.45,5.96,6.12,328600
BWINA,20130826,23.75,23.75,23.75,23.75,200
BWINB,20130826,24.77,24.77,24.12,24.55,11400
BWLD,20130826,108.78,109.43,107.23,107.98,464500
BYFC,20130826,0.95,0.98,0.84,0.86,6400
CA,20130826,30.16,30.25,30,30.02,1297500
CAAS,20130826,6.86,7.1,6.81,6.86,143400
CAC,20130826,38.22,39.46,38.18,38.67,32900
CACB,20130826,6.4,6.4,6.13,6.25,10400
CACC,20130826,112,113.45,111.12,112.46,28300
CADC,20130826,4.03,4.03,3.73,3.82,6300
CAKE,20130826,43,43.33,42.81,43.06,306300
CALD,20130826,7.52,7.69,7.52,7.65,171700
CALI,20130826,2.26,2.27,2.07,2.17,56900
CALL,20130826,14.3,15.05,14.25,14.87,319500
CALM,20130826,23.525,23.595,23.125,23.285,29600
CAMP,20130826,16.33,16.71,16.17,16.52,318500
CAMT,20130826,1.69,1.74,1.69,1.71,9000
CAR,20130826,28.84,29.25,28.5,28.57,680900
CARB,20130826,13.99,14.3,13.91,14.2,86600
CART,20130826,2.96,2.98,2.96,2.97,1200
CARV,20130826,6.25,6.25,6.25,6.25,0
CARZ,20130826,37.56,37.8,37.4,37.4,18500
CASH,20130826,32.85,33.7,31.76,32.61,11400
CASM,20130826,1.42,1.42,1.39,1.42,4600
CASS,20130826,57.24,57.57,56.62,56.94,14600
CASY,20130826,68.87,69.06,67.97,67.98,127700
CATM,20130826,36.46,36.93,36.16,36.66,225300
CATY,20130826,23.92,23.98,23.54,23.58,96500
CAVM,20130826,37.43,38.1,37.33,37.9,380700
CBAK,20130826,1.32,1.5,1.32,1.48,30400
CBAN,20130826,7.09,7.09,6.05,6.73,6800
CBF,20130826,20.22,20.24,19.72,19.94,66900
CBLI,20130826,33.6,35.2,33.2,35,181300
CBMX,20130826,2.88,2.88,2.8,2.84,245100
CBNJ,20130826,9.23,9.35,9.15,9.15,15400
CBNK,20130826,17.9,17.9,17.63,17.76,3000
CBOE,20130826,48.69,48.96,48.27,48.57,283500
CBPO,20130826,25,25,24.62,24.73,7200
CBRL,20130826,100.82,101.4,100.28,100.97,72600
CBSH,20130826,45.24,45.53,44.94,45.11,130600
CCBG,20130826,12.1,12.12,11.89,11.9,9000
CCCL,20130826,2.61,2.63,2.6,2.62,23000
CCCR,20130826,10.9,10.9,9.7,9.8,157400
CCIH,20130826,5.2,5.21,5.04,5.11,76100
CCMP,20130826,37.17,37.74,37.02,37.22,57800
CCNE,20130826,17.36,17.5,17.21,17.26,5200
CCOI,20130826,32.62,32.94,32.19,32.21,193700
CCRN,20130826,5.74,5.9,5.69,5.74,197100
CCUR,20130826,8.8,8.95,8.75,8.88,279800
CCXI,20130826,8.35,8.62,7.9,8.1,1588800
CDNS,20130826,14.05,14.15,13.97,14,8243700
CDTI,20130826,1.65,1.65,1.47,1.5,186700
CDW,20130826,23.27,23.27,22.95,22.98,126400
CDXS,20130826,1.99,1.99,1.86,1.94,164100
CDZI,20130826,4.73,4.75,4.68,4.69,30000
CECE,20130826,12.5,13.18,12.34,13.12,305600
CECO,20130826,2.81,2.82,2.76,2.79,554900
CELG,20130826,69.355,71.485,68.83,70.58,2575500
CELGZ,20130826,7.49,7.63,7.46,7.61,8500
CEMI,20130826,3.97,3.97,3.76,3.77,28600
CEMP,20130826,8.37,8.71,8.3,8.44,81900
CENT,20130826,6.95,6.95,6.73,6.75,27400
CENTA,20130826,6.73,6.73,6.55,6.59,160300
CENX,20130826,8.48,8.6,8.36,8.44,407000
CERE,20130826,9.6,9.68,9.2,9.36,481000
CERN,20130826,47.45,47.9,47.25,47.47,1023300
CERS,20130826,5.26,5.49,5.26,5.42,633700
CETV,20130826,4.65,4.85,4.59,4.7,581000
CEVA,20130826,18.45,18.71,18.27,18.61,91600
CFBK,20130826,1.35,1.43,1.35,1.43,300
CFFI,20130826,53.69,53.87,53.21,53.74,1500
CFFN,20130826,12.71,12.74,12.6,12.6,566900
CFNB,20130826,15.95,16.01,15.45,15.63,3900
CFNL,20130826,16.61,16.71,16.52,16.58,83000
CG,20130826,26.53,27,26.35,26.7,157200
CGEN,20130826,10.3,10.6,10.22,10.57,448300
CGIX,20130826,10,10.49,9.76,9.87,165300
CGNX,20130826,28.4,28.705,28.25,28.405,106000
CGO,20130826,13.41,13.59,13.33,13.39,19300
CHCI,20130826,2.08,2.19,2.08,2.1,182500
CHCO,20130826,44.1,44.28,43.47,43.59,14000
CHDN,20130826,81.9,82.6,81.46,81.83,16100
CHEF,20130826,22.83,23.47,22.59,23.23,113600
CHEV,20130826,10.68,10.95,10.68,10.71,4100
CHFC,20130826,28.47,28.53,28.09,28.15,19500
CHFN,20130826,10.55,10.55,10.41,10.42,27200
CHI,20130826,12.66,12.83,12.58,12.61,138800
CHKE,20130826,12.01,12.11,12,12.02,7900
CHKP,20130826,57.65,57.67,56.76,56.89,573500
CHLN,20130826,11.2,12.75,11.2,11.7,451800
CHMG,20130826,31.42,31.42,30.91,30.91,200
CHNR,20130826,4.67,4.67,4.67,4.67,0
CHOP,20130826,17.6,19,17.5,18.5,102600
CHRW,20130826,57.9,60.57,57.9,58.83,2685600
CHSCP,20130826,33.05,33.05,32.9,32.91,8900
CHTR,20130826,122.62,124.38,121.96,122.17,405900
CHUY,20130826,36.95,37.1,35.79,36.62,216500
CHW,20130826,8.3,8.33,8.28,8.3,86200
CHY,20130826,12.23,12.37,12.13,12.16,208600
CIDM,20130826,1.41,1.49,1.41,1.46,241800
CIFC,20130826,8.09,8.09,7.7,7.7,3600
CINF,20130826,47.33,47.46,46.86,46.91,421500
CISG,20130826,5.06,5.25,5.06,5.2,34300
CIZN,20130826,18.44,18.44,18.44,18.44,0
CJJD,20130826,0.56,0.56,0.56,0.56,0
CKEC,20130826,18.41,18.5,18.12,18.17,141600
CLBH,20130826,10.85,10.87,10.79,10.8,1900
CLCT,20130826,16.45,16.59,16.21,16.25,48500
CLDX,20130826,23.8,23.99,23.3,23.64,1295900
CLFD,20130826,12.2,12.73,12.2,12.3,139800
CLIR,20130826,8.14,8.39,8,8.39,27300
CLMS,20130826,10.16,10.18,10.07,10.14,44900
CLMT,20130826,30,31.05,29.9,31.01,304100
CLNE,20130826,12.57,12.79,12.52,12.59,727600
CLNT,20130826,5.49,5.53,5.35,5.35,75300
CLRO,20130826,8.21,8.38,8.21,8.38,36400
CLRX,20130826,3.81,3.86,3.77,3.79,8900
CLSN,20130826,1.19,1.19,1.16,1.19,838700
CLUB,20130826,11.78,11.98,11.54,11.58,46400
CLVS,20130826,68.44,69.25,68.11,69.1,183600
CLWT,20130826,4.06,4.09,3.8,4,4700
CMCO,20130826,22.43,22.57,22.12,22.27,57900
CMCSA,20130826,41.95,42.09,41.29,41.44,10309200
CMCSK,20130826,40.4,40.66,39.9,40.02,2049300
CME,20130826,72.53,73.05,71.92,71.94,1125600
CMLS,20130826,4.7,4.72,4.66,4.66,631800
CMRX,20130826,17.66,17.92,16.58,17.2,59100
CMTL,20130826,25.53,25.69,25.15,25.21,31300
CNAT,20130826,9.49,9.6,9.12,9.21,10700
CNBKA,20130826,33.74,34.61,33.74,34.33,13000
CNET,20130826,0.69,0.69,0.64,0.65,46600
CNIT,20130826,3.49,3.57,3.4,3.4,23900
CNMD,20130826,31.59,31.93,31.57,31.84,51000
CNOB,20130826,14.79,14.94,14.74,14.83,7300
CNSL,20130826,17.31,17.37,16.95,17.05,129900
CNTF,20130826,1.25,1.25,1.13,1.16,232300
CNTY,20130826,5.38,5.54,5.07,5.18,734800
CNYD,20130826,4.6,4.67,4.06,4.2,9500
COB,20130826,8.81,9.19,8.8,9.08,6100
COBZ,20130826,9.64,9.69,9.24,9.32,59400
COHR,20130826,56.3,56.86,56.04,56.3,35700
COHU,20130826,10.76,10.94,10.64,10.7,27700
COKE,20130826,64.49,64.49,63.51,64.01,14400
COLB,20130826,24.06,24.17,23.85,23.93,116300
COLM,20130826,28.825,28.995,28.53,28.71,73500
CONE,20130826,18.99,19.27,18.97,19.12,83400
CONN,20130826,62.96,66.16,62.96,65.14,341000
COOL,20130826,4.48,4.9,4.48,4.69,520100
CORE,20130826,33.22,33.59,32.91,33.03,21500
CORT,20130826,1.58,1.78,1.58,1.74,344600
COSI,20130826,2.3,2.32,2.24,2.28,19600
COST,20130826,113,113.12,111.84,111.87,1033500
COWN,20130826,3.37,3.4,3.33,3.35,462700
CPAH,20130826,1.46,1.49,1.45,1.47,2500
CPGI,20130826,5.85,6.25,5.85,6.25,2000
CPHC,20130826,10.5,10.66,10.5,10.66,2800
CPHD,20130826,35.82,36.93,35.71,36.58,322400
CPIX,20130826,4.5,4.51,4.4,4.44,25300
CPLA,20130826,54.96,55.41,53.91,54.24,60900
CPLP,20130826,9.04,9.24,8.95,9.2,436700
CPRT,20130826,32.68,33.1,32.68,32.75,209200
CPRX,20130826,1.3,1.45,1.3,1.42,2755300
CPSI,20130826,57.14,58.46,56.21,56.88,53000
CPSS,20130826,6.22,6.27,6.1,6.11,170800
CPST,20130826,1.14,1.14,1.11,1.12,2212900
CRAI,20130826,18.1,18.31,18.02,18.15,14100
CRAY,20130826,26.27,26.27,25.86,25.86,135400
CRDC,20130826,1.23,1.24,1.2,1.23,56700
CRDS,20130826,1.66,1.69,1.63,1.68,10300
CREE,20130826,57.1,57.4,56.28,56.6,1451500
CREG,20130826,2.36,2.45,2.3,2.38,302400
CRESY,20130826,8.4,8.4,8.11,8.12,53600
CRIS,20130826,4.35,4.57,4.33,4.41,731000
CRME,20130826,2.02,2.09,1.9,2.05,33300
CRMT,20130826,41.37,41.49,40.69,41.07,29100
CRNT,20130826,3.65,3.71,3.6,3.63,56200
CROX,20130826,13.86,14.1,13.76,13.77,1018400
CRUS,20130826,21.33,22,21.2,21.35,2363500
CRVL,20130826,33.96,34.02,33.4,33.64,46000
CRWN,20130826,2.9,2.99,2.9,2.94,65600
CRWS,20130826,7.14,7.16,6.45,6.6,79800
CRZO,20130826,33.19,34.94,33.19,34.08,841800
CSBK,20130826,12.27,12.28,12.11,12.19,2200
CSCD,20130826,8,8,7.84,7.86,5800
CSCO,20130826,23.83,24.05,23.76,23.83,35708400
CSFL,20130826,9.59,9.77,9.43,9.45,26600
CSGP,20130826,152.42,152.9,149.65,150.76,95300
CSGS,20130826,24.74,24.87,24.47,24.52,47200
CSII,20130826,21.15,21.5,20.87,21.3,101600
CSIQ,20130826,13.29,13.57,12.95,13.03,2586200
CSOD,20130826,51.46,51.8,50.99,51.21,279200
CSPI,20130826,7.05,7.05,7,7.03,17900
CSQ,20130826,9.95,10.04,9.94,9.96,379400
CSTE,20130826,43.3,44.1,42.85,43.47,196700
CSUN,20130826,2.58,2.66,2.55,2.65,115300
CSWC,20130826,34.33,34.85,34.2,34.37,17400
CTAS,20130826,48.77,49.11,48.63,48.68,270500
CTBI,20130826,39.61,39.85,39.01,39.08,16800
CTCM,20130826,11.17,11.23,10.94,11,340500
CTCT,20130826,18.05,18.33,18,18.22,184600
CTG,20130826,18.61,18.67,18.1,18.3,91000
CTHR,20130826,7.35,7.35,7.01,7.24,152700
CTIB,20130826,5.14,5.14,5,5.1,5800
CTIC,20130826,1.15,1.15,1.1,1.11,835700
CTRL,20130826,22,22.29,21.51,21.96,73900
CTRN,20130826,16.88,17.14,16.79,17,246600
CTRP,20130826,47.37,48.02,46.74,47.31,1769800
CTSH,20130826,36.775,36.9,36.545,36.81,1837000
CTWS,20130826,31.56,31.56,30.65,31.04,17400
CTXS,20130826,73.46,73.46,71.93,72,1161000
CU,20130826,22.61,22.61,22.46,22.46,3400
CUBA,20130826,8.82,8.85,8.82,8.82,2000
CUI,20130826,5.75,5.91,5.7,5.78,44700
CUNB,20130826,17.14,17.19,17,17.16,6500
CUTR,20130826,9.49,9.52,9.32,9.4,105700
CVBF,20130826,13.53,13.53,13.21,13.25,312900
CVCO,20130826,56.42,57.22,55.98,56.02,14100
CVCY,20130826,9.5,9.5,9.27,9.31,1600
CVGI,20130826,7.14,7.25,7.05,7.08,39500
CVGW,20130826,26.18,26.52,25.96,26.14,20600
CVLT,20130826,85.66,87.05,85.02,86.31,213500
CVLY,20130826,17.99,18.39,17.99,18.39,1700
CVTI,20130826,5.84,5.84,5.73,5.83,15900
CVV,20130826,12.33,13.6,12.25,13.51,198500
CWBC,20130826,5.53,5.6,5.53,5.6,400
CWCO,20130826,13.83,13.88,13.65,13.76,106000
CWST,20130826,4.85,4.95,4.85,4.91,101300
CXDC,20130826,4.22,4.3,4.2,4.27,49100
CY,20130826,11.75,11.9,11.72,11.74,1277600
CYAN,20130826,5.83,5.94,5.73,5.79,5900
CYBE,20130826,5.9,5.9,5.79,5.79,5800
CYBX,20130826,56,56.18,54.55,54.63,377700
CYCC,20130826,2.86,2.96,2.85,2.87,191000
CYCCP,20130826,6.04,6.14,6,6.14,800
CYNO,20130826,24.4,24.45,23.65,23.72,257700
CYOU,20130826,29.51,30.08,29.41,29.73,71300
CYTK,20130826,11.53,11.84,11.04,11.08,744500
CYTR,20130826,2.35,2.42,2.3,2.37,91700
CYTX,20130826,2.43,2.43,2.32,2.34,110300
CZFC,20130826,8.99,8.99,8.99,8.99,600
CZNC,20130826,20.07,20.09,19.93,19.97,5300
CZR,20130826,19.61,21.3,19.61,20.61,815800
CZWI,20130826,7.48,7.48,7.25,7.27,1100
DAEG,20130826,1.2,1.21,1.12,1.14,8400
DAIO,20130826,2.32,2.35,2.32,2.33,9400
DAKT,20130826,10.76,11.08,10.75,10.97,152800
DARA,20130826,2.75,2.75,2.6,2.6,79300
DATE,20130826,7.5,7.5,6.82,6.9,130200
DAVE,20130826,16.03,16.26,16,16.01,8300
DCIX,20130826,3.87,3.94,3.83,3.87,243500
DCOM,20130826,16.71,16.75,16.49,16.51,163200
DCTH,20130826,5.44,5.44,5.12,5.28,557500
DENN,20130826,5.68,5.73,5.65,5.68,245000
DEPO,20130826,7.23,7.37,7.21,7.32,450400
DEST,20130826,28.6,29.08,28.38,28.64,61000
DFRG,20130826,20.29,20.53,19.96,20.14,132800
DFVS,20130826,43.48,43.48,43.48,43.48,100
DGAS,20130826,20.75,21.07,20.53,20.9,22000
DGICA,20130826,13.68,13.9,13.65,13.72,4200
DGICB,20130826,18.8,18.8,18.8,18.8,0
DGII,20130826,9.59,9.65,9.4,9.42,26800
DGLY,20130826,8.68,8.68,8.25,8.46,6500
DGRE,20130826,24.05,24.05,23.7,23.7,15800
DGRS,20130826,25.33,25.47,25.22,25.22,5600
DGRW,20130826,25.12,25.18,24.99,25,37300
DHIL,20130826,110.97,114.76,110.97,113.16,5800
DHRM,20130826,2.18,2.39,2.17,2.26,169600
DIOD,20130826,25.46,25.7,25.14,25.29,232700
DISCA,20130826,80.49,84.71,80.41,80.49,811600
DISCB,20130826,81.01,81.01,81.01,81.01,400
DISCK,20130826,36.54,37.115,36.535,36.745,249800
DISH,20130826,45.16,45.57,44.78,44.96,3008500
DJCO,20130826,137.6,137.6,133.12,135.5,2000
DLBS,20130826,36.07,36.22,36.03,36.07,6300
DLHC,20130826,0.76,0.84,0.72,0.84,65200
DLTR,20130826,54,54.57,53.75,54.12,1777500
DMLP,20130826,24,24.28,24,24.2,17900
DMND,20130826,21.63,21.8,21.17,21.27,231100
DMRC,20130826,20.91,20.91,20.32,20.39,10100
DNBF,20130826,18.23,18.23,18.23,18.23,0
DNKN,20130826,43.27,43.58,43.06,43.38,310000
DORM,20130826,51.79,51.98,51.28,51.56,85600
DRAD,20130826,2.68,2.79,2.62,2.75,150200
DRAM,20130826,2.98,2.98,2.85,2.85,12200
DRRX,20130826,1.17,1.17,1.14,1.14,173900
DRWI,20130826,3,3.03,2.87,2.92,37500
DRYS,20130826,2.28,2.49,2.26,2.41,17679000
DSCI,20130826,14.26,14.51,14.13,14.21,4100
DSCO,20130826,1.66,1.69,1.62,1.64,218900
DSGX,20130826,10.84,10.94,10.59,10.79,11200
DSKX,20130826,1.75,1.8,1.75,1.8,11600
DSPG,20130826,7.03,7.18,6.96,6.96,14300
DSWL,20130826,2.5,2.51,2.47,2.5,10500
DTLK,20130826,13.15,13.43,13.09,13.14,188300
DTSI,20130826,20.71,20.75,20.31,20.48,62100
DTUS,20130826,40.45,40.5,40.45,40.5,700
DTYL,20130826,64.48,64.48,64.2,64.22,1400
DTYS,20130826,33.05,33.28,33.05,33.11,26600
DVAX,20130826,13.2,13.2,12.9,13,1392400
DVCR,20130826,5.7,5.7,5.51,5.69,1600
DWA,20130826,30.1,30.35,29.76,30,551200
DWCH,20130826,23.24,23.51,22.8,23.22,30900
DWSN,20130826,36.21,36.37,35.77,35.9,33600
DXCM,20130826,27.25,28.17,27.22,27.7,1081100
DXJS,20130826,26.9,26.9,26.9,26.9,300
DXLG,20130826,6.18,6.25,6.06,6.2,201300
DXM,20130826,9.34,9.86,9.25,9.45,229800
DXPE,20130826,69.87,70.4,69.4,69.82,48600
DXPS,20130826,26.49,26.49,26.49,26.49,700
DXYN,20130826,11.44,11.5,10.5,10.65,143800
DYAX,20130826,4.33,4.42,4.2,4.33,338900
DYNT,20130826,3.32,3.51,3.3,3.45,27600
DYSL,20130826,0.7,0.7,0.7,0.7,0
EA,20130826,28.07,28.11,27.62,27.86,2932100
EAC,20130826,15.6,16.25,14.9,15.06,125900
EAGLU,20130826,10.07,10.07,10.07,10.07,0
EBAY,20130826,51.67,52.13,51.21,51.96,8070900
EBIX,20130826,11.7,11.74,11.44,11.56,503700
EBMT,20130826,11.8,11.8,11.32,11.6,11900
EBSB,20130826,8.4804,8.5703,8.3333,8.5049,15200
EBTC,20130826,19.21,19.41,18.74,19.05,19100
ECHO,20130826,21.49,22.07,21.49,21.84,123300
ECOL,20130826,29.67,29.79,29.44,29.57,49900
ECPG,20130826,43.59,43.66,43.25,43.42,223800
ECTE,20130826,2.56,2.64,2.27,2.41,624400
ECYT,20130826,15.16,15.98,14.9,15.42,398300
EDAP,20130826,2.61,2.7,2.56,2.68,42700
EDGW,20130826,5.88,6.07,5.8,5.86,14100
EDUC,20130826,3.07,3.07,3.07,3.07,300
EEFT,20130826,36.69,37.69,36.4,37.04,179700
EEI,20130826,11.4,11.41,11.4,11.41,400
EEMA,20130826,51.87,51.87,51.45,51.45,3700
EEML,20130826,42.15,42.19,41.87,41.87,3900
EFII,20130826,30.27,30.48,30.19,30.23,142400
EFSC,20130826,17.39,17.48,17.26,17.27,17800
EFUT,20130826,3.86,3.86,3.31,3.32,75200
EGAN,20130826,11.11,11.34,10.81,10.84,136500
EGBN,20130826,25.21,25.28,24.93,25.1,52400
EGHT,20130826,9.4,9.48,9.3,9.34,449500
EGLE,20130826,73.98,78.84,70.2,76.5,977000
EGOV,20130826,22.38,22.9,22.24,22.84,335500
EGT,20130826,1.41,1.41,1.31,1.38,29400
EHTH,20130826,28.22,28.33,27.44,27.57,123900
ELGX,20130826,15.92,16.3,15.9,16.07,210200
ELNK,20130826,4.93,5.09,4.9,5.07,927200
ELON,20130826,2.12,2.19,2.12,2.12,102200
ELOS,20130826,8.46,8.61,8.12,8.55,27700
ELRC,20130826,17.38,17.62,17.23,17.32,34300
ELSE,20130826,4.4,4.4,4.4,4.4,100
ELTK,20130826,1.3,1.38,1.28,1.3,65200
EMCB,20130826,72.77,73.05,72.77,72.83,16600
EMCF,20130826,23.43,23.43,23.43,23.43,500
EMCI,20130826,18.98,18.98,18.3467,18.52,10400
EMIF,20130826,31.34,31.65,31.19,31.21,4100
EMITF,20130826,24.8,25,22.2,22.4,24100
EMKR,20130826,3.82,3.95,3.82,3.83,174900
EML,20130826,16.73,17.09,16.5,16.56,8600
EMMS,20130826,3.19,3.23,3.09,3.23,314400
EMMSP,20130826,13.75,13.75,13.75,13.75,0
ENDP,20130826,39.08,39.77,38.58,39.33,1369300
ENG,20130826,1.04,1.04,1.02,1.04,13400
ENOC,20130826,14.47,15.68,14.4,15.6,267200
ENPH,20130826,7,7.33,6.98,7.23,191700
ENSG,20130826,38.71,39.23,38.57,38.75,75700
ENT,20130826,9.45,9.5,8.96,9.05,85700
ENTA,20130826,18.37,19.19,18.37,18.67,32800
ENTG,20130826,9.55,9.55,9.39,9.47,935700
ENVI,20130826,2.53,2.54,2.46,2.5,67600
ENZN,20130826,1.87,1.9,1.85,1.89,125400
EPAX,20130826,3.52,3.56,3.5,3.55,10700
EPAY,20130826,28.22,28.43,27.94,28.02,191400
EPIQ,20130826,12.31,12.39,12.27,12.31,121100
EPZM,20130826,29.21,30.49,29.1,29.75,51000
EQIX,20130826,170.17,170.9,168.99,169.47,715300
ERIC,20130826,12.18,12.27,12.16,12.17,1379600
ERIE,20130826,75.33,75.53,74.73,74.81,10400
ERII,20130826,5.76,6,5.67,5.84,421100
EROC,20130826,6.28,6.36,6.14,6.2,1007400
ERS,20130826,4.16,4.16,4.05,4.11,600
ESBK,20130826,22.45,22.45,22.45,22.45,0
ESCA,20130826,7.24,7.39,7.24,7.28,14300
ESEA,20130826,1.23,1.3,1.15,1.25,338700
ESGR,20130826,140.75,141.5,138.5,138.74,9400
ESIO,20130826,10.6,10.9,10.6,10.83,36400
ESLT,20130826,45.76,45.76,44.53,45.02,16900
ESMC,20130826,1.48,1.49,1.33,1.39,48100
ESPR,20130826,17.18,17.18,16.85,17,13900
ESRX,20130826,65.14,65.41,64.68,64.72,2679400
ESSA,20130826,10.96,10.96,10.9,10.93,7900
ESSX,20130826,4.07,4.09,4.03,4.08,21700
ESXB,20130826,3.65,3.65,3.55,3.64,129100
ETFC,20130826,14.66,14.7,14.51,14.53,1691900
ETRM,20130826,1.05,1.13,1.03,1.11,522400
EUFN,20130826,22.34,22.34,22.2,22.21,242400
EVBS,20130826,6.19,6.2,6.06,6.18,9900
EVEP,20130826,37.35,38.37,37.11,37.78,212900
EVK,20130826,2.89,3.03,2.89,3.03,7300
EVOL,20130826,8.46,8.6,8.3,8.53,56900
EWBC,20130826,31.33,31.35,30.92,30.93,341900
EXA,20130826,12.64,13.33,12.53,12.88,33000
EXAC,20130826,19.74,20,19.17,19.17,13400
EXAS,20130826,11.82,12.12,11.75,12,1035000
EXEL,20130826,5.14,5.25,5.11,5.15,1260600
EXFO,20130826,4.69,4.69,4.54,4.62,3500
EXLP,20130826,28.13,28.48,27.48,27.6,34300
EXLS,20130826,27.53,27.77,27.39,27.48,200700
EXPD,20130826,41.23,42,41.06,41.62,1431900
EXPE,20130826,48.8,48.85,47.06,47.2,4214000
EXPO,20130826,33.265,33.665,32.93,33.215,18500
EXTR,20130826,3.86,3.95,3.82,3.87,443800
EXXI,20130826,26.6,26.94,26.56,26.65,621000
EZCH,20130826,29.19,29.41,28.91,29.15,89800
EZPW,20130826,17.39,17.39,17.17,17.18,225100
FALC,20130826,1.03,1.05,1,1.04,80600
FANG,20130826,40.33,41.25,39.55,40,352100
FARM,20130826,15.3,15.64,15.21,15.3,20900
FARO,20130826,37.56,38,37.51,37.93,58000
FAST,20130826,45,45.17,44.75,44.89,1325900
FB,20130826,40.9,41.94,40.62,41.34,94162300
FBIZ,20130826,33.1,33.1,32.9,32.97,500
FBMS,20130826,14.26,14.26,13.8,14.09,1300
FBNC,20130826,14.88,15.09,14.73,14.75,16900
FBNK,20130826,14.77,14.79,14.63,14.71,8300
FBRC,20130826,28.24,28.89,27.74,28.36,79400
FBSS,20130826,12.5,12.94,12.5,12.94,1100
FCAP,20130826,20.77,20.77,20.77,20.77,0
FCBC,20130826,15.15,15.42,15.15,15.32,45300
FCCO,20130826,10.55,10.74,10.53,10.55,6200
FCCY,20130826,10.16,10.16,10.12,10.16,500
FCEL,20130826,1.18,1.24,1.17,1.21,1728600
FCFS,20130826,54.05,55.34,53.42,55.2,178700
FCLF,20130826,8.5,8.5,8.5,8.5,100
FCNCA,20130826,209.13,209.87,206.7,207.25,8700
FCTY,20130826,7.44,7.6,7.22,7.6,11900
FCVA,20130826,3.66,3.72,3.59,3.59,1300
FDEF,20130826,28.03,28.11,27.2,27.75,22500
FDML,20130826,16.26,16.4,15.92,15.99,309500
FDUS,20130826,19.46,19.74,19.31,19.55,29900
FEIC,20130826,78.92,80.13,78.53,79.51,130200
FEIM,20130826,10.97,11,10.55,10.99,4100
FELE,20130826,38.15,38.54,37.83,38.09,74000
FES,20130826,5.31,5.31,5,5.01,105000
FFBC,20130826,16.03,16.09,15.91,15.93,70900
FFBCW,20130826,5.57,5.57,5.57,5.57,0
FFHL,20130826,2.02,2.02,1.82,1.93,196800
FFIC,20130826,19.07,19.19,18.95,18.97,39700
FFIN,20130826,30.085,30.49,30.005,30.175,66000
FFIV,20130826,86.86,87.39,85.67,85.86,844400
FFKT,20130826,23.04,23.05,22.63,22.66,5100
FFNM,20130826,4.33,4.47,4.17,4.47,700
FFNW,20130826,10.74,10.98,10.71,10.78,28400
FHCO,20130826,8.9,8.91,8.61,8.63,73200
FIBK,20130826,23.66,23.81,23.38,23.44,33500
FINL,20130826,21.29,21.48,21.15,21.16,324100
FISI,20130826,19.69,20.3,19.69,19.93,19400
FISV,20130826,49.53,49.895,49.37,49.405,312400
FITB,20130826,19.24,19.28,18.99,18.99,5896800
FIVE,20130826,37.75,38.23,37.45,37.98,397200
FIZZ,20130826,16.81,17.44,16.52,16.95,13100
FLAT,20130826,56.05,56.05,55.94,55.95,600
FLDM,20130826,20,20.05,19.76,20,166000
FLEX,20130826,8.9,8.96,8.79,8.85,6933800
FLIC,20130826,24.7,25.02,24.7,24.8533,16700
FLIR,20130826,32.31,32.56,32.08,32.35,809100
FLL,20130826,2.84,2.84,2.71,2.71,7000
FLML,20130826,6.65,6.65,6.11,6.3,29500
FLWS,20130826,6.24,6.24,5.99,6.04,89200
FLXS,20130826,22.59,22.59,22.44,22.54,11000
FMBI,20130826,15.98,16.01,15.66,15.72,152800
FMER,20130826,22.81,22.82,22.39,22.4,1200600
FMNB,20130826,6.17,6.22,6.17,6.2,6200
FNFG,20130826,10.67,10.68,10.53,10.54,1892100
FNGN,20130826,54.06,54.78,53.85,54.11,181900
FNHC,20130826,9.44,9.47,9.16,9.38,27000
FNLC,20130826,17.12,17.49,16.9,16.94,15600
FNSR,20130826,21.28,21.56,21.14,21.2,1040000
FOLD,20130826,2.66,2.79,2.64,2.77,212400
FONE,20130826,29.96,29.96,29.96,29.96,0
FONR,20130826,5.38,5.54,5.33,5.44,18500
FORD,20130826,1.75,1.77,1.71,1.74,18500
FORM,20130826,6,6.08,5.86,6.08,1491700
FORR,20130826,32.55,33.75,32.55,33.46,85200
FORTY,20130826,24.13,24.13,23.63,24.12,500
FOSL,20130826,117.42,118.03,115.9,116.06,360400
FOX,20130826,32.24,32.6,32.09,32.18,930200
FOXA,20130826,32.16,32.56,32.01,32.08,7939700
FOXF,20130826,17.5,18.33,17.5,17.93,73900
FRAN,20130826,23.73,24.12,23.5,23.69,484600
FRBK,20130826,3.64,3.64,3.46,3.5,28500
FRED,20130826,16.54,16.69,16.35,16.44,66600
FREE,20130826,47.5,50,45,47.5,3755900
FRGI,20130826,33.25,33.25,31.75,31.83,151400
FRME,20130826,18.3,18.38,18.14,18.16,47700
FRP,20130826,9.62,9.99,9.57,9.83,64500
FSBK,20130826,6.25,6.25,6.19,6.2,5400
FSBW,20130826,16.8,16.81,16.76,16.76,2800
FSC,20130826,10.59,10.6,10.51,10.57,543100
FSCFL,20130826,22.5,22.7,22.35,22.35,10900
FSFG,20130826,22.81,22.81,22.05,22.52,500
FSFR,20130826,13.95,14.09,13.8,13.88,33200
FSGI,20130826,2.39,2.48,2.39,2.45,58700
FSLR,20130826,39.13,39.46,38.4,38.78,2926700
FSTR,20130826,43.84,44.31,43.35,43.62,28000
FSYS,20130826,19.97,20.18,19.43,19.63,123000
FTCS,20130826,30.13,30.23,30.04,30.05,13100
FTEK,20130826,3.95,4.13,3.88,4.1,253600
FTNT,20130826,20.39,20.53,20.17,20.2,714700
FTR,20130826,4.54,4.58,4.51,4.55,4223200
FTSL,20130826,49.21,49.3,49.18,49.23,12700
FULL,20130826,8.2,8.23,8.15,8.19,60900
FULLL,20130826,25.2,25.2,25.2,25.2,900
FULT,20130826,12.55,12.62,12.43,12.49,544400
FUNC,20130826,9.09,9.18,8.75,8.91,15700
FUND,20130826,7.28,7.31,7.27,7.3,27000
FWM,20130826,25.04,25.24,24.63,24.69,55400
FWRD,20130826,37.56,37.78,37.27,37.41,46100
FXCB,20130826,16.95,16.99,16.9,16.9,13000
FXEN,20130826,3.29,3.49,3.26,3.4,405700
GABC,20130826,25.35,25.54,24.99,25.1,11900
GAI,20130826,7.29,7.36,7.12,7.34,30200
GAIA,20130826,5.17,5.48,5.12,5.12,22000
GAIN,20130826,7.04,7.13,6.95,7.03,54300
GAINP,20130826,26.1,26.1,26.02,26.1,6700
GALE,20130826,2.44,2.53,2.36,2.37,4413700
GALT,20130826,7.2,7.87,7.2,7.61,265600
GALTU,20130826,18.75,18.75,18.75,18.75,0
GALTW,20130826,4.06,5.1,4.06,4.69,36200
GAME,20130826,4.5,4.64,4.49,4.61,910600
GARS,20130826,15.1,15.17,14.8,15.13,32800
GASS,20130826,8.92,9.05,8.78,8.83,174800
GBCI,20130826,24.51,24.56,24.31,24.41,166800
GBDC,20130826,17.18,17.26,17.05,17.06,239100
GBLI,20130826,25.14,25.14,24.22,24.37,21500
GBNK,20130826,11.73,12,11.73,11.9,9800
GCBC,20130826,23,23,23,23,300
GCVRZ,20130826,1.82,1.85,1.82,1.84,23700
GENC,20130826,7.94,7.99,7.83,7.89,3400
GENE,20130826,13.7,13.7,12.7,13.25,203200
GEOS,20130826,70.55,70.95,69.85,70.33,153400
GERN,20130826,1.52,1.52,1.49,1.5,408700
GEVO,20130826,29.7,30.6,28.5,28.8,1840700
GFED,20130826,11.9,11.9,11.9,11.9,300
GFN,20130826,4.92,4.92,4.92,4.92,0
GFNCP,20130826,97.49,97.49,97.49,97.49,100
GGAL,20130826,6.96,7.11,6.78,6.81,467300
GHDX,20130826,32.24,32.99,32.01,32.38,73600
GIFI,20130826,23.97,24.25,23.21,23.82,14700
GIGA,20130826,1.35,1.35,1.35,1.35,1800
GIGM,20130826,1.05,1.05,1,1.01,70900
GIII,20130826,23.92,23.92,22.915,23.04,298500
GILD,20130826,59.81,60.99,59.6,60.42,6619000
GILT,20130826,4.88,5,4.78,4.8,27900
GK,20130826,54.03,54.92,53.93,54.46,51700
GLAD,20130826,8.4,8.46,8.31,8.35,44200
GLBS,20130826,2.3,2.3,2.15,2.2,9500
GLBZ,20130826,12.05,12.13,12.05,12.13,700
GLDC,20130826,3.54,3.54,3.54,3.54,900
GLDD,20130826,6.84,6.89,6.76,6.89,393100
GLDI,20130826,15.72,15.73,15.7,15.7,6100
GLNG,20130826,39.16,39.92,38.76,39.62,411600
GLRE,20130826,27.69,27.82,27.27,27.38,190200
GLUU,20130826,2.38,2.44,2.35,2.39,850500
GMAN,20130826,14,14.16,13.94,14.04,48000
GMCR,20130826,85.45,88.63,84.5,86.44,4418300
GMLP,20130826,32.72,32.91,32.56,32.71,68200
GNCMA,20130826,9,9.14,8.92,8.97,62500
GNMA,20130826,47.34,47.98,47.29,47.44,5600
GNMK,20130826,10.76,11.29,10.6,11.24,269700
GNTX,20130826,11.705,11.84,11.57,11.58,514200
GNVC,20130826,0.28,0.3,0.27,0.28,83600
GOGO,20130826,10.34,10.39,10.11,10.27,277400
GOLD,20130826,81.28,81.75,80.1,81.1,447300
GOOD,20130826,18.1,18.1,17.8,17.92,48300
GOODN,20130826,26.24,26.24,25.64,26.1,500
GOODO,20130826,24.85,24.85,24.85,24.85,200
GOODP,20130826,25.5,25.5,25.45,25.45,700
GOOG,20130826,435,437.45,433.025,433.195,1056100
GPIC,20130826,8.25,8.35,8.25,8.27,3400
GPOR,20130826,57.09,58.18,57.09,57.6,1308800
GPRE,20130826,16.84,16.84,16.33,16.46,379300
GRFS,20130826,31.67,31.67,30.68,30.86,169000
GRID,20130826,32.27,32.64,32.27,32.64,400
GRIF,20130826,31.25,31.7,31,31.39,2400
GRMN,20130826,40.58,40.82,40.26,40.42,1095900
GROW,20130826,3.1,3.14,3.05,3.12,20800
GRPN,20130826,9.94,10.58,9.93,10.28,18641400
GRVY,20130826,9.36,9.36,8.96,9.2,33500
GSBC,20130826,27.88,28.23,27.48,27.58,9500
GSIG,20130826,8.55,8.64,8.41,8.5,41500
GSIT,20130826,6.81,6.81,6.73,6.75,34300
GSM,20130826,13.27,13.3,13.1,13.3,229300
GSOL,20130826,6.99,7,6.74,6.78,14000
GSVC,20130826,13.69,13.8,13.25,13.39,426800
GT,20130826,18.74,19,18.62,18.64,2775300
GTIM,20130826,2.13,2.18,2.13,2.16,54100
GTLS,20130826,119.94,123.44,118.92,119.99,324000
GTWN,20130826,14.5,14.5,14.5,14.5,900
GTXI,20130826,1.41,1.47,1.4,1.43,1318600
GUID,20130826,8.27,8.33,8.2,8.23,27800
GULF,20130826,18.59,18.59,18.17,18.29,10600
GURE,20130826,1.75,1.77,1.7,1.77,183900
GWPH,20130826,10.55,10.68,10.55,10.67,8900
GYRO,20130826,71.3,71.5,70.51,70.81,8800
HA,20130826,7.11,7.32,7.05,7.23,478300
HAFC,20130826,17.21,17.25,16.83,16.86,144900
HAIN,20130826,40.91,41.055,40.44,40.925,410800
HALL,20130826,8.74,8.91,8.71,8.81,7100
HALO,20130826,7.5,8.09,7.49,7.84,1566300
HAS,20130826,47.61,47.61,46.29,46.39,1529800
HAWK,20130826,25.15,25.15,24.71,24.8,48000
HAYN,20130826,45.96,46.51,45.15,46.19,17700
HBAN,20130826,8.58,8.6,8.45,8.45,6031600
HBANP,20130826,1220,1247.99,1220,1225,100
HBCP,20130826,17.47,17.58,17.3,17.3,3700
HBHC,20130826,33.14,33.32,32.69,32.93,162400
HBIO,20130826,5.09,5.16,5,5.01,55400
HBK,20130826,15,15,15,15,0
HBMD,20130826,8.47,8.47,8.47,8.47,100
HBNC,20130826,23.27,23.56,22.84,23.24,9300
HCAP,20130826,15,15.1,15,15.1,3000
HCBK,20130826,9.62,9.65,9.55,9.62,4303700
HCCI,20130826,15.25,15.42,15.12,15.22,23700
HCKT,20130826,6.42,6.49,6.38,6.48,62200
HCOM,20130826,25.79,26.31,25.34,25.6,15200
HCSG,20130826,24.55,24.71,24.45,24.61,168500
HDNG,20130826,14.82,15.17,14.82,14.94,14200
HDS,20130826,23.72,23.81,23.32,23.81,662100
HDSN,20130826,2.09,2.1,2.02,2.05,89800
HEES,20130826,23.37,23.92,23.37,23.81,64200
HELE,20130826,40.8,41.16,40.02,41.05,106300
HEOP,20130826,6.42,6.47,6.36,6.43,11700
HFBC,20130826,11.27,11.35,11.24,11.25,8200
HFBL,20130826,17.47,17.47,17.47,17.47,100
HFFC,20130826,13.05,13.11,12.83,12.91,1300
HFWA,20130826,16.08,16.35,15.72,16.02,17500
HGSH,20130826,8.13,8.2,7.65,8,6100
HIBB,20130826,53.64,54.19,52.95,53.1,673600
HIFS,20130826,69.06,69.49,68.6,68.81,3300
HIHO,20130826,2.09,2.15,2.08,2.1,3700
HIIQ,20130826,11.6,11.6,11.45,11.56,108000
HILL,20130826,2.44,2.48,2.42,2.44,112200
HIMX,20130826,6.06,6.16,6,6.06,2802200
HKTV,20130826,6.08,6.25,6.08,6.25,37900
HLIT,20130826,7.45,7.58,7.43,7.5,493400
HMIN,20130826,34.51,35.2,34.07,34.57,222900
HMNF,20130826,7.43,7.43,7.43,7.43,0
HMNY,20130826,5.1,5.1,5.03,5.04,2400
HMPR,20130826,1.61,1.63,1.59,1.6,16200
HMST,20130826,20.27,20.44,20.1,20.17,27700
HMSY,20130826,25.9,26.53,25.7,26.46,371600
HMTV,20130826,12.75,12.75,12.53,12.53,1200
HNH,20130826,21.1,21.15,20.88,20.9,25000
HNRG,20130826,7.5,7.5,7.4,7.42,30200
HNSN,20130826,1.68,1.75,1.65,1.72,242400
HOFT,20130826,15.65,15.9,15.55,15.63,28300
HOLI,20130826,13.6,13.7,13.4,13.6,59900
HOLX,20130826,22.79,22.93,22.73,22.84,1016400
HOMB,20130826,27.65,27.82,27.05,27.12,93600
HOTR,20130826,4.59,4.64,4.45,4.64,39300
HOTRW,20130826,0.81,0.81,0.81,0.81,0
HOVNP,20130826,16.25,16.38,15.5,16.24,13400
HPJ,20130826,1.15,1.2,1.15,1.19,37900
HRZN,20130826,13.76,13.82,13.61,13.64,51200
HSIC,20130826,103.15,104.3,103.15,103.47,309100
HSII,20130826,15.13,15.45,15.04,15.3,26500
HSKA,20130826,5.5,5.5,5.36,5.5,18700
HSNI,20130826,56.57,57.31,55.96,56.71,103800
HSON,20130826,2.55,2.58,2.51,2.54,47400
HSTM,20130826,32.65,33.64,32.65,33.59,90000
HTBI,20130826,16.46,16.64,16.27,16.6,26300
HTBK,20130826,7.4,7.4,7.2,7.21,7900
HTBX,20130826,10,10.1,10,10.05,20300
HTCH,20130826,3.63,3.64,3.51,3.55,177400
HTHT,20130826,19.77,20,19.58,19.8,130800
HTLD,20130826,14.53,14.6,14.38,14.43,181900
HTLF,20130826,27.1,27.11,26.93,27.01,19500
HTWR,20130826,80.8,81.52,79.67,81.31,95400
HUBG,20130826,38.76,38.97,38.53,38.6,91400
HURC,20130826,28.24,28.76,28.19,28.43,9100
HURN,20130826,50.97,50.97,49.72,49.96,62500
HWAY,20130826,18.7,18.92,18.47,18.71,265100
HWBK,20130826,14.02,14.5,14.02,14.5,700
HWCC,20130826,12.99,12.99,12.78,12.82,17100
HWKN,20130826,38.7,39.11,38.57,38.57,8400
HYGS,20130826,11.07,11.2,11,11,37900
HYLS,20130826,50.34,50.34,50.22,50.22,4500
HZNP,20130826,2.7,2.71,2.48,2.68,758500
IACI,20130826,50.73,50.93,50.14,50.29,443400
IART,20130826,41.78,42,41.46,41.58,54400
IBB,20130826,194.38,198.46,194.36,197.1,559600
IBCP,20130826,9.95,9.99,9.35,9.69,514400
IBKC,20130826,55.24,55.41,54.82,54.84,131500
IBKR,20130826,17.45,17.61,17.35,17.46,318600
IBOC,20130826,23.86,24.06,21.75,23.66,98200
IBTX,20130826,35,35.19,34.25,34.26,102200
ICAD,20130826,5.5,5.61,5.42,5.42,22700
ICCC,20130826,4.16,4.16,4.16,4.16,100
ICFI,20130826,34.04,34.04,33.22,33.62,45400
ICLN,20130826,9.22,9.22,9.08,9.09,10500
ICLR,20130826,39.27,39.35,38.59,38.59,214500
ICON,20130826,33.29,33.83,33.28,33.49,507800
ICPT,20130826,43.94,45,43.6,44.68,162200
ICUI,20130826,73.07,73.96,70.26,73.64,332200
IDCC,20130826,37.01,37.43,36.51,36.71,316500
IDRA,20130826,2.03,2.09,1.96,2.06,618300
IDSA,20130826,1.74,1.78,1.73,1.73,31100
IDSY,20130826,6.5,6.5,6.27,6.33,8500
IDTI,20130826,8.63,8.79,8.62,8.71,711900
IDXX,20130826,48.595,49.175,48.595,48.82,126500
IEP,20130826,76.05,76.25,75.5,75.56,46800
IESC,20130826,4.55,4.88,4.23,4.35,24600
IFEU,20130826,31.15,31.2,31.11,31.2,2500
IFGL,20130826,31.86,31.86,31.64,31.65,24600
IFON,20130826,0.61,0.61,0.61,0.61,5200
IGLD,20130826,6.04,6.22,5.74,5.97,27900
IGOV,20130826,98.83,98.99,98.7,98.8,29900
III,20130826,3.62,3.65,3.56,3.64,444700
IIIN,20130826,16.93,17,16.68,16.83,19400
IIJI,20130826,15.62,15.62,15.48,15.55,3300
IILG,20130826,22.37,22.5,22.02,22.02,89800
IIN,20130826,3.2,4,3.19,3.96,53100
IIVI,20130826,19.96,20.15,19.79,19.86,116700
IKAN,20130826,12.5,12.5,12.1,12.1,167900
IKNX,20130826,17.31,17.31,17.31,17.31,100
ILMN,20130826,79.38,80.74,79.18,79.73,724200
IMGN,20130826,16.32,16.82,16.1,16.48,837000
IMI,20130826,6.19,6.23,5.96,6.07,84100
IMKTA,20130826,25.48,25.64,25.15,25.3,47400
IMMR,20130826,12.96,13.08,12.8,12.91,173000
IMMU,20130826,5.81,6.54,5.74,6.15,4048200
IMMY,20130826,5.86,6.4,5.86,6.25,16900
IMOS,20130826,17.33,17.5,16.36,17,369300
INAP,20130826,7.82,7.88,7.58,7.62,238300
INBK,20130826,28.75,28.78,28.5,28.5,3100
INCY,20130826,34.97,36.86,34.9,36.58,2117900
INDB,20130826,36.95,37.22,36.58,36.65,52800
INDY,20130826,19.61,19.66,19.27,19.28,185600
INFI,20130826,18.95,19.87,18.66,19.73,819600
INFN,20130826,10.08,10.19,9.91,9.93,1060700
ININ,20130826,59.89,60.21,59.46,59.74,31500
INOD,20130826,2.64,2.64,2.51,2.52,53600
INPH,20130826,5.02,5.29,4.94,5.13,21600
INSM,20130826,13.62,14.3,13.33,13.77,998700
INSY,20130826,10.3,10.53,9.75,9.88,182600
INTC,20130826,22.4,22.52,22.23,22.27,22267700
INTG,20130826,19.84,19.85,19.84,19.85,200
INTL,20130826,19.94,20,19.85,19.85,43200
INTLL,20130826,25.5,25.5,25.25,25.25,2300
INTU,20130826,61.5,65.11,61.5,64.32,2694000
INTX,20130826,9.62,9.68,9.57,9.62,23000
INVE,20130826,8.3,8.3,7.9,8,85500
INWK,20130826,10.35,10.61,10.35,10.4,113700
IOSP,20130826,41.19,42.13,40.76,41.36,84500
IPAR,20130826,27.95,28.09,27.57,27.71,182300
IPAS,20130826,1.87,1.87,1.8,1.84,91800
IPCC,20130826,62.41,62.41,61.41,61.8,12100
IPCI,20130826,2.15,2.26,2.15,2.17,374000
IPCM,20130826,51.58,53.72,51.58,53.02,58300
IPDN,20130826,4.62,5,4.62,4.88,9700
IPGP,20130826,56.86,57.1,56.04,56.18,403300
IPHS,20130826,50.41,51.16,50.08,50.38,32900
IPXL,20130826,21,21.49,21,21.25,230300
IQNT,20130826,7.94,8.14,7.53,7.59,608400
IRBT,20130826,33.68,34.42,33.4,33.78,214400
IRDM,20130826,7.01,7.11,6.97,7,357700
IRG,20130826,15.07,15.48,14.83,15.3,79400
IRIX,20130826,6.25,6.52,6.08,6.2,15900
IROQ,20130826,16.03,16.08,15.96,15.96,700
IRWD,20130826,11.36,12.32,11.16,11.99,1105500
ISBC,20130826,8.4275,8.4353,8.3412,8.3725,93600
ISCA,20130826,32.13,32.43,31.76,31.82,107700
ISHG,20130826,94.09,94.17,93.33,93.41,8900
ISIG,20130826,2.42,2.5,2.37,2.47,71700
ISIL,20130826,11,11.07,10.77,10.84,815400
ISIS,20130826,25.01,25.96,25,25.58,1225900
ISLE,20130826,7.81,8,7.81,7.86,28200
ISM,20130826,22.96,23.17,22.85,22.88,3400
ISNS,20130826,6.85,7,6.85,6.99,4700
ISRG,20130826,391.81,394,389.27,391.69,225700
ISRL,20130826,114.29,114.38,113.5,113.5,300
ISSC,20130826,7.93,7.94,7.75,7.81,18800
ISSI,20130826,10.41,10.49,10.21,10.26,51800
ITIC,20130826,71.1,72.7,71.1,71.98,13100
ITRI,20130826,37.89,38.1,37.65,37.86,219100
ITRN,20130826,18.28,18.44,18.14,18.24,11800
IVAC,20130826,6.24,6.31,6.16,6.25,22300
IXYS,20130826,9.72,9.72,9.33,9.39,148800
JACK,20130826,41.24,41.53,41.02,41.12,182300
JAKK,20130826,5.06,5.25,5.06,5.2,354200
JASO,20130826,8.45,8.58,8.23,8.31,1585800
JAXB,20130826,9.8,10.4,9.6,10.4,84800
JAZZ,20130826,85.7,88.47,85.7,86.1,1046300
JBHT,20130826,74.68,75.17,74.28,74.7,393100
JBLU,20130826,6.39,6.4,6.33,6.37,1923800
JBSS,20130826,22.32,22.6,21.19,21.29,21800
JCOM,20130826,50.91,51.55,50.9,51.5,185100
JCS,20130826,11.79,11.79,11.27,11.51,22600
JCTCF,20130826,12.59,12.65,12.58,12.6,19100
JIVE,20130826,12.69,13,12.61,12.74,575500
JJSF,20130826,79.43,79.43,77.69,78.1,71100
JKHY,20130826,50.44,50.84,50.35,50.5,206100
JMBA,20130826,13.22,13.5,13.13,13.26,128500
JOBS,20130826,33.13,33.13,32.105,32.355,37700
JOEZ,20130826,1.22,1.25,1.2,1.2,385500
JOUT,20130826,25.62,25.92,25.28,25.76,22800
JRJC,20130826,1.76,1.78,1.69,1.76,11000
JSM,20130826,20.86,21.02,20.62,20.74,19900
JST,20130826,7.65,7.7,7,7.12,153200
JVA,20130826,6.29,6.43,6.25,6.29,69200
JXSB,20130826,19.51,19.51,19.51,19.51,0
KALU,20130826,70.1,70.4,69.59,69.79,136700
KBIO,20130826,5.91,6,5.76,5.76,16400
KCAP,20130826,8.67,8.67,8.58,8.65,187500
KCLI,20130826,43.99,44.48,43.59,43.89,13800
KELYA,20130826,18.85,19.04,18.81,18.91,59800
KELYB,20130826,19.08,19.08,19.08,19.08,0
KEQU,20130826,13.7,14.07,13.7,13.81,13800
KERX,20130826,8.68,9.01,8.6,8.89,1807200
KEYW,20130826,11.64,11.79,11.63,11.75,78400
KFFB,20130826,8.18,8.22,8.18,8.22,3000
KFRC,20130826,16.97,17.01,16.89,16.94,77800
KGJI,20130826,1.09,1.12,1.09,1.09,95000
KINS,20130826,5.29,5.29,5.05,5.05,4300
KIRK,20130826,20.12,21.74,20.12,20.98,447600
KLAC,20130826,56.81,56.97,56.31,56.4,771600
KLIC,20130826,11.15,11.22,11.04,11.21,500900
KMDA,20130826,13.25,13.67,13.05,13.47,49600
KNDI,20130826,4.65,4.67,4.46,4.5,368100
KONA,20130826,12.35,12.85,12.15,12.34,10300
KONE,20130826,2.86,2.86,2.86,2.86,0
KOOL,20130826,1.24,1.24,1.19,1.2,6400
KOPN,20130826,3.55,3.59,3.47,3.5,51400
KOSS,20130826,5.05,5.05,5.05,5.05,400
KRNY,20130826,10.65,10.68,10.47,10.5,15200
KTCC,20130826,10.28,10.28,9.75,9.8,144400
KTEC,20130826,13.7,13.7,13.55,13.65,1200
KTOS,20130826,7.63,8.02,7.63,8,806600
KUTV,20130826,1.72,1.77,1.71,1.76,72800
KVHI,20130826,13.21,13.22,12.96,13.11,13200
KWEB,20130826,26.94,27.05,26.94,26.94,1200
KYTH,20130826,25.3,26.99,25.06,26,34900
KZ,20130826,9.54,10.5,9.54,10.3,449100
LABC,20130826,17.4,17.4,17.4,17.4,0
LABL,20130826,32.24,32.61,31.71,32.06,36500
LAKE,20130826,4.36,4.36,4.2,4.22,6200
LAMR,20130826,43.8,44.29,43.64,43.7,339000
LANC,20130826,75.95,76.17,75.14,75.25,82100
LAND,20130826,16.68,16.7,16.56,16.61,9200
LARK,20130826,20.37,20.37,20.37,20.37,0
LAWS,20130826,11.92,12.15,11.32,11.49,10600
LAYN,20130826,19.48,19.85,19.37,19.76,50400
LBAI,20130826,11.39,11.59,11.32,11.4,54300
LBIX,20130826,4.81,4.83,4.62,4.82,6300
LBTYA,20130826,38.8247,39.351,38.5948,38.8554,1144300
LBTYB,20130826,76.69,76.69,76.69,76.69,200
LBTYK,20130826,72.16,73.21,71.9,72.34,566000
LCNB,20130826,20.44,20.44,19.5,19.66,4000
LCUT,20130826,13.72,13.75,13.64,13.69,7300
LECO,20130826,62.76,63.06,62.43,62.78,146900
LEDS,20130826,0.88,0.9,0.86,0.88,73700
LFUS,20130826,76.87,77.47,76.16,76.8,63300
LFVN,20130826,2.43,2.46,2.42,2.42,116600
LGCY,20130826,26.68,27,26.53,26.76,85400
LGND,20130826,44.5,46.55,44.4,45.9,150000
LHCG,20130826,23.52,24.1,23.3,23.85,49200
LIFE,20130826,74.45,74.61,74.45,74.49,1979400
LIME,20130826,4.48,4.48,4.2,4.2,19100
LINC,20130826,5.26,5.3,5.17,5.2,27800
LINE,20130826,24.55,25.05,24.51,24.85,1016000
LION,20130826,14.73,14.8,14.4,14.66,52700
LIOX,20130826,3.74,3.8,3.65,3.69,206500
LIQD,20130826,7.64,8.26,7,7.78,19300
LIVE,20130826,1.1,1.24,1.09,1.1067,153800
LKFN,20130826,32.87,33.04,32.22,32.37,14900
LKQ,20130826,30.16,30.4,29.85,30.03,1866500
LLNW,20130826,2.08,2.17,2.08,2.14,227600
LLTC,20130826,39.05,39.3,38.88,38.91,1200400
LMAT,20130826,6.85,7.01,6.85,6.91,8700
LMCA,20130826,46.3433,47.2533,46.3433,46.73,422900
LMCB,20130826,50.6158,50.6158,50.6158,50.6158,0
LMIA,20130826,12.75,12.92,12.65,12.72,83800
LMNR,20130826,21.58,22.15,21.52,21.77,14700
LMNX,20130826,21.9,22.3,21.7,21.99,74100
LMOS,20130826,15.9,17.23,15.9,16.76,35200
LNCE,20130826,27.16,27.33,26.81,26.95,149300
LNCO,20130826,27.58,27.95,27.34,27.4,204800
LNDC,20130826,13.61,13.65,13.46,13.48,33500
LOAN,20130826,1.69,1.72,1.69,1.7,14400
LOGI,20130826,7.77,7.83,7.65,7.67,525300
LOGM,20130826,30.24,30.45,29.71,29.94,49000
LOJN,20130826,3.15,3.2,3.11,3.11,14800
LONG,20130826,16.19,16.19,15.4,15.73,21600
LOOK,20130826,2.16,2.16,2.07,2.13,4000
LOPE,20130826,34.15,34.88,34.12,34.65,255400
LORL,20130826,66.73,67.16,66.28,66.55,26800
LPLA,20130826,37.82,38.19,37.71,37.99,520900
LPNT,20130826,46.06,47.16,45.83,47.07,227000
LPSB,20130826,10.55,10.55,10.33,10.33,1900
LPSN,20130826,9.6,9.75,9.55,9.59,210800
LPTH,20130826,1.48,1.53,1.48,1.52,43500
LPTN,20130826,6.17,6.24,5.93,6,18000
LQDT,20130826,30.84,31.6,30.63,31.21,288400
LRAD,20130826,1.4,1.6,1.4,1.57,721700
LRCX,20130826,48.33,48.48,47.83,47.89,862600
LSBK,20130826,11.75,11.86,11.47,11.47,4600
LSCC,20130826,4.89,4.96,4.85,4.93,667800
LSTR,20130826,56.68,57.39,56.58,56.98,495700
LTBR,20130826,1.99,1.99,1.73,1.78,50000
LTRX,20130826,1.55,1.74,1.46,1.54,54300
LULU,20130826,71.49,72.82,71.48,72,1317000
LUNA,20130826,1.2,1.3,1.16,1.17,56800
LVNTA,20130826,21.2752,21.3538,21.0713,21.1597,165100
LWAY,20130826,16.26,16.26,15.34,15.44,14300
LXRX,20130826,17.43,17.43,17.08,17.08,498700
LYTS,20130826,7.23,7.24,7.05,7.05,85500
MACK,20130826,3.49,3.64,3.4,3.63,2159600
MAGS,20130826,4.04,4.06,3.71,4,23400
MAMS,20130826,4.54,4.55,4.54,4.55,1400
MANH,20130826,22.7325,22.9775,22.6225,22.7225,54500
MANT,20130826,28.76,28.94,28.53,28.78,158000
MARK,20130826,3,3.19,2.95,2.99,41300
MARPS,20130826,17.07,17.7,17.07,17.35,9700
MASI,20130826,25.53,25.81,25.46,25.74,187100
MAT,20130826,41.45,41.63,41.35,41.42,2127100
MATR,20130826,3.75,3.75,3.7,3.71,15800
MATW,20130826,39.19,39.19,38.23,38.79,54100
MAYS,20130826,25,25,25,25,0
MBFI,20130826,28.47,28.62,28.26,28.3,95300
MBII,20130826,13.25,13.52,13.15,13.34,5700
MBLX,20130826,8.58,8.76,8.28,8.28,53300
MBRG,20130826,19.18,19.6,18.87,19,12200
MBTF,20130826,4.16,4.19,4.14,4.14,7300
MBVT,20130826,32.26,32.7,32.01,32.16,14000
MBWM,20130826,20.58,20.79,20.32,20.33,15500
MCBC,20130826,4.85,4.91,4.79,4.82,23900
MCBK,20130826,17.49,17.49,17.49,17.49,0
MCEP,20130826,23.38,23.67,23.13,23.5,43900
MCHP,20130826,39.14,39.4,38.91,39.17,1035500
MCHX,20130826,7.2,7.32,7,7.19,41800
MCOX,20130826,3.78,4.15,3.78,4.1,109500
MCRI,20130826,19.9,20,19.8,19.85,91100
MDAS,20130826,23.14,23.62,22.92,23.42,258900
MDCA,20130826,24.51,24.69,24.21,24.46,91600
MDCO,20130826,31.06,32.26,31.06,31.98,984700
MDIV,20130826,20.74,20.9,20.55,20.62,123500
MDLZ,20130826,31.22,31.3,30.65,30.72,7374700
MDM,20130826,5.28,5.37,5.16,5.32,51200
MDRX,20130826,15.34,15.64,15.23,15.53,1863600
MDSO,20130826,43.195,44.16,43.175,43.475,173600
MDVN,20130826,56.46,58.38,56.29,58.36,1218600
MDXG,20130826,6.24,6.3,6.18,6.19,181000
MEIL,20130826,2.61,2.75,2.6,2.75,9600
MEILW,20130826,0.34,0.34,0.34,0.34,0
MEILZ,20130826,0.33,0.33,0.33,0.33,0
MEIP,20130826,6.83,7.5,6.8,7.37,32900
MELA,20130826,7,7.2,6.9,7,128100
MELI,20130826,123.21,125.3,122.59,124.17,260100
MEMP,20130826,20.81,21,20.61,20.65,185600
MENT,20130826,22.25,22.8,22.15,22.59,794400
MEOH,20130826,46.62,47.63,46.54,47.25,319000
MERC,20130826,6.85,6.96,6.75,6.89,16000
METR,20130826,19.69,19.75,19.31,19.35,15600
MFLX,20130826,15.59,15.59,15.15,15.44,26400
MFNC,20130826,9.46,9.46,9.46,9.46,0
MFRI,20130826,10.23,10.52,10.19,10.3,7800
MFRM,20130826,41.89,42.14,41.42,41.94,95400
MFSF,20130826,15.16,15.34,15.16,15.28,2100
MGCD,20130826,8.61,8.61,8.01,8.47,2500
MGEE,20130826,36.92,37.06,36.56,36.7,30100
MGI,20130826,21.97,22.04,21.69,21.73,60400
MGIC,20130826,6.56,6.6,6.42,6.45,103900
MGLN,20130826,58.23,58.81,58.01,58.46,66700
MGPI,20130826,5.74,5.75,5.65,5.73,9000
MGRC,20130826,34.86,35.79,34.67,35.31,93000
MGYR,20130826,7.24,7.25,7.12,7.25,1600
MHGC,20130826,6.83,6.86,6.78,6.81,71400
MHLD,20130826,12.58,12.76,12.21,12.75,167700
MICT,20130826,5.01,5.2,5.01,5.05,3500
MICTW,20130826,1.22,1.22,1.22,1.22,0
MIDD,20130826,63.47,63.8867,62.8733,63.2567,63600
MIND,20130826,17.8,17.8,17.61,17.79,40200
MINI,20130826,31.9,32.1,31.7,31.9,70600
MITK,20130826,5.54,5.69,5.42,5.5,227200
MITL,20130826,4.38,4.64,4.36,4.64,28900
MKSI,20130826,25.75,26,25.52,25.68,170600
MKTO,20130826,35.84,37.19,35.5,37.13,72600
MKTX,20130826,53.48,53.91,52.86,52.95,85700
MLAB,20130826,64.68,65.5,64.25,64.57,14100
MLHR,20130826,27.59,27.81,27.41,27.52,94300
MLNK,20130826,3.03,3.05,2.97,2.98,46300
MLNX,20130826,39.55,40.61,39.48,40.23,599300
MLVF,20130826,11.85,11.85,11.85,11.85,800
MMLP,20130826,45.25,46.34,45.25,45.46,43300
MMSI,20130826,13.28,13.39,13.22,13.27,91000
MMYT,20130826,14.02,14.26,13.95,14.04,30000
MNDO,20130826,1.69,1.7,1.69,1.7,47800
MNGA,20130826,0.77,0.77,0.75,0.75,42900
MNKD,20130826,5.38,5.93,5.37,5.78,11870800
MNOV,20130826,2.45,2.45,2.33,2.45,27800
MNRK,20130826,12.44,12.88,12.44,12.6,39100
MNRO,20130826,44.25,44.78,43.5,44.64,152300
MNST,20130826,59.53,59.97,58.66,58.99,916400
MNTA,20130826,14.99,15.38,14.98,15.14,213900
MNTX,20130826,10.58,10.73,10.47,10.5,110800
MOBI,20130826,3.44,3.62,3.44,3.5,62900
MOCO,20130826,14.1,14.16,14.06,14.1,1200
MOFG,20130826,25.46,25.46,24.14,24.33,21200
MORN,20130826,78.4,79.04,78.04,78.57,15200
MOSY,20130826,3.85,3.92,3.76,3.79,143600
MPAA,20130826,9.62,9.7,9.4,9.45,192800
MPB,20130826,12.04,12.17,12,12,3100
MPEL,20130826,27.48,27.75,27.17,27.23,2641700
MPET,20130826,1.04,1.04,1.01,1.03,143400
MPWR,20130826,29.14,29.14,28.71,28.83,150500
MRCC,20130826,13.57,13.92,13.55,13.85,25400
MRCY,20130826,9.3,9.43,9.1,9.13,126900
MRGE,20130826,2.52,2.65,2.48,2.61,1976700
MRLN,20130826,24.3,25.2,24.26,24.82,21800
MRTN,20130826,17.99,18.02,17.77,17.8,101300
MRTX,20130826,8.5,8.5,8.35,8.43,11100
MRVL,20130826,12.06,12.15,11.88,11.99,13564300
MSBF,20130826,7.4,7.4,7.4,7.4,0
MSCC,20130826,26.03,26.39,25.94,26.07,226400
MSEX,20130826,21.11,21.39,21.01,21.23,29800
MSFG,20130826,14.77,14.81,14.2,14.24,14600
MSFT,20130826,34.4,34.67,34.03,34.15,72786700
MSLI,20130826,1.02,1.09,0.99,1.09,34300
MSON,20130826,4.17,4.23,4.03,4.1,7600
MSTR,20130826,95.88,95.88,94.24,94.85,30000
MTEX,20130826,22.5,25.99,22.42,25,73800
MTGE,20130826,20.04,20.44,20.01,20.14,866000
MTRX,20130826,16.32,16.42,16,16.11,34200
MTSC,20130826,60.01,60.25,59.9,59.99,69500
MTSI,20130826,16.42,16.88,16.05,16.61,14300
MTSL,20130826,1.79,1.86,1.79,1.82,6500
MTSN,20130826,2.3,2.3,2.25,2.26,95300
MU,20130826,13.9,13.92,13.72,13.78,16331400
MVIS,20130826,2.04,2.13,2.04,2.1,82000
MXIM,20130826,27.65,27.91,27.48,27.6,1823900
MXWL,20130826,9.26,9.7,9.25,9.6,372800
MYGN,20130826,27.92,28.02,27.43,27.48,2053000
MYL,20130826,35.73,35.99,35.51,35.52,1883000
MYRG,20130826,22.38,22.77,22.27,22.51,91300
MZOR,20130826,15.24,15.42,14.75,14.84,169400
NAII,20130826,4.85,5.09,4.84,4.97,38400
NANO,20130826,14.04,14.12,14,14.08,42400
NATH,20130826,51.51,51.51,50.51,50.81,13800
NATI,20130826,28.5,28.83,28.31,28.43,248400
NATL,20130826,26.5,26.76,26.16,26.27,7700
NATR,20130826,18,18.1,17.86,17.99,37800
NAUH,20130826,3.45,3.55,3.43,3.46,29200
NAVG,20130826,54.87,55.32,54.68,55.19,57000
NBBC,20130826,7.57,7.69,7.47,7.5,23000
NBIX,20130826,15.03,15.65,14.98,15.29,401600
NBN,20130826,10.29,10.6,10.29,10.51,1300
NBTB,20130826,22.7,22.74,22.44,22.49,40300
NCIT,20130826,5.59,5.6,5.34,5.5,14200
NCLH,20130826,31.93,31.93,31.57,31.69,470500
NCMI,20130826,18.46,18.57,18.33,18.44,272000
NCTY,20130826,3.18,3.25,3.08,3.09,33600
NDAQ,20130826,30.91,31,30.65,30.65,1191200
NDLS,20130826,42.08,43.09,41.31,42.21,273300
NDSN,20130826,69.68,70.17,69.02,69.27,211200
NECB,20130826,6.65,6.82,6.47,6.71,1900
NEO,20130826,2.34,2.35,2.19,2.22,134200
NEOG,20130826,36.44,37.04,36.22,36.5733,53700
NEON,20130826,6.85,6.87,6.65,6.85,296600
NEPT,20130826,3.07,3.27,3.03,3.07,480800
NETE,20130826,4.92,4.93,4.77,4.77,500
NEWP,20130826,15.83,16.01,15.23,15.47,162000
NEWS,20130826,13.99,14.06,13.77,13.95,28300
NEWT,20130826,12.5,12.55,12.1,12.5,16100
NFBK,20130826,12.09,12.15,11.99,12,97800
NFEC,20130826,2,2.18,1.88,1.97,206200
NFLX,20130826,39.4443,41.42,39.1486,40.3886,4431000
NICE,20130826,37.98,38.07,37.56,37.75,93500
NICK,20130826,16,16.64,15.93,15.98,24000
NIHD,20130826,6.32,6.6,6.2,6.23,2857200
NILE,20130826,37.55,37.73,37.09,37.45,53600
NKSH,20130826,38.05,38.36,37.11,37.21,1500
NKTR,20130826,12.2,12.61,12.05,12.51,1385800
NLNK,20130826,18.46,18.77,18,18.11,140300
NLST,20130826,0.81,0.86,0.81,0.85,135800
NMRX,20130826,10.38,10.55,10,10.03,59000
NNBR,20130826,14.31,14.31,14.01,14.2,91100
NPBC,20130826,10.48,10.51,10.31,10.36,265200
NRCIA,20130826,15.6,17.1,15.55,16.63,13700
NRCIB,20130826,31.5,32.98,30.95,32.3,9000
NRIM,20130826,24.07,24.15,23.08,23.3,15700
NSEC,20130826,6.89,6.89,6.89,6.89,0
NSIT,20130826,20.87,20.87,20.03,20.16,136900
NSPH,20130826,42,44,41,42.6,551600
NSSC,20130826,4.93,4.95,4.88,4.88,2300
NSTG,20130826,8.4,8.4,7.92,7.92,17000
NSYS,20130826,4.06,4.08,4.06,4.08,3400
NTAP,20130826,40.8,42.23,40.8,41.85,4884100
NTCT,20130826,25.81,26,25.72,25.82,92700
NTES,20130826,76.36,77.48,75.01,76.12,976600
NTGR,20130826,29.69,29.93,29.62,29.82,211000
NTIC,20130826,14.97,14.99,14.51,14.8,11000
NTK,20130826,68.85,68.98,68.24,68.44,4900
NTLS,20130826,16.32,16.71,16.26,16.51,140000
NTRI,20130826,12.8,12.89,12.7,12.78,252400
NTRS,20130826,57.02,57.16,56.37,56.37,622800
NTWK,20130826,10.11,10.29,10,10.15,110700
NUAN,20130826,19.33,19.42,18.97,19.01,2294500
NURO,20130826,1.6,1.71,1.6,1.69,9100
NUTR,20130826,22.73,22.93,22.32,22.52,12200
NUVA,20130826,23.74,24.35,23.69,23.83,240000
NVAX,20130826,2.89,3.12,2.88,3.04,5505300
NVDA,20130826,14.98,15.03,14.93,14.99,7508200
NVDQ,20130826,14.59,14.67,14.42,14.49,236800
NVEC,20130826,50.71,51.26,50.61,50.79,7700
NVGN,20130826,3.82,3.84,3.6,3.72,8700
NVMI,20130826,8.81,8.9,8.76,8.82,25000
NVSL,20130826,7.7,7.7,7.42,7.42,31400
NWBI,20130826,13.81,13.87,13.7,13.75,274900
NWBO,20130826,3.64,3.72,3.58,3.67,292500
NWBOW,20130826,2.2,2.32,2.2,2.31,8400
NWFL,20130826,28.57,28.69,28.57,28.6,900
NWLI,20130826,208.78,208.78,207,207,1300
NWPX,20130826,29.5,30.2,29.5,29.78,31900
NWS,20130826,15.94,16.13,15.94,16.06,1095300
NWSA,20130826,15.79,15.9,15.71,15.86,4126300
NXPI,20130826,36.14,36.57,35.83,36.3,1723400
NXST,20130826,36.11,37.03,34.48,34.66,422100
NXTM,20130826,12.7,13.18,12.7,12.96,276800
NYMT,20130826,6.05,6.12,6.01,6.1,694400
NYMTP,20130826,21.87,21.87,21.5,21.54,2200
NYMX,20130826,7.46,8,7.21,7.99,188200
NYNY,20130826,2.99,3.1,2.86,2.91,16500
OBAS,20130826,6.1,6.1,6.1,6.1,0
OBCI,20130826,2.56,2.67,2.56,2.62,7300
OCC,20130826,4.2,4.33,4.18,4.25,7000
OCFC,20130826,17.24,17.45,16.96,17.2,37500
OCLR,20130826,1.1,1.11,1.08,1.1,404100
OCLS,20130826,2.6,2.65,2.47,2.62,53500
OCRX,20130826,7.22,8.38,7.22,7.33,15200
ODFL,20130826,45.12,45.5,44.98,45.09,289900
OFED,20130826,17.06,17.06,17.06,17.06,100
OFIX,20130826,22.6,22.87,22.37,22.42,65300
OFLX,20130826,19.2,19.25,19,19.01,4300
OFS,20130826,11.97,12.15,11.93,12.15,6900
OGXI,20130826,9.16,9.29,9,9.01,33800
OHRP,20130826,6.14,6.14,6,6.05,18400
OIIM,20130826,3.15,3.22,3.15,3.16,7200
OKSB,20130826,15.18,15.21,14.5,15.17,27800
OLBK,20130826,12.87,13.07,12.87,12.87,11600
OLED,20130826,35.36,36,34.88,34.93,420600
OMAB,20130826,28.74,28.74,27.37,27.81,59600
OMCL,20130826,22.62,22.75,21.9,22.05,166700
OMED,20130826,16.98,17.75,16.98,17.4,88700
OMER,20130826,4.95,5.34,4.95,5.13,303400
OMEX,20130826,2.98,3.02,2.95,3,655200
ONB,20130826,13.73,13.76,13.56,13.57,273000
ONCY,20130826,2.82,2.84,2.59,2.84,126500
ONEQ,20130826,144.61,145.2,143.98,144.24,8200
ONFC,20130826,14.01,14.44,13.6,13.6,3900
ONTX,20130826,27.84,27.84,27.03,27.16,44700
ONTY,20130826,1.77,1.77,1.72,1.74,372900
ONVI,20130826,5.23,5.23,5.21,5.23,300
OPHC,20130826,1.56,1.56,1.49,1.55,1100
OPOF,20130826,13,13,13,13,1000
OPTT,20130826,1.6,1.65,1.6,1.63,10200
OPXA,20130826,1.43,1.54,1.37,1.47,1712000
ORBC,20130826,4.89,4.91,4.78,4.85,36600
ORBK,20130826,12.37,12.54,12.24,12.37,182400
OREX,20130826,7.02,7.32,6.99,7.24,1157100
ORIG,20130826,17.27,17.66,17.27,17.51,162900
ORIT,20130826,16.12,16.3,15.94,15.98,54600
ORLY,20130826,123.34,124.49,123.28,123.94,394700
ORMP,20130826,7.25,7.35,7.19,7.3,6300
ORRF,20130826,16.09,16.2,15.86,15.89,5800
OSBC,20130826,6,6.05,5.85,5.96,18400
OSBCP,20130826,11.11,11.11,11.11,11.11,100
OSHC,20130826,14.7,14.85,14.55,14.85,700
OSIR,20130826,18.66,19.47,18.66,19.05,286800
OSIS,20130826,71.76,73.34,71.74,72.76,91300
OSM,20130826,23.16,23.25,23.07,23.07,8600
OSN,20130826,0.72,0.72,0.66,0.66,4000
OSTK,20130826,29.9,32.05,29.9,31.33,256900
OSUR,20130826,5.21,5.22,4.99,5.06,707600
OTEL,20130826,8.36,8.37,8.05,8.1,4800
OTEX,20130826,35.03,35.215,34.805,35.005,140600
OTIV,20130826,1.43,1.43,1.36,1.41,108900
OTTR,20130826,28,28,27.23,27.33,45200
OUTR,20130826,63.21,64.3,62.75,63.55,464500
OVAS,20130826,12.32,12.32,11.78,11.78,1700
OVBC,20130826,21.25,21.25,20.8,20.8,800
OVLY,20130826,8.47,8.8,8.1,8.4,16000
OVTI,20130826,16.85,18.79,16.55,18.38,3685700
OXGN,20130826,2.5,2.59,2.48,2.57,10100
OXLC,20130826,16,16.18,15.95,15.95,39300
OXLCO,20130826,23.5,23.5,23.37,23.5,14500
OZRK,20130826,24.235,24.355,23.985,24.165,66000
PAAS,20130826,13.76,13.82,13.37,13.54,2637300
PACB,20130826,4.45,4.72,4.32,4.42,841300
PACW,20130826,34.52,34.78,34.1,34.28,111400
PAGG,20130826,27.82,27.96,27.66,27.66,12600
PATK,20130826,17.9533,18.5,17.4267,17.7333,78300
PAYX,20130826,39.31,39.41,39.08,39.13,876100
PBCP,20130826,9.73,9.73,9.73,9.73,0
PBCT,20130826,14.84,14.89,14.72,14.73,2045200
PBHC,20130826,14.6,14.6,14.6,14.6,100
PBIB,20130826,1.36,1.37,1.35,1.37,11600
PBIP,20130826,9.91,10,9.8,10,4600
PBMD,20130826,2.43,2.59,2.43,2.53,100500
PBSK,20130826,15.09,15.09,15.09,15.09,0
PCAR,20130826,55.05,55.4,54.73,54.81,811700
PCBK,20130826,11.4,13.15,11.4,13.06,19700
PCCC,20130826,15.32,15.47,15.22,15.33,43200
PCH,20130826,40.63,40.66,40.08,40.12,240800
PCLN,20130826,952.31,961.24,948.72,949.54,342200
PCMI,20130826,10.07,10.2,9.99,10.05,38800
PCO,20130826,2.07,2.07,2.02,2.04,225000
PCOM,20130826,22.01,22.52,21.5,22.2,121600
PCRX,20130826,36.57,37.48,36.45,36.97,167800
PCTI,20130826,8.86,9.19,8.62,8.72,54500
PCYO,20130826,5.51,5.58,5.27,5.4,87700
PDCE,20130826,55.93,57.21,55.6,56.39,444200
PDCO,20130826,41.04,41.2,40.42,40.45,702600
PDEX,20130826,1.92,1.92,1.92,1.92,2000
PDFS,20130826,20.58,20.58,20.3,20.37,39400
PDII,20130826,5.25,5.25,5.18,5.25,13700
PDLI,20130826,8.19,8.23,8.09,8.13,1497800
PEBK,20130826,12.85,13.5,12.85,13.5,1300
PEBO,20130826,22.8,23.09,22.4,22.71,17300
PEGA,20130826,18.74,19.15,18.44,18.705,216100
PEIX,20130826,3.73,3.85,3.68,3.82,310900
PENN,20130826,53.78,54.06,53.58,53.64,488400
PERF,20130826,5.25,5.25,5.05,5.05,1900
PERI,20130826,10.37,10.51,10.21,10.44,379600
PERY,20130826,18.71,18.86,18.51,18.52,52000
PESI,20130826,2.5,2.5,2.4,2.4,240400
PETS,20130826,15.21,15.66,15.21,15.6,342700
PETX,20130826,8.68,9.1,8.6,9.04,7700
PFBC,20130826,17.14,17.15,16.71,16.81,12700
PFBI,20130826,12.1,12.24,12.01,12.22,2000
PFBX,20130826,11.64,12.1,11.64,12.01,6000
PFIN,20130826,7.85,7.98,7.85,7.9,7500
PFLT,20130826,13.6,13.6,13.22,13.44,66400
PFMT,20130826,10.94,11.19,10.89,11.06,66800
PFPT,20130826,29.4,30.1,29.08,29.54,186800
PFSW,20130826,5.1,5.1,4.9,4.9,46500
PGC,20130826,16.82,17.2,16.82,17.02,2700
PGNX,20130826,4.82,5.45,4.82,5.21,947300
PGTI,20130826,9.88,10.23,9.71,9.96,345900
PHII,20130826,36.45,36.55,36.35,36.42,3500
PHIIK,20130826,37.46,38.03,37.08,37.33,7300
PHMD,20130826,16.71,16.71,16.18,16.26,257500
PICO,20130826,21.26,21.41,21.21,21.24,49000
PKBK,20130826,8.7,8.71,8.2,8.65,8100
PKOH,20130826,34.61,35.39,33.85,34.22,24400
PLAB,20130826,7.37,7.41,7.3,7.33,209900
PLBC,20130826,6.09,6.09,5.72,5.8,7000
PLCE,20130826,55.68,56.17,55.24,55.3,257100
PLCM,20130826,10.33,10.38,10.26,10.37,1333500
PLNR,20130826,1.83,1.9,1.81,1.9,41800
PLPC,20130826,67.75,68.87,67.5,67.88,3400
PLPM,20130826,2.14,2.33,2.14,2.27,117600
PLTM,20130826,13,13.24,12.43,12.43,13800
PLUG,20130826,0.44,0.51,0.44,0.48,5986100
PLUS,20130826,55.85,56.08,54.79,55.65,23200
PLXS,20130826,34.58,35.29,34.4,34.52,48100
PMBC,20130826,6.35,6.45,5.95,6,139200
PMCS,20130826,6.35,6.5,6.32,6.42,1868500
PMD,20130826,13.01,13.4,12.68,13.32,25300
PME,20130826,1.45,1.5,1.45,1.49,17900
PNBK,20130826,13.5,13.5,13.5,13.5,200
PNFP,20130826,29.18,29.37,28.71,29.09,225700
PNNT,20130826,11.33,11.33,11.12,11.2,281700
PNQI,20130826,56.68,57.03,56.45,56.6,116300
PNRA,20130826,169.16,170.18,168,168.03,433400
PNRG,20130826,47.5,47.63,47,47.5,1000
PNTR,20130826,5.9,5.9,5.24,5.53,66500
PODD,20130826,34.3,34.79,33.8,34.64,243000
POOL,20130826,53.85,54.15,53.63,53.83,94300
POPE,20130826,68.35,69.14,67.37,67.37,1300
POWI,20130826,53.32,54.65,52.94,53.5,159400
POWL,20130826,54.61,54.98,54.02,54.21,13400
POZN,20130826,5.29,5.35,5.26,5.29,78000
PPBI,20130826,13.6,13.81,13.4,13.55,55100
PPC,20130826,16.7,16.7,15.46,15.47,2174700
PPHM,20130826,1.4,1.41,1.38,1.39,627000
PRAA,20130826,55.68,56.53,54.96,55.26,415900
PRAN,20130826,6.23,6.5,5.9,6.18,3028400
PRCP,20130826,8.37,8.44,8.25,8.44,10300
PRFT,20130826,16.9,16.9,16.68,16.79,47900
PRFZ,20130826,86.82,87.03,86.22,86.5,26900
PRGN,20130826,5.92,6.5,5.78,6.39,127300
PRGS,20130826,24.44,24.83,24.44,24.65,176600
PRGX,20130826,6.02,6.03,5.95,6.02,71900
PRIM,20130826,23.14,23.62,22.84,22.92,553500
PRKR,20130826,4.15,4.26,4.09,4.1,491100
PRMW,20130826,2.5,2.61,2.47,2.57,198100
PROV,20130826,18.13,18.13,17.75,17.94,41500
PRPH,20130826,1.65,1.65,1.53,1.53,3600
PRSC,20130826,27.93,28.16,27.23,27.3,41700
PRSS,20130826,5.75,5.87,5.75,5.81,11800
PRTA,20130826,18.88,22.48,18.86,20.99,116500
PRTS,20130826,0.94,0.95,0.94,0.95,54800
PRXI,20130826,17.2,17.2,16.8,16.9,90300
PRXL,20130826,48.32,48.9,48.21,48.42,215000
PSAU,20130826,25.14,25.53,24.8,25.36,16900
PSBH,20130826,6.39,6.39,6.39,6.39,0
PSCC,20130826,45.93,45.94,45.45,45.63,3800
PSCD,20130826,42.19,42.67,42.19,42.41,5200
PSCE,20130826,42.36,42.63,42.31,42.31,5600
PSCF,20130826,36.71,36.78,36.58,36.58,6300
PSCH,20130826,47.73,48.1,47.51,47.72,21700
PSCI,20130826,39.1,39.35,39.1,39.34,8100
PSCM,20130826,37.95,37.95,37.42,37.67,2100
PSCT,20130826,39.05,39.18,38.87,38.98,16100
PSCU,20130826,32.47,32.53,32.42,32.47,1700
PSDV,20130826,3.45,3.72,3.4,3.56,289300
PSEC,20130826,11.4,11.43,11.33,11.34,3239600
PSEM,20130826,7.27,7.31,7.2,7.2,32900
PSIX,20130826,49.25,54.61,49.25,53.09,53200
PSMT,20130826,85.63,85.75,84.16,84.45,42500
PSTB,20130826,6.38,6.53,6.16,6.33,82300
PSTI,20130826,3.16,3.18,3.13,3.15,124200
PSUN,20130826,3.52,3.75,3.5,3.53,872400
PTCT,20130826,16.86,16.99,15.56,16.2,23900
PTEN,20130826,19.89,20.3,19.87,20.03,1636500
PTIE,20130826,2.74,2.75,2.68,2.69,118300
PTLA,20130826,21.77,23.11,21.53,22.82,59400
PTNR,20130826,7.91,7.91,7.68,7.7,120700
PTNT,20130826,3.65,3.65,3.6,3.6,400
PTSI,20130826,12.84,13.09,12.72,12.93,24400
PTX,20130826,2.86,2.86,2.74,2.77,103000
PULB,20130826,10.21,10.22,10.18,10.18,10400
PVTB,20130826,23.72,23.87,23.38,23.44,150800
PVTBP,20130826,25.79,26.11,25.79,26.1,4300
PWOD,20130826,47.44,47.69,46.73,46.91,10200
PWX,20130826,18.6,18.61,18.32,18.47,6700
PXLW,20130826,3.83,3.97,3.82,3.86,115100
PZZA,20130826,35.685,35.8,35.16,35.23,39300
QABA,20130826,32.66,32.88,32.54,32.57,24900
QADA,20130826,12,12,11.75,11.95,13400
QADB,20130826,10.54,10.55,10.44,10.44,2500
QBAK,20130826,1.44,1.44,1.44,1.44,0
QCCO,20130826,2.62,2.63,2.56,2.56,5500
QCLN,20130826,15.36,15.51,15.19,15.3,27000
QCOM,20130826,67.03,67.24,66.79,66.95,10388600
QCRH,20130826,15.86,15.99,15.85,15.98,1200
QDEL,20130826,25.64,26.42,25.55,26.38,145800
QGEN,20130826,20.97,21.08,20.92,21.01,474100
QIWI,20130826,31.66,33.7,31.66,33.45,568500
QKLS,20130826,4.7,4.7,4.4,4.7,8300
QLGC,20130826,11.2,11.22,11.05,11.09,450900
QLIK,20130826,34.7,35,34.3,34.36,1011300
QLTI,20130826,4.13,4.27,4.1,4.23,55400
QLYS,20130826,19.82,20.4,19.52,20.22,239700
QNST,20130826,9.23,9.4,9.13,9.19,72500
QPACU,20130826,10.08,10.08,10.02,10.02,3300
QQEW,20130826,32.1,32.3,32.04,32.05,134400
QQQ,20130826,76.72,77.28,76.55,76.71,27525400
QQQC,20130826,19.48,19.48,19.3,19.3,13700
QQQX,20130826,16.25,16.48,16.25,16.35,28900
QQXT,20130826,30.83,31.06,30.77,30.89,7300
QSII,20130826,21.69,22.07,21.52,21.67,267600
QTEC,20130826,31.08,31.18,30.99,31,6700
QTWW,20130826,2.07,2.1,2.04,2.1,108500
QUIK,20130826,2.5,2.5,2.46,2.47,78600
RADA,20130826,1.41,1.41,1.41,1.41,200
RAIL,20130826,18.46,18.5,18.05,18.29,61500
RAND,20130826,2.92,2.98,2.92,2.98,200
RAVN,20130826,30.08,30.32,29.75,29.9,52800
RBCAA,20130826,26.81,27.46,26.75,27.1,20000
RBCN,20130826,11.45,11.65,11.2,11.4,474400
RBPAA,20130826,1.5,1.5,1.45,1.45,10200
RCII,20130826,38.36,38.61,38.09,38.19,554800
RCKY,20130826,17.51,17.51,17.21,17.38,25100
RCMT,20130826,5.66,5.67,5.54,5.54,4600
RCON,20130826,1.98,1.98,1.87,1.88,73600
RDCM,20130826,5.3,5.3,5.18,5.26,13900
RDEN,20130826,35.33,35.61,35.06,35.42,166400
RDHL,20130826,10.2,10.39,9.99,10.39,5400
RDI,20130826,6.31,6.37,6.25,6.35,31600
RDIB,20130826,7.02,7.02,7.02,7.02,0
RDNT,20130826,2.7,2.72,2.66,2.71,26800
RDWR,20130826,14.89,15.1,14.89,15,129100
RECN,20130826,12.82,12.95,12.15,12.78,61000
REDF,20130826,2.4,2.49,2.34,2.38,82100
REFR,20130826,4.3,4.4,4.29,4.29,44400
REGI,20130826,14.5,15.45,14.37,15.29,645700
REGN,20130826,239,246.59,238.03,245.01,740400
REIS,20130826,18.22,18.48,17.84,17.85,5200
RELL,20130826,11.14,11.2,11.03,11.08,10400
RELV,20130826,2.22,2.45,2.19,2.39,61700
REMY,20130826,20.27,20.27,19.85,19.95,8800
RENT,20130826,23.83,24.35,23.42,23.79,100200
REXI,20130826,7.76,7.8,7.65,7.65,10900
REXX,20130826,21.12,21.38,20.91,21.07,346200
RFIL,20130826,6.32,6.34,6.19,6.22,49900
RGCO,20130826,18.64,18.88,18.4,18.88,1900
RGEN,20130826,10.18,10.24,9.99,10.19,310400
RGLD,20130826,64.49,65.09,63.74,64.9,625500
RGLS,20130826,9.25,9.61,9.11,9.52,99900
RICK,20130826,9.54,9.99,9.48,9.93,142200
RIGL,20130826,3.04,3.39,3,3.14,3223700
RITT,20130826,3.14,3.14,2.9,2.97,4500
RIVR,20130826,23.53,24.46,23.53,24.3,1000
RJET,20130826,12.03,12.03,11.76,11.8,170700
RLJE,20130826,5.8,5.9,5.8,5.85,9600
RLOC,20130826,12.06,12.14,11.88,12.08,35000
RLOG,20130826,5.41,5.55,5.29,5.5,32200
RMBS,20130826,8.43,8.69,8.3,8.61,761100
RMCF,20130826,12.82,12.82,12.38,12.5,8500
RMGN,20130826,8.4,8.5,8.35,8.39,60700
RMTI,20130826,5.8,6.22,5.73,5.99,1481400
RNET,20130826,34.01,35.37,33.43,33.66,274500
RNST,20130826,25.86,26.38,25.86,26.1,27000
RNWK,20130826,7.5,7.65,7.5,7.58,190800
ROCK,20130826,13.2,13.22,13.05,13.11,56000
ROIA,20130826,2.3,2.3,2.3,2.3,1100
ROIAK,20130826,2.25,2.3,2.25,2.28,36700
ROIC,20130826,13.43,13.48,13.28,13.29,315200
ROLL,20130826,60.18,61.98,59.88,61.72,79600
ROSG,20130826,3.3,3.37,3.25,3.28,69200
ROST,20130826,35,35,34.485,34.53,1878600
ROVI,20130826,19.22,19.24,18.76,18.94,783200
ROYL,20130826,2.83,2.93,2.82,2.9,139800
RP,20130826,20.68,20.93,20.48,20.89,446700
RPRX,20130826,18.81,19.52,18.81,19.22,766400
RPRXZ,20130826,16.62,16.62,16.62,16.62,0
RPTP,20130826,13.57,14.02,13.4,13.96,841600
RPXC,20130826,16.04,16.44,15.9,16.21,352300
RRD,20130826,17.45,17.48,16.94,17.09,1849600
RRGB,20130826,68.31,68.95,67.75,67.95,82400
RSTI,20130826,23.48,23.78,23.29,23.36,58400
RSYS,20130826,3.56,3.72,3.54,3.69,140000
RTIX,20130826,3.53,3.61,3.44,3.46,298100
RTK,20130826,1.99,2.04,1.99,2,2453600
RUSHA,20130826,25.6,25.91,25.38,25.64,61000
RUSHB,20130826,22.02,22.02,22.02,22.02,300
RUTH,20130826,12.33,12.49,12.08,12.24,157200
RVLT,20130826,3.25,3.35,3.12,3.24,575500
RVSB,20130826,2.72,2.74,2.62,2.66,4000
RYAAY,20130826,49.89,49.89,49.1,49.27,141500
SAAS,20130826,8.57,8.63,8.47,8.56,570300
SAEX,20130826,10.02,10.14,9.9,10.01,26000
SAFM,20130826,71.56,71.71,69.07,69.79,374600
SAFT,20130826,51.55,52.24,50.75,52.17,53800
SAIA,20130826,30.09,30.36,29.5,30.11,105500
SAL,20130826,26.71,26.71,26.71,26.71,100
SALE,20130826,29.61,30.94,29.61,30.68,143300
SALM,20130826,8.02,8.25,7.98,8.03,84200
SAMG,20130826,14.06,14.35,14.01,14.01,14900
SANM,20130826,16.51,16.64,16.25,16.33,350700
SANW,20130826,8.16,8.33,8.04,8.22,61400
SASR,20130826,23.42,23.72,23.37,23.46,33500
SATS,20130826,41.4,41.67,41.05,41.35,163200
SAVE,20130826,31.57,31.57,30.98,31.26,527000
SBAC,20130826,73.53,74.45,72.98,73.53,852100
SBBX,20130826,6.67,6.67,6.6,6.65,7000
SBCF,20130826,11,11.15,10.55,10.75,68800
SBFG,20130826,8.02,8.02,8.02,8.02,400
SBGI,20130826,25.96,26.22,25.18,25.26,924000
SBLK,20130826,6.99,7.38,6.95,7.2,76400
SBNY,20130826,91.43,91.76,90.21,90.84,101200
SBNYW,20130826,59.58,59.58,59.58,59.58,0
SBRA,20130826,23.03,23.1,22.7,22.95,121200
SBRAP,20130826,23.53,23.99,23.53,23.98,4900
SBSA,20130826,3.66,3.75,3.58,3.58,19900
SBSI,20130826,25.08,25.47,25.02,25.28,77200
SBUX,20130826,36.02,36.105,35.8,35.94,2464600
SCHL,20130826,30.41,30.67,30.28,30.41,91200
SCHN,20130826,27.53,28.08,27.53,27.79,190000
SCLN,20130826,5.43,5.56,5.41,5.5,406400
SCMP,20130826,6.24,6.25,6.06,6.08,72200
SCON,20130826,1.67,1.67,1.6,1.63,182300
SCOR,20130826,28.43,28.64,28.14,28.24,62500
SCSC,20130826,33.68,34,33.24,33.49,150500
SCSS,20130826,23.15,23.57,23,23.23,550500
SCTY,20130826,34.49,35.68,34.4,35,2267100
SCVL,20130826,26.69,26.87,26.26,26.32,126900
SEAC,20130826,10.87,10.88,10.5,10.52,120700
SEED,20130826,1.35,1.4,1.35,1.39,14800
SEIC,20130826,31.59,31.68,31.25,31.33,425600
SENEA,20130826,31.92,32.05,31.29,31.75,12500
SENEB,20130826,32.18,32.18,32.18,32.18,0
SEV,20130826,5.38,5.38,5.38,5.38,0
SFBC,20130826,15,15.25,15,15.07,3700
SFLY,20130826,53.18,55,53.04,53.78,555000
SFM,20130826,39.34,39.88,38.25,38.99,230100
SFNC,20130826,26.42,26.68,26.07,26.14,11200
SFST,20130826,13.19,13.25,13.19,13.25,3100
SGC,20130826,11.97,12.15,11.97,12.02,7300
SGEN,20130826,41.74,42.65,41.61,42.53,405600
SGI,20130826,15.04,15.39,15.01,15.22,351000
SGMA,20130826,4.41,4.42,4.4,4.4,2500
SGMO,20130826,10.02,10.45,9.9,10.35,383300
SGMS,20130826,14.97,15.04,14.86,14.95,338500
SGNT,20130826,22.92,23,22.49,22.92,63700
SGOC,20130826,3.44,3.44,3.07,3.23,583200
SGRP,20130826,1.88,1.88,1.88,1.88,7500
SGYP,20130826,4.47,4.64,4.4,4.57,337500
SGYPW,20130826,1.81,1.81,1.81,1.81,0
SHBI,20130826,8.39,9.06,8.35,8.71,23300
SHEN,20130826,18.8,19,18.47,18.52,32200
SHIP,20130826,1.3,1.45,1.28,1.45,30000
SHLD,20130826,39.8,40.46,39.3,39.34,799100
SHLM,20130826,27.39,27.39,26.92,26.99,79400
SHLO,20130826,11.2,11.35,11.08,11.35,9600
SHOO,20130826,36.0533,36.5467,35.9933,36,242400
SHOR,20130826,4.95,5.16,4.95,5.15,853500
SHOS,20130826,40.29,40.9,39.4,39.55,122200
SHPG,20130826,114.07,114.15,112.87,113.01,118500
SIAL,20130826,84.01,84.48,83.46,83.64,259200
SIBC,20130826,15.25,15.27,15.25,15.27,2900
SIEB,20130826,1.6,1.82,1.5,1.69,31800
SIFI,20130826,11.34,11.46,11.3,11.32,5800
SIFY,20130826,1.76,1.87,1.75,1.78,167200
SIGI,20130826,23.7,23.83,23.46,23.67,94300
SIGM,20130826,4.87,4.9,4.8,4.86,68900
SILC,20130826,32.64,32.64,31.06,31.33,69500
SIMO,20130826,11.11,11.28,11.01,11.05,118600
SINA,20130826,81.41,81.71,79.35,80.32,2213000
SINO,20130826,1.9,1.99,1.85,1.88,4900
SIRI,20130826,3.71,3.73,3.66,3.66,26186200
SIRO,20130826,66.54,66.84,65.51,66.18,370000
SIVB,20130826,88.18,88.87,86.57,86.88,162200
SIVBO,20130826,25.37,25.37,25.35,25.35,700
SKBI,20130826,2.5,2.98,2.5,2.86,104600
SKUL,20130826,5.7,6.11,5.69,5.76,440800
SKYW,20130826,13.45,13.46,13.07,13.09,212700
SKYY,20130826,23.53,23.66,23.47,23.49,32700
SLAB,20130826,39.73,40.01,39.46,39.68,134200
SLGN,20130826,48.37,48.98,48.12,48.39,196900
SLM,20130826,8.9643,8.9679,8.8393,8.8429,2277300
SLMAP,20130826,47.74,47.74,47.01,47.25,1000
SLMBP,20130826,70.04,71.5,70.04,71.01,1900
SLP,20130826,4.77,4.83,4.61,4.74,13500
SLRC,20130826,22.05,22.05,21.95,21.99,208400
SLTC,20130826,5.75,5.93,5.55,5.8,5800
SLVO,20130826,18.22,18.22,18.12,18.12,1100
SMBC,20130826,13.745,13.84,13.745,13.775,600
SMCI,20130826,13.12,13.18,12.94,13.01,81700
SMED,20130826,2.65,2.78,2.65,2.69,17400
SMIT,20130826,2.6,2.61,2.56,2.56,2400
SMMF,20130826,8.9,8.9,8.9,8.9,0
SMRT,20130826,12.54,13.21,12.5,13,182400
SMSI,20130826,0.99,0.99,0.95,0.96,43100
SMT,20130826,2.25,2.3,2.21,2.25,110700
SMTC,20130826,30.15,30.44,30,30.17,805600
SMTX,20130826,1.85,1.89,1.85,1.89,11300
SNAK,20130826,9.32,9.35,9,9.03,37000
SNBC,20130826,18.5,18.75,18.3,18.55,20700
SNCR,20130826,34.61,35.07,34.61,34.65,129700
SNDK,20130826,56.83,56.95,56.09,56.64,2316700
SNFCA,20130826,5.67,5.67,5.22,5.47,78800
SNHY,20130826,32.45,32.59,32.19,32.36,28300
SNMX,20130826,3.26,3.27,3.18,3.2,51900
SNPS,20130826,36.86,37.5,36.86,37.22,514900
SNSS,20130826,4.92,5.01,4.88,4.91,95400
SNTA,20130826,5.78,6.1,5.71,5.91,941900
SOCB,20130826,5.54,5.63,5.42,5.63,6900
SOCL,20130826,17.97,18.15,17.76,17.92,33600
SODA,20130826,65.62,68.2,65.22,67.39,1111600
SOFO,20130826,9.72,9.72,9.55,9.68,2000
SOHO,20130826,4.34,4.34,4.34,4.34,1100
SOHU,20130826,62,62.3,60.42,61.33,690500
SONA,20130826,10.03,10.03,9.62,9.8,9600
SONC,20130826,16.81,16.9,16.61,16.69,485900
SONS,20130826,17.65,17.8,17.5,17.55,2903800
SORL,20130826,3.45,3.5,3.33,3.35,36100
SOXX,20130826,63.15,63.45,63.03,63.05,37300
SPAN,20130826,21.75,21.75,21,21.19,3400
SPAR,20130826,5.98,6.15,5.98,6.09,239300
SPEX,20130826,11.15,16,11.15,13.55,1464600
SPHS,20130826,4.64,4.67,4.3,4.35,114300
SPIL,20130826,5.41,5.41,5.36,5.37,142800
SPLK,20130826,50.28,50.98,50.06,50.16,593600
SPLS,20130826,14.24,14.46,14.15,14.37,8822000
SPNC,20130826,16.99,17.01,16.59,16.61,179000
SPNS,20130826,5.67,5.74,5.61,5.72,19200
SPPI,20130826,8.07,8.14,7.93,8.09,656400
SPRO,20130826,1.65,1.66,1.65,1.65,3500
SPRT,20130826,5.32,5.38,5.13,5.19,418300
SPSC,20130826,62.8,64.85,62.75,64.31,33200
SPTN,20130826,21.18,21.18,20.38,20.72,114100
SPU,20130826,1.82,1.84,1.81,1.81,31100
SPWR,20130826,23.11,23.57,22.61,22.77,2721600
SQI,20130826,21.22,21.41,20.87,21.02,60200
SQNM,20130826,3.04,3.08,3.04,3.07,1808500
SQQQ,20130826,91.12,91.64,89,91.16,2368900
SRCE,20130826,27.66,28.11,27.26,27.45,17000
SRCL,20130826,115.71,116.44,115.37,115.47,238300
SRDX,20130826,21.31,21.55,20.92,20.97,30600
SREV,20130826,13,13.24,12.85,13.04,621500
SRPT,20130826,33.8,35.33,33.8,35.05,1389300
SSBI,20130826,10.14,10.14,10.11,10.11,2200
SSFN,20130826,5.28,5.41,5.1,5.35,7400
SSH,20130826,13.37,13.8,12.08,12.26,1156400
SSNC,20130826,35.65,36.55,35.58,36.31,257700
SSRI,20130826,9.64,9.9,9.53,9.64,1594600
SSYS,20130826,108.37,113.49,108.21,110.04,1177000
STAA,20130826,12.28,12.29,12.15,12.16,79200
STB,20130826,6.41,6.44,6.38,6.42,127600
STBA,20130826,24.17,24.17,23.64,23.71,31100
STBZ,20130826,15.68,15.7,15.47,15.48,26700
STCK,20130826,13.5,14.4,13.07,14.35,14100
STEM,20130826,1.69,1.69,1.66,1.68,124600
STFC,20130826,20.3,21.19,20,20.68,16600
STKL,20130826,8.93,9.02,8.73,8.78,182900
STLD,20130826,15.74,16.03,15.74,15.86,1455400
STLY,20130826,3.53,3.6,3.4,3.52,61800
STML,20130826,34.86,35.14,34.1,34.76,97300
STMP,20130826,42,42.37,41.51,41.8,95000
STNR,20130826,59.64,60.12,58.7,59.3,23800
STPP,20130826,41.19,41.44,41.19,41.22,6800
STRA,20130826,40.85,42.5,40.62,41.74,359400
STRL,20130826,9.65,9.84,9.65,9.7,21700
STRM,20130826,7.08,7.14,6.96,6.99,80800
STRS,20130826,13.5,13.94,13.18,13.52,2300
STRT,20130826,36.48,37.28,36.26,36.63,13300
STRZA,20130826,24.72,24.8,24.41,24.62,568000
STRZB,20130826,24.64,24.64,24.64,24.64,0
STX,20130826,40.13,40.58,39.75,40.1,2149100
STXS,20130826,3.76,3.85,3.6,3.6,725400
SUBK,20130826,18.1,18.29,17.76,18.01,15200
SUMR,20130826,3.26,3.26,3.11,3.2,43200
SUNS,20130826,18.19,18.24,18.04,18.07,12900
SUPN,20130826,7,7.08,6.87,6.92,638100
SURG,20130826,4.05,4.08,3.92,3.92,46200
SVA,20130826,4.68,4.85,4.64,4.78,487700
SVBI,20130826,4.85,4.99,4.73,4.99,900
SVVC,20130826,24.24,24.59,24.07,24.24,58000
SWHC,20130826,11.21,11.3,10.99,11.02,1899500
SWIR,20130826,12.81,12.89,12.74,12.79,50800
SWKS,20130826,25.13,25.39,24.99,25.21,1499400
SWSH,20130826,8.3,8.4,8.1,8.2,235000
SYBT,20130826,27.79,27.8,27.34,27.58,20800
SYKE,20130826,17.38,17.44,17.16,17.27,114500
SYMC,20130826,26.3,26.4,26.02,26.03,3291000
SYMX,20130826,0.85,0.85,0.8,0.8,63000
SYNA,20130826,41.3,41.44,40.89,41.03,434500
SYNC,20130826,2.7,2.7,2.66,2.7,224500
SYNL,20130826,16.25,16.4,15.82,16.09,5400
SYNT,20130826,37.75,37.75,36.85,36.945,48700
SYPR,20130826,3.13,3.17,3.03,3.08,22200
SYUT,20130826,5.02,5.05,4.97,5.01,6700
SZYM,20130826,12,12,11.53,11.7,699700
TACT,20130826,9.1,9.5,8.86,9.07,45500
TAIT,20130826,1,1,1,1,0
TASR,20130826,11.37,11.79,11.22,11.49,1042900
TAST,20130826,6.43,6.59,6.36,6.36,43400
TATT,20130826,6.85,7.13,6.85,7.11,13700
TAX,20130826,16.5,16.75,16.5,16.54,6400
TAXI,20130826,14.77,14.94,14.53,14.66,60800
TAYD,20130826,9.2,9.24,9.12,9.15,3300
TBBK,20130826,15.25,15.32,15.08,15.28,190900
TBNK,20130826,22.1,22.31,22.04,22.18,16400
TCBI,20130826,46.24,46.5,45.8,45.86,101200
TCBIL,20130826,22.25,23.02,22.25,22.73,15300
TCBIP,20130826,23.89,23.9,23.05,23.05,3600
TCBK,20130826,21.56,21.6,21.26,21.39,24500
TCCO,20130826,6.51,6.52,6.51,6.51,500
TCPC,20130826,15.64,15.75,15.54,15.64,156600
TCRD,20130826,15.55,15.65,15.43,15.45,225500
TCX,20130826,9.04,9.6,8.84,9.2,444400
TDIV,20130826,22.42,22.5,22.35,22.38,93500
TEAR,20130826,12.35,12.88,12.16,12.64,546900
TECD,20130826,49.11,49.95,49,49.64,223400
TECH,20130826,76.6,77.93,76.6,77.73,104800
TESO,20130826,15.98,16.11,15.76,15.8,198800
TESS,20130826,31.2,31.45,30.84,31,26400
TFM,20130826,55.41,56.04,54.83,55.02,234800
TFSL,20130826,11.34,11.36,11.12,11.18,232100
TGA,20130826,7.02,7.14,6.92,6.95,56400
TGTX,20130826,5.9,6.02,5.81,5.83,135100
THFF,20130826,32.06,32.21,31.56,31.7,5400
THLD,20130826,4.68,4.8,4.66,4.68,206500
THOR,20130826,36.23,36.67,36,36.46,387200
THRM,20130826,17.5,17.7,17.19,17.5,256400
THRX,20130826,36.18,38.26,36.18,38,814000
THST,20130826,5.39,5.61,5.19,5.2,16500
THTI,20130826,1.02,1.04,1.02,1.02,6000
TICC,20130826,9.78,9.79,9.73,9.74,211400
TIGR,20130826,1.93,1.93,1.77,1.77,2700
TILE,20130826,18.58,18.62,18.3,18.44,164700
TINY,20130826,3.08,3.09,3.05,3.05,46600
TIPT,20130826,7.75,7.75,7.57,7.57,600
TISA,20130826,2.89,2.89,2.82,2.87,2300
TITN,20130826,17.96,18.6,17.89,18.3,304100
TIVO,20130826,11.41,11.45,11.12,11.15,1873600
TLF,20130826,8.94,8.94,8.64,8.91,37500
TNAV,20130826,5.92,6,5.7,5.71,94100
TNGO,20130826,20.94,21,20.35,20.68,874700
TNXP,20130826,3.49,3.49,3.36,3.38,53200
TOPS,20130826,16.45,16.45,14.84,14.91,18500
TORM,20130826,11.27,11.35,11.1,11.1,3000
TOWN,20130826,14.85,15.04,14.49,14.63,13500
TQQQ,20130826,41.25,42.15,40.97,41.23,788000
TRAK,20130826,40.8,41.66,40.09,41.4,147100
TRCB,20130826,7.51,7.6,7.51,7.6,6100
TREE,20130826,24.49,25.09,24.48,24.56,71600
TRIB,20130826,19.58,19.87,19.14,19.45,65200
TRIP,20130826,71.72,72.64,71.5,72.25,1137100
TRMB,20130826,25.86,26.01,25.71,25.76,538600
TRMK,20130826,26.47,26.74,26.29,26.3,249100
TRNS,20130826,7.98,8.22,7.98,8.06,1100
TRNX,20130826,19.71,19.74,19.36,19.45,93100
TROV,20130826,8.21,8.45,8.13,8.24,153300
TROVW,20130826,6.7,6.98,6.7,6.9,1600
TROW,20130826,72.35,72.81,71.69,71.79,1336900
TRS,20130826,36.93,37.11,36.69,36.8,69900
TRST,20130826,6.1,6.1,6.03,6.05,161300
TSBK,20130826,8.99,8.99,8.97,8.99,1900
TSC,20130826,13.16,13.16,12.95,12.96,12300
TSCO,20130826,60.68,61.115,60.255,60.775,195900
TSEM,20130826,4.55,4.55,4.4,4.4,66900
TSLA,20130826,165.11,173,160.25,164.22,24171000
TSRA,20130826,18.93,19.07,18.72,18.79,478200
TSRE,20130826,7,7.1,7,7,25000
TSRI,20130826,3.18,3.18,3.18,3.18,0
TSRO,20130826,33.04,34.4,32.66,33.92,146000
TST,20130826,2.25,2.29,2.18,2.27,38100
TSYS,20130826,2.55,2.56,2.47,2.5,193600
TTEC,20130826,24.8,25.21,24.74,25.14,68000
TTEK,20130826,23.4,23.77,23.29,23.53,373600
TTGT,20130826,4.5,4.57,4.38,4.55,35700
TTHI,20130826,4.09,4.25,4.01,4.2,68100
TTMI,20130826,10.41,10.52,10.27,10.39,513900
TTPH,20130826,8.65,9.29,8.61,9.01,88500
TTS,20130826,26.11,26.5,26.02,26.3,95200
TTWO,20130826,19.11,19.25,18.92,19.1,2341000
TUES,20130826,13.98,13.98,13.52,13.61,290600
TW,20130826,83.82,85.19,83.45,84.62,241300
TWER,20130826,2.38,2.45,2.36,2.37,169500
TWIN,20130826,25.9,26.5,25.89,26.34,12500
TWMC,20130826,4.78,4.79,4.72,4.72,67900
TXN,20130826,39.16,39.56,39.04,39.19,6765200
TXRH,20130826,25.53,25.57,25.28,25.38,311700
TYPE,20130826,25.3,26.06,25.2,25.92,108700
TZOO,20130826,29.2,29.2,28.5,28.8,51800
UACL,20130826,25.9,25.9,25.1,25.63,24900
UBCP,20130826,7,7,7,7,0
UBFO,20130826,4.3,4.3,4.2,4.2,3300
UBIC,20130826,6.8,6.8,6.8,6.8,0
UBNK,20130826,16.5,16.5,16.25,16.32,18100
UBNT,20130826,32,33,31.85,32.87,596600
UBOH,20130826,12.77,12.77,12.41,12.41,2000
UBSH,20130826,22.45,22.6,22.2,22.24,150600
UBSI,20130826,28.9,29.07,28.69,28.75,101200
UCBA,20130826,10.24,10.29,10.24,10.29,700
UCBI,20130826,15.31,15.36,15.11,15.25,529000
UCFC,20130826,4.08,4.15,4.04,4.08,109900
UCTT,20130826,6.99,7.09,6.92,7.02,66800
UEIC,20130826,32,32.13,31.42,31.67,70000
UEPS,20130826,11.14,11.19,10.21,10.69,823200
UFCS,20130826,30.21,30.83,29.68,29.78,36900
UFPI,20130826,38.74,39.44,38.39,38.67,23700
UFPT,20130826,21.17,21.43,21.17,21.25,13100
UG,20130826,27.7,27.8,27.46,27.46,600
UHAL,20130826,170.67,171.6,167.69,169.43,25000
UIHC,20130826,7.9,7.9,7.5,7.61,85700
ULBI,20130826,3.59,3.9,3.59,3.76,47200
ULTA,20130826,103.74,105,103.32,104.18,394400
ULTI,20130826,144.48,146.01,142.31,142.51,110400
ULTR,20130826,3.68,3.68,3.57,3.6,150800
UMBF,20130826,61.25,62.02,61.25,61.65,85400
UMPQ,20130826,17.05,17.21,16.9,16.93,357200
UNAM,20130826,12.15,12.25,11.71,11.8,6200
UNB,20130826,21,21.3,20.73,21.3,2400
UNFI,20130826,61.7,62.27,61.09,61.61,138000
UNIS,20130826,3.03,3.03,2.92,2.92,464800
UNTD,20130826,8.04,8.21,7.99,8.19,688700
UNTY,20130826,7.89,7.9,7.84,7.87,1000
UNXL,20130826,16.96,17.73,16.8,17.43,688500
UPIP,20130826,1.76,1.76,1.69,1.71,146100
URBN,20130826,42.75,42.96,41.99,42.06,1016600
URRE,20130826,3.3,3.52,3.27,3.35,403700
USAK,20130826,5.71,5.88,5.59,5.81,15200
USAP,20130826,28.89,29.2,28.24,28.39,15400
USAT,20130826,2,2.02,1.94,1.98,96900
USATP,20130826,18.5,18.5,18.5,18.5,0
USBI,20130826,8.69,8.69,8.12,8.3,18800
USCR,20130826,20.12,20.97,20.09,20.48,50900
USEG,20130826,2.12,2.19,2.12,2.15,58400
USLM,20130826,60.47,60.47,59.73,59.73,1700
USMD,20130826,24.3,25.29,23.75,25.29,7500
UTEK,20130826,28.15,28.75,27.94,28.35,254000
UTHR,20130826,72.04,73.85,71.66,73.38,233000
UTIW,20130826,17.3,17.48,17.21,17.36,591500
UTMD,20130826,50.56,50.95,50.13,50.58,2400
UTSI,20130826,2.68,2.68,2.63,2.65,31000
UVSP,20130826,20,20.15,19.69,19.76,15500
VALU,20130826,8.9,9,8.9,8.91,2600
VASC,20130826,16.19,16.35,16.15,16.16,12400
VBFC,20130826,27.36,27.36,26.4,27.36,2000
VCIT,20130826,82.44,82.49,82.22,82.37,411700
VCLT,20130826,81.77,81.77,81.26,81.67,27900
VCSH,20130826,79.22,79.25,79.16,79.25,668400
VDSI,20130826,8.09,8.17,8.03,8.06,57600
VECO,20130826,35.19,35.57,35.02,35.1,461400
VGIT,20130826,63.01,63.05,62.96,63.02,7100
VGLT,20130826,65.78,65.91,65.7,65.91,43900
VGSH,20130826,60.75,60.8,60.75,60.8,31700
VIA,20130826,80.31,81.27,80,80,17600
VIAB,20130826,79.13,80.96,79.13,79.51,2839500
VICL,20130826,1.36,1.41,1.35,1.36,1768200
VICR,20130826,7.94,8.09,7.79,8.02,49100
VIMC,20130826,1.48,1.48,1.44,1.44,56400
VIRC,20130826,2.27,2.28,2.24,2.28,7800
VISN,20130826,1.92,1.97,1.92,1.93,4300
VIVO,20130826,23.35,23.86,23.35,23.38,157500
VLGEA,20130826,36.56,37.01,36,36.33,14900
VLTC,20130826,5.18,5.25,5.12,5.2,25600
VMBS,20130826,50.86,50.91,50.78,50.87,34100
VNDA,20130826,11.32,12.11,11.32,12.06,1483800
VNET,20130826,13.25,13.32,12.91,13.03,274000
VNQI,20130826,53.51,53.58,53.24,53.31,78200
VNR,20130826,27.8,27.88,27.6,27.85,250100
VNRAP,20130826,25.76,25.76,25.28,25.29,4000
VOD,20130826,29.87,29.97,29.79,29.84,3781200
VONE,20130826,76.87,77.04,76.49,76.49,39300
VONG,20130826,78.39,78.65,78.12,78.12,7000
VONV,20130826,75.45,75.58,75.02,75.1,45200
VOXX,20130826,13.24,13.53,13.17,13.43,102800
VRA,20130826,19.5,19.81,19.18,19.38,226500
VRML,20130826,2.44,2.44,2.35,2.42,37200
VRNG,20130826,3.35,3.35,3.26,3.27,951400
VRNT,20130826,34.67,35.07,34.18,34.27,83300
VRSK,20130826,62.56,62.88,62.35,62.67,333500
VRSN,20130826,49.56,50.11,49.53,49.93,1520400
VRTA,20130826,8.12,8.12,7.52,7.56,3900
VRTB,20130826,7.32,7.76,6.76,7.12,10600
VRTS,20130826,190.65,192.97,189,190.13,18000
VRTU,20130826,26.12,26.41,26.11,26.26,55800
VRTX,20130826,77.69,78.73,77.42,77.95,724600
VSAT,20130826,68.68,68.68,67.26,67.39,101100
VSCP,20130826,5.35,5.49,5.35,5.38,23900
VSEC,20130826,46.49,46.51,44.61,44.89,13400
VSTM,20130826,14.21,14.48,13.91,13.91,59600
VTHR,20130826,77.21,77.49,77.07,77.07,2600
VTIP,20130826,49.17,49.26,49.17,49.24,96900
VTNR,20130826,2.93,3.3,2.9,3.3,88600
VTWG,20130826,87.55,88.36,87.55,87.81,55000
VTWO,20130826,82.61,83.13,82.54,82.59,34000
VTWV,20130826,78.05,78.05,77.65,77.65,4900
VVUS,20130826,12.41,12.95,12.35,12.78,1182500
VWOB,20130826,75.4,75.54,75.31,75.53,3100
VXUS,20130826,48.4,48.43,48.04,48.08,130400
WABC,20130826,50.08,50.36,49.4,49.55,43800
WAFD,20130826,22.58,22.78,22.25,22.29,214700
WAFDW,20130826,6.44,6.44,6.44,6.44,0
WASH,20130826,32.12,32.33,31.2,31.98,14000
WAVX,20130826,1.39,1.41,1.38,1.4,188500
WAYN,20130826,10.66,10.7,10.5,10.54,1500
WBB,20130826,13.76,13.84,13.7,13.84,2300
WBKC,20130826,19.39,19.39,19.39,19.39,0
WBMD,20130826,31.81,31.81,31.23,31.35,462800
WDC,20130826,65.51,65.79,64.72,64.8,1915700
WDFC,20130826,60.31,60.31,58.23,58.65,36600
WEBK,20130826,17.9,17.9,17.9,17.9,0
WEN,20130826,7.95,8.08,7.91,7.98,11091400
WERN,20130826,23.73,23.89,23.57,23.68,537400
WETF,20130826,12.2,12.25,11.88,11.94,809500
WEYS,20130826,26.39,26.4,25.9,25.9,4200
WFBI,20130826,12.7,12.7,11.9,11.9,2100
WFD,20130826,6.77,6.8,6.71,6.74,21600
WFM,20130826,52.97,53.13,52.37,52.39,1372700
WHF,20130826,15.28,15.5,15.18,15.28,16400
WHFBL,20130826,24.9,24.9,24.41,24.61,2300
WHLR,20130826,4.49,4.54,4.36,4.43,64300
WIBC,20130826,8.72,8.81,8.58,8.65,320900
WIFI,20130826,7.41,7.46,7.28,7.36,191200
WILC,20130826,7.22,7.25,7,7.19,16800
WILN,20130826,3.39,3.42,3.32,3.36,12000
WIN,20130826,8.2,8.26,8.13,8.2,3762300
WINA,20130826,74.67,74.67,72.27,72.5,9900
WIRE,20130826,40.74,41.37,40.02,40.16,49500
WLB,20130826,12.99,13.3,12.91,12.95,13600
WLDN,20130826,3.53,3.6,3.53,3.6,21500
WLFC,20130826,13.9,14.11,13.9,14.01,9000
WMAR,20130826,11.35,11.4,11.08,11.14,26500
WMGI,20130826,24.13,24.5,24.13,24.27,242000
WMGIZ,20130826,0.51,0.55,0.51,0.52,51400
WOOD,20130826,47.7,47.95,47.7,47.74,19100
WOOF,20130826,28.53,28.8,28.24,28.58,687900
WPCS,20130826,82.72,115.94,82.72,90.2,545400
WPPGY,20130826,94.59,95.39,94.59,94.95,20100
WPRT,20130826,27.34,27.72,27.26,27.36,313300
WRES,20130826,2.94,3.05,2.92,3,234400
WRLD,20130826,86.64,87.15,85.75,86.37,58900
WSBC,20130826,30.21,30.22,29.56,29.8,49200
WSBF,20130826,9.81,9.98,9.76,9.9,20100
WSCI,20130826,6.16,6.25,6.16,6.24,8900
WSFS,20130826,20.8567,21.22,20.6567,20.78,15700
WSFSL,20130826,25.05,25.5,25.05,25.21,4800
WSTC,20130826,22.99,23.48,22.75,23.17,61300
WSTG,20130826,12.65,12.85,12.65,12.7,6800
WSTL,20130826,3.07,3.07,3.01,3.03,298100
WTBA,20130826,13.23,13.3,13.03,13.14,8600
WTFC,20130826,41.06,41.17,40.47,40.58,170500
WTFCW,20130826,19.4,19.4,19.4,19.4,500
WVFC,20130826,11.09,11.09,11.09,11.09,0
WVVI,20130826,5.38,5.39,5.25,5.25,3800
WWD,20130826,40.52,40.9,40.35,40.41,172600
WWWW,20130826,28.74,28.84,28.57,28.71,332000
WYNN,20130826,141.79,146.04,141.79,142.94,1287600
XBKS,20130826,5.8,5.8,5.8,5.8,3200
XGTI,20130826,6.42,6.77,6.3,6.3,347300
XGTIW,20130826,1.75,1.75,1.62,1.62,1400
XLNX,20130826,44.34,44.63,44.23,44.28,1453600
XNPT,20130826,4.6,4.72,4.52,4.71,406000
XOMA,20130826,4.46,4.8,4.41,4.69,1267400
XONE,20130826,68.5,71.9,68.05,70.43,689800
XOOM,20130826,29.05,29.05,28.05,28.47,215500
XPLR,20130826,4.23,4.23,4.04,4.04,5000
XRAY,20130826,42.25,42.46,42.07,42.1,641100
XTLB,20130826,6.06,6.06,6.06,6.06,2000
XXIA,20130826,15.34,15.53,15.22,15.28,262800
YDIV,20130826,20.09,20.09,20.01,20.01,22600
YHOO,20130826,27.99,28.04,27.7,27.7,9754300
YNDX,20130826,33.65,33.76,33.15,33.24,1064800
YOD,20130826,1.64,1.73,1.5,1.62,22100
YORW,20130826,20.41,20.5,20.25,20.31,5600
YRCW,20130826,16.41,18.84,16.41,18.58,991400
YY,20130826,39.12,42.26,39,41.63,1138100
Z,20130826,87.5,88.75,85.22,87.1,1025200
ZAGG,20130826,4.61,4.68,4.6,4.61,314500
ZAZA,20130826,9.6,9.9,9.3,9.8,171800
ZBRA,20130826,47.27,47.55,47,47.27,111900
ZEUS,20130826,27.73,28.03,27.1,27.23,16900
ZGNX,20130826,12.56,12.8,12.4,12.56,97600
ZHNE,20130826,2.5,3.14,2.5,2.97,2401200
ZINC,20130826,12.27,12.28,12.08,12.24,149700
ZION,20130826,29.46,29.61,29.19,29.21,1002600
ZIONW,20130826,6.23,6.23,6.23,6.23,0
ZIOP,20130826,3,3.12,2.98,3.03,469400
ZIXI,20130826,4.4,4.48,4.37,4.44,303200
ZLTQ,20130826,7.35,8.08,7.18,7.89,101600
ZN,20130826,2.1,2.1,2,2.04,82500
ZNGA,20130826,2.86,2.92,2.85,2.89,9510500
ZUMZ,20130826,26.86,26.98,26.27,26.34,183900
