AAME,20121126,2.93,2.93,2.93,2.93,100
AAON,20121126,9.0133,9.1733,8.9867,9.16,36800
AAPL,20121126,82.2714,84.2857,81.9586,84.2186,22520600
AAWW,20121126,42.38,43.73,42.36,43.49,151700
AAXJ,20121126,57.37,57.45,57.09,57.45,176100
ABAX,20121126,36.75,37.12,36.71,37.12,57400
ABCB,20121126,10.87,10.98,10.64,10.94,43200
ABCD,20121126,1,1.06,1,1.04,16500
ABCO,20121126,43.62,43.87,42.93,43.27,209900
ABIO,20121126,1.56,1.62,1.56,1.62,31700
ABMD,20121126,14.18,14.38,13.98,14.31,684100
ABTL,20121126,3.93,3.95,3.75,3.87,26500
ACAD,20121126,2.23,2.37,2.17,2.3,3061600
ACAS,20121126,11.81,11.91,11.75,11.88,2190000
ACAT,20121126,36.05,36.27,35.78,36.18,94200
ACET,20121126,9.8,9.86,9.74,9.79,104000
ACFC,20121126,2.12,2.12,2.12,2.12,100
ACGL,20121126,43.87,44.53,43.85,44.41,705500
ACHC,20121126,22.34,22.79,22.15,22.65,60000
ACHN,20121126,7.65,7.75,7.52,7.68,395100
ACIW,20121126,13.9933,14.5933,13.8267,14.4867,332500
ACLS,20121126,0.99,0.99,0.95,0.97,175200
ACNB,20121126,16,16.13,15.52,16,5500
ACOR,20121126,25.01,25.01,24.4,24.64,291500
ACPW,20121126,3,3.2,2.95,3.15,114900
ACRX,20121126,4.4,5.19,4.27,4.97,289900
ACTG,20121126,21.01,21.46,20.96,21.38,331600
ACTS,20121126,1.6,1.62,1.58,1.62,40800
ACUR,20121126,1.12,1.25,1.12,1.2,45000
ACWI,20121126,46.74,46.84,46.55,46.84,585400
ACWX,20121126,40.02,40.18,39.99,40.15,104500
ACXM,20121126,17.56,17.57,17.33,17.45,335200
ADAT,20121126,1.16,1.16,1.12,1.12,39200
ADBE,20121126,33.31,33.33,33.05,33.29,2348400
ADEP,20121126,2.65,2.75,2.65,2.7,8400
ADI,20121126,40.66,40.89,40.22,40.38,2377200
ADP,20121126,49.0607,49.1571,48.6656,48.8763,1249900
ADRA,20121126,24.31,24.39,24.16,24.3,7100
ADRD,20121126,20.18,20.26,20.18,20.25,11000
ADRE,20121126,38.34,38.38,38.16,38.37,17200
ADRU,20121126,20.29,20.29,20.29,20.29,100
ADSK,20121126,31.66,32.24,31.57,32.24,2712600
ADTN,20121126,18.42,18.81,18.42,18.5,1110900
ADUS,20121126,6.22,6.35,6.1,6.35,55900
AEGN,20121126,18.75,19.17,18.72,19.13,130900
AEGR,20121126,21.19,21.26,20.82,20.98,79600
AEHR,20121126,0.76,0.79,0.76,0.79,1800
AEIS,20121126,12.46,12.53,12.12,12.33,140100
AEPI,20121126,59.84,60.61,57.3,58.51,27300
AETI,20121126,4.68,4.7,4.56,4.7,9400
AEY,20121126,1.99,1.99,1.95,1.98,5900
AEZS,20121126,2.14,2.22,2.1,2.16,256300
AFAM,20121126,19.2,19.59,19,19.26,23800
AFCB,20121126,16.56,16.56,16.56,16.56,0
AFFX,20121126,3.52,3.52,3.32,3.35,668200
AFOP,20121126,5.555,5.785,5.54,5.735,78900
AFSI,20121126,27.81,28.82,27.81,28.32,491300
AGEN,20121126,3.69,3.71,3.37,3.65,98500
AGII,20121126,32.63,33.03,32.53,33,49700
AGIIL,20121126,25.35,25.35,25,25.05,7500
AGNC,20121126,31.72,31.75,31.15,31.45,5645400
AGNCP,20121126,25.78,25.78,25.49,25.65,40300
AGYS,20121126,7.87,8.21,7.86,8.2,58400
AHGP,20121126,45.14,45.85,44.21,45.35,28500
AHPI,20121126,2.64,2.64,2.6,2.6,400
AIMC,20121126,18.09,18.25,17.96,18.07,71600
AINV,20121126,8,8.08,7.96,8.07,1915900
AIRM,20121126,35.7367,36.1533,35.44,36.15,99300
AIRT,20121126,8.11,8.22,8.11,8.22,800
AIXG,20121126,12.41,12.58,12.4,12.49,94900
AKAM,20121126,35.94,36.46,35.5,35.73,1957800
AKRX,20121126,12.92,13.06,12.86,13,654200
ALCO,20121126,31.98,32.42,31.66,32.14,49700
ALGN,20121126,27.49,27.49,26.84,26.99,863800
ALGT,20121126,74.55,74.85,73.39,73.8,90100
ALIM,20121126,2.1,2.2,2,2.09,33900
ALKS,20121126,19.85,20.03,19.76,19.97,1033900
ALLB,20121126,12.4,12.4,12.35,12.35,400
ALLT,20121126,21.47,21.53,20.86,21.27,468400
ALNY,20121126,16.05,16.48,15.9,16.25,159000
ALOG,20121126,73.05,73.45,72.86,73.21,61600
ALOT,20121126,9,9.18,8.95,9.09,12600
ALSK,20121126,1.99,2.09,1.98,2.07,438400
ALTR,20121126,31.76,32.22,31.76,31.91,2628400
ALXA,20121126,5.38,5.42,4.88,4.97,1005500
ALXN,20121126,94.39,94.65,93.35,94.07,913100
AMAG,20121126,14.75,15.02,14.56,14.64,112000
AMAT,20121126,10.36,10.56,10.34,10.47,9730400
AMBA,20121126,9.3,9.31,8.79,8.92,100700
AMCC,20121126,6.54,6.75,6.42,6.73,530000
AMCN,20121126,1.96,2.18,1.96,2.09,35700
AMCX,20121126,51.46,51.76,50.66,51.12,440200
AMD,20121126,1.96,1.97,1.84,1.87,30192500
AMED,20121126,10.24,10.32,10.11,10.25,156600
AMGN,20121126,87.19,87.4,86.72,87.29,4925200
AMIC,20121126,4.87,4.87,4.87,4.87,500
AMKR,20121126,4.11,4.21,4.09,4.11,378800
AMNB,20121126,19.8,20.18,19.79,20.09,5300
AMOT,20121126,6.72,6.72,6.45,6.5,7100
AMOV,20121126,24.22,24.22,23.68,23.68,4900
AMRB,20121126,6.78,6.78,6.71,6.71,1000
AMRI,20121126,4.47,4.82,4.16,4.68,278800
AMRN,20121126,11.19,11.49,11.02,11.49,2412600
AMRS,20121126,2.54,2.57,2.47,2.49,97400
AMSC,20121126,25.7,26.3,25.6,26.2,472600
AMSF,20121126,25.63,26.42,25.48,26.3,63800
AMSG,20121126,27.28,27.57,27.1,27.2,276500
AMSWA,20121126,7.9,7.99,7.84,7.92,54000
AMWD,20121126,28.14,28.25,27.25,28.04,187400
AMZN,20121126,240.33,244.32,238,243.62,4178800
ANAC,20121126,5,5.48,5,5.4,249600
ANAD,20121126,1.45,1.58,1.42,1.56,1510300
ANAT,20121126,65.42,65.77,65.2,65.54,16900
ANCB,20121126,12.81,12.81,12.81,12.81,100
ANCI,20121126,1.48,1.5,1.48,1.5,4000
ANCX,20121126,13.69,14,13.45,13.9,37200
ANDE,20121126,28.2467,28.4,27.9133,28.2067,84600
ANGI,20121126,10.75,10.82,10.59,10.78,170300
ANGO,20121126,10.6,10.76,10.44,10.53,57700
ANIK,20121126,10.69,10.83,10.35,10.55,124400
ANSS,20121126,67.02,67.2,66.71,66.89,352800
ANTH,20121126,5.04,5.28,4.8,4.96,970800
AOSL,20121126,8.41,8.65,8.41,8.65,28000
APEI,20121126,32.86,33.36,32.81,33.26,83700
APOG,20121126,20.41,20.79,20.13,20.75,212100
APOL,20121126,18.85,19.31,18.8,18.91,1763300
APPY,20121126,2.06,2.1,2.05,2.1,48400
APRI,20121126,2.2,2.25,2.2,2.23,49500
APWC,20121126,3.05,3.05,3.05,3.05,200
ARAY,20121126,6.45,6.57,6.39,6.56,341500
ARCC,20121126,17.47,17.67,17.45,17.65,1750200
ARCI,20121126,1.5,1.61,1.41,1.47,9400
ARCW,20121126,2.592,2.644,2.2,2.644,10900
AREX,20121126,24.02,24.28,23.5,23.64,335100
ARIA,20121126,21.68,21.99,21.52,21.91,1376700
ARII,20121126,29.33,29.73,29.05,29.28,35600
ARKR,20121126,16,16,15.8,15.98,3600
ARLP,20121126,28.25,28.355,27.375,27.695,127200
ARMH,20121126,35.56,35.94,35.41,35.91,1137000
ARNA,20121126,9.19,9.44,9.06,9.43,10757200
AROW,20121126,24.59,24.72,24.1,24.45,17500
ARQL,20121126,2.63,2.73,2.62,2.73,527600
ARRS,20121126,13.9,13.9,13.72,13.82,822600
ARRY,20121126,3.4,3.42,3.3,3.38,1001800
ARTNA,20121126,20.72,21.64,20.72,21.28,13800
ARTW,20121126,5.6,5.6,5.46,5.47,3300
ARTX,20121126,1.07,1.1,1.07,1.08,23000
ARWR,20121126,2.15,2.27,2.13,2.26,27800
ASBB,20121126,15.22,15.22,15.18,15.18,1400
ASBI,20121126,7.14,7.25,7,7,5500
ASCMA,20121126,60.71,61.67,60.26,60.75,30300
ASEI,20121126,61.9,62,61.38,61.98,26900
ASFI,20121126,8.66,8.85,8.5,8.77,21500
ASML,20121126,58.27,58.3,57.31,57.87,1996700
ASNA,20121126,20.28,20.29,19.66,19.91,950000
ASPS,20121126,103.54,104.44,101.48,101.93,156700
ASRV,20121126,2.96,2.96,2.89,2.96,2600
ASRVP,20121126,26.5,26.5,26.5,26.5,0
ASTC,20121126,0.82,0.82,0.78,0.8,32300
ASTE,20121126,28.06,29.01,28.06,29,97000
ASTI,20121126,7.1,7.5,6.8,7.2,282300
ASUR,20121126,6.11,6.11,5.81,5.97,7000
ASYS,20121126,2.97,2.97,2.95,2.97,30200
ATAI,20121126,4.38,4.4,4.35,4.35,3700
ATAX,20121126,6.26,6.42,6.22,6.37,65300
ATEC,20121126,1.56,1.58,1.55,1.57,164600
ATHN,20121126,64.52,64.77,63.03,63.51,378900
ATHX,20121126,1,1.02,0.99,0.99,145000
ATLO,20121126,19.58,19.86,19.49,19.76,6100
ATML,20121126,4.94,5.11,4.92,5.03,5076100
ATNI,20121126,38.15,38.15,37.27,37.64,35700
ATNY,20121126,2.52,2.6,2.51,2.53,25300
ATOS,20121126,4.6,4.6,4.41,4.6,9700
ATRC,20121126,7.12,7.26,7.1,7.14,76500
ATRI,20121126,198.89,199.95,196.67,199.95,1300
ATRM,20121126,5.8,6.5,5.8,6.5,2100
ATRO,20121126,17.525,17.7083,16.8,17.0333,52600
ATRS,20121126,3.94,4.01,3.94,3.97,1483500
ATSG,20121126,3.6,3.64,3.53,3.54,113100
ATTU,20121126,7.49,7.49,7.18,7.38,18000
ATVI,20121126,11.2,11.39,11.2,11.34,12401400
AUBN,20121126,22,22,22,22,0
AUDC,20121126,2.5,2.58,2.47,2.58,42700
AVAV,20121126,20.43,20.71,20.3,20.42,112500
AVEO,20121126,7.2,7.4,6.91,7.1,553800
AVGO,20121126,33.62,34.24,33.41,34.04,1656100
AVHI,20121126,13.27,13.5,13.17,13.46,22700
AVID,20121126,6.37,6.52,6.31,6.42,157200
AVNW,20121126,2.41,2.54,2.38,2.54,134300
AWAY,20121126,20.78,21,20.49,20.71,248900
AWRE,20121126,6.41,6.47,6.41,6.45,171100
AXAS,20121126,1.81,1.97,1.77,1.93,669300
AXTI,20121126,2.87,2.88,2.78,2.8,317800
AZPN,20121126,26.5,26.56,26.15,26.47,333700
BABY,20121126,11.34,11.53,11.3,11.47,89900
BAMM,20121126,2.51,2.55,2.41,2.51,10400
BANF,20121126,41.16,41.71,40.55,41.62,5700
BANFP,20121126,26.12,26.12,26.12,26.12,0
BANR,20121126,29.95,30.85,29.93,30.48,488300
BASI,20121126,1.1,1.1,1.1,1.1,2000
BBBY,20121126,59.81,60.01,58.66,58.91,2097600
BBCN,20121126,11.3,11.49,11.27,11.47,215800
BBEP,20121126,18.43,18.43,17.86,18,303500
BBGI,20121126,4.89,5,4.82,4.85,4900
BBOX,20121126,24.71,24.88,24.17,24.45,56000
BBRG,20121126,13.71,13.77,13.5,13.61,61700
BBRY,20121126,11.96,12.14,11.44,11.98,87527300
BBSI,20121126,31.17,31.61,29.63,30.41,66700
BCBP,20121126,9.02,9.02,8.9,8.99,16600
BCOM,20121126,5.48,5.79,5.19,5.4,4800
BCOR,20121126,14.83,14.93,14.73,14.91,146600
BCOV,20121126,10.1,10.1,9.69,9.77,175100
BCPC,20121126,33.9,35.19,33.71,35.19,86500
BCRX,20121126,1.61,1.63,1.47,1.48,360100
BDE,20121126,8.67,8.73,8.47,8.51,46200
BDGE,20121126,19.65,19.82,19.61,19.63,7000
BDMS,20121126,16.56,16.56,16.56,16.56,1000
BDSI,20121126,4.72,4.72,4.35,4.41,220500
BEAT,20121126,2.1,2.15,2.07,2.13,82000
BEAV,20121126,44.62,45.47,44.44,45.36,606100
BEBE,20121126,3.8,3.81,3.73,3.75,797200
BECN,20121126,31.65,31.92,31.04,31.3,509600
BELFA,20121126,14.44,14.44,14.25,14.25,1000
BELFB,20121126,15.4,15.4,14.79,14.99,25700
BFIN,20121126,7.04,7.04,6.89,6.92,19100
BGCP,20121126,3.5,3.53,3.43,3.46,839600
BGFV,20121126,13.55,14,13.48,13.96,212200
BGMD,20121126,1.55,1.65,1.39,1.54,1083700
BIB,20121126,14.73,14.73,14.2975,14.6,34200
BICK,20121126,23.52,23.67,23.5,23.67,2500
BIDU,20121126,96.76,96.76,94.35,95.45,3837200
BIIB,20121126,148.7,149.41,147.43,149.11,853000
BIOC,20121126,5.95,5.95,5.65,5.75,15400
BIOD,20121126,2.62,2.65,2.58,2.58,8700
BIOL,20121126,1.8,1.89,1.8,1.88,21300
BIOS,20121126,10,10.04,9.91,9.97,630200
BIS,20121126,67.04,67.16,67.04,67.16,700
BJRI,20121126,33.6,33.61,33.07,33.43,180600
BKCC,20121126,10.07,10.12,9.98,10.01,427400
BKEP,20121126,6.4,6.46,6.36,6.46,17500
BKEPP,20121126,8.33,8.35,8.3,8.31,8200
BKMU,20121126,4.13,4.13,4.02,4.09,90700
BKSC,20121126,11.03,11.65,11.03,11.25,4800
BLDP,20121126,0.66,0.69,0.63,0.64,103300
BLDR,20121126,5.13,5.36,5.07,5.2,255000
BLIN,20121126,12.1,12.15,11.25,11.65,105100
BLKB,20121126,21.73,22.15,21.73,22.15,122300
BLMN,20121126,15.58,16.08,15.52,15.93,156700
BLMT,20121126,11.87,12.03,11.85,12,6500
BLRX,20121126,2.71,2.8,2.63,2.77,52600
BMRC,20121126,35.86,36.28,35.7,35.81,6500
BMRN,20121126,48.8,48.99,48.32,48.59,597700
BMTC,20121126,21.24,21.5,21.03,21.25,26900
BNCL,20121126,9.2,9.34,9.16,9.32,30500
BNCN,20121126,7.93,7.93,7.46,7.48,12200
BNSO,20121126,1.07,1.13,1.04,1.1,8900
BOBE,20121126,35.69,36.51,35.69,36.45,125200
BOCH,20121126,4.5,4.54,4.5,4.54,2200
BOFI,20121126,27.18,27.36,26.59,27.3,88300
BOKF,20121126,55.76,56.08,55.66,55.74,50600
BONA,20121126,5,5.09,5,5.08,1300
BONT,20121126,11.19,11.86,11.16,11.86,259000
BOOM,20121126,13.71,13.71,13.37,13.6,25400
BOSC,20121126,2.2,2.2,2.2,2.2,0
BOTA,20121126,4.26,4.33,4.2,4.31,6700
BOTJ,20121126,5.82,6.02,5.82,6.02,500
BPFH,20121126,9.18,9.28,9.18,9.28,234400
BPFHW,20121126,3.8,3.81,3.8,3.81,2500
BPOP,20121126,19.85,19.92,19.61,19.75,413100
BPOPM,20121126,22.35,22.35,21.86,21.86,4300
BPOPN,20121126,23.41,24.18,23.41,23.92,11900
BRCD,20121126,5.64,5.71,5.6,5.69,7153100
BRCM,20121126,31.72,32.3,31.6,32.17,9215200
BREW,20121126,6.31,6.35,6.18,6.35,9300
BRID,20121126,6.88,6.88,6.88,6.88,0
BRKL,20121126,8.01,8.05,7.96,8.02,334700
BRKR,20121126,14.54,14.58,14.36,14.54,343800
BRKS,20121126,7.42,7.48,7.36,7.48,335900
BSET,20121126,11.24,11.42,11.05,11.1,39600
BSFT,20121126,30.5,31,28.77,30.13,1194400
BSPM,20121126,1.04,1.07,1,1.01,21700
BSQR,20121126,2.75,2.81,2.7,2.81,2700
BSRR,20121126,10.55,10.55,10.12,10.41,10300
BSTC,20121126,13.06,13.62,12.68,12.93,10900
BUR,20121126,4.05,4.05,4.05,4.05,2000
BUSE,20121126,4.24,4.5,4.24,4.49,60500
BV,20121126,10.84,10.85,10.36,10.44,507800
BVSN,20121126,8.36,8.82,8.21,8.73,85600
BWEN,20121126,2.04,2.1,2.04,2.08,39300
BWINA,20121126,23.4,23.4,23.4,23.4,0
BWINB,20121126,23.16,23.94,23.16,23.94,11200
BWLD,20121126,72.02,72.26,70.43,72.01,319300
BYFC,20121126,0.9,1.05,0.86,0.87,52700
CA,20121126,22.03,22.14,21.94,22.13,3130400
CAAS,20121126,5,5,4.88,4.89,37800
CAC,20121126,33.27,34.47,33.21,33.96,5100
CACB,20121126,5.16,5.18,5.09,5.16,4300
CACC,20121126,88.64,91.15,88.4,89.81,25200
CADC,20121126,6,6.6,6,6,136700
CAKE,20121126,34.69,34.72,34.3,34.71,502400
CALD,20121126,4.02,4.12,3.98,3.99,89100
CALI,20121126,4.67,4.67,3.85,3.98,233000
CALL,20121126,16.12,16.9,16.1,16.68,302400
CALM,20121126,22.09,22.295,21.75,21.9,117900
CAMP,20121126,8.31,8.88,8.31,8.83,230000
CAMT,20121126,1.48,1.48,1.42,1.42,15900
CAR,20121126,17.56,17.69,17.35,17.63,583100
CARB,20121126,9.09,9.45,8.98,9.41,97800
CART,20121126,2.08,2.08,2.08,2.08,2000
CARV,20121126,2.94,3.3,2.94,3.01,4200
CARZ,20121126,26.59,26.59,26.34,26.58,2100
CASH,20121126,23.5,23.5,23.5,23.5,0
CASM,20121126,1.81,1.9,1.75,1.75,23500
CASS,20121126,45.65,46.32,45.65,46.04,18700
CASY,20121126,47.95,47.99,46.97,47.39,302400
CATM,20121126,23.24,23.27,22.97,23.27,190000
CATY,20121126,17.68,17.87,17.65,17.85,166700
CAVM,20121126,32.53,34.25,32.04,34.1,1170400
CBAK,20121126,1.9,3.43,1.9,2.65,997200
CBAN,20121126,3.8,3.8,3.78,3.8,700
CBF,20121126,17,17.35,16.94,17.35,29100
CBLI,20121126,28.6,28.6,27.6,28,50000
CBMX,20121126,2.6,2.6,2.3,2.5,11500
CBNJ,20121126,8.59,8.65,8.57,8.57,5700
CBNK,20121126,14.17,14.17,14.17,14.17,0
CBOE,20121126,29.54,29.68,29.43,29.49,248000
CBPO,20121126,12.46,13.2,12.45,13,49400
CBRL,20121126,63.18,64.67,62.97,64.55,277600
CBSH,20121126,39.02,39.29,38.71,39.06,618100
CCBG,20121126,11,11.09,10.81,10.97,15400
CCCL,20121126,2.46,2.48,2.12,2.24,318900
CCIH,20121126,4.02,4.19,4.01,4.09,131100
CCMP,20121126,31.23,31.8,31.01,31.77,119300
CCNE,20121126,15.7,15.95,15.63,15.79,37800
CCOI,20121126,21.9,21.9,21.2,21.29,235000
CCRN,20121126,4.03,4.17,3.9,3.97,93200
CCUR,20121126,4.98,5.25,4.98,5.19,8600
CCXI,20121126,12,12.1,11.93,12.05,8500
CDNS,20121126,12.96,12.97,12.78,12.95,1649300
CDTI,20121126,2.15,2.22,2.07,2.16,53800
CDXS,20121126,2.03,2.24,2.03,2.21,125000
CDZI,20121126,8.07,8.18,7.92,8.14,19500
CECE,20121126,9.67,9.67,9.34,9.52,16500
CECO,20121126,2.74,2.98,2.65,2.9,855700
CELG,20121126,39.105,39.42,38.835,39.395,2428100
CELGZ,20121126,6.12,6.2,5.75,6.15,77500
CEMI,20121126,4.81,4.81,4.5,4.64,19900
CEMP,20121126,6,6.28,5.8,6.08,9200
CENT,20121126,11.04,11.24,10.92,11.2,38100
CENTA,20121126,11.56,11.7,11.4,11.69,86600
CENX,20121126,7.3,7.34,7.15,7.23,961400
CERE,20121126,28.08,32.56,27.44,32.32,49700
CERN,20121126,38.965,38.985,38.255,38.51,922400
CERS,20121126,3.15,3.2,3.11,3.17,224300
CETV,20121126,4.86,4.9,4.75,4.78,94000
CEVA,20121126,14.61,14.92,14.61,14.72,133600
CFBK,20121126,1.3,1.3,1.2,1.28,2100
CFFI,20121126,34.3,34.64,34.1,34.31,5500
CFFN,20121126,11.79,11.87,11.73,11.85,611000
CFNB,20121126,18.92,19.39,18.8,19.25,61400
CFNL,20121126,15.09,15.2,15.06,15.1,256600
CG,20121126,25.43,25.65,25.21,25.23,24600
CGEN,20121126,4.25,4.53,4.25,4.44,176900
CGNX,20121126,17.19,17.415,17.19,17.395,99800
CGO,20121126,13.5,13.53,13.36,13.52,15400
CHCI,20121126,1.25,1.33,1.25,1.28,5400
CHCO,20121126,33.41,33.8,33.41,33.53,31400
CHDN,20121126,60.47,61.42,60.33,61.06,33100
CHEF,20121126,15.7,16.01,15.12,15.96,33800
CHEV,20121126,9.14,9.14,9.09,9.1,5400
CHFC,20121126,22.06,22.25,22,22.17,32200
CHFN,20121126,9.26,9.41,9.22,9.34,5900
CHI,20121126,12.13,12.2,12.03,12.18,157500
CHKE,20121126,14.24,14.24,13.87,14.05,25600
CHKP,20121126,45.79,46.3,45.7,46.13,1171700
CHLN,20121126,6.75,7.05,6.5,7,9400
CHMG,20121126,25.5,26.08,24.25,25.15,3800
CHNR,20121126,5.55,5.55,5.4,5.4,1300
CHOP,20121126,12.8,13.2,12.5,12.9,110100
CHRW,20121126,60.79,61.48,60.75,61.48,701900
CHSCP,20121126,31.05,31.25,30.9,31.13,12800
CHTR,20121126,70.03,70.34,69.36,70.28,675100
CHUY,20121126,23.24,23.5,22.85,22.92,39800
CHW,20121126,8.25,8.29,8.22,8.27,192800
CHY,20121126,12.21,12.21,12.1,12.19,151800
CIDM,20121126,1.49,1.49,1.42,1.42,4700
CINF,20121126,39.92,40.29,39.87,40.12,625200
CISG,20121126,7.27,7.65,7.24,7.56,170600
CIZN,20121126,18.5,18.77,18.5,18.7,1100
CJJD,20121126,1.05,1.16,1.05,1.12,69600
CKEC,20121126,14.7,14.84,14.66,14.77,124000
CLBH,20121126,7.62,7.62,7.25,7.25,2000
CLCT,20121126,10.34,10.45,10.31,10.35,12300
CLDX,20121126,5.62,5.71,5.58,5.7,414100
CLFD,20121126,4.56,4.8,4.45,4.67,15400
CLIR,20121126,5.22,5.25,5.15,5.15,27900
CLMS,20121126,9.5,9.61,9.46,9.5,159400
CLMT,20121126,31,31.19,30.7,31.14,263300
CLNE,20121126,13.23,13.5,13.1,13.49,1357400
CLNT,20121126,3.9,4.11,3.6,3.7,190100
CLRO,20121126,4.07,4.07,4.01,4.07,2200
CLRX,20121126,3.5,3.51,3.5,3.5,3300
CLSN,20121126,6.82,7.86,6.57,7.8,4390600
CLUB,20121126,12.1,12.42,12.01,12.33,123400
CLVS,20121126,12.01,12.35,11.78,11.97,161300
CLWT,20121126,3.62,3.69,3.61,3.61,1400
CMCO,20121126,14.5,14.79,14.5,14.74,21900
CMCSA,20121126,36.69,36.83,36.53,36.63,7104000
CMCSK,20121126,35.65,35.76,35.48,35.59,2189300
CME,20121126,54.53,55.32,54.53,55.27,1059700
CMLS,20121126,2.3,2.32,2.18,2.19,200700
CMTL,20121126,24.55,25.15,23.9,24.95,84600
CNBKA,20121126,30.4,30.75,29.89,30.33,3300
CNET,20121126,1.03,1.06,1,1,30900
CNIT,20121126,1.03,1.03,0.87,0.93,236100
CNMD,20121126,26.59,27.19,26.47,27.18,72300
CNOB,20121126,11.44,11.5,11.3,11.46,20700
CNSL,20121126,14.03,14.44,14,14.36,188500
CNTF,20121126,1.25,1.45,1.25,1.43,642200
CNTY,20121126,2.75,2.8,2.64,2.7,10500
CNYD,20121126,3.25,3.31,3.25,3.25,1100
COBZ,20121126,6.97,7.11,6.95,7.03,64400
COHR,20121126,43.85,44.69,43.75,44.66,94300
COHU,20121126,8.93,9.04,8.8,8.94,26700
COKE,20121126,67.42,67.91,66.34,67.69,11700
COLB,20121126,17.43,17.5,17.31,17.47,148600
COLM,20121126,28.345,28.445,28.105,28.395,92800
CONN,20121126,28.2,28.55,27.64,27.78,320200
COOL,20121126,6.65,6.65,6.09,6.3,85100
CORE,20121126,21.87,22.61,21.785,22.36,37600
CORT,20121126,1.4,1.48,1.38,1.4,515500
COSI,20121126,2.28,2.36,2.28,2.36,134500
COST,20121126,97.36,97.53,95.83,96.26,1531100
COWN,20121126,2.2,2.26,2.2,2.25,156800
CPAH,20121126,2.4,2.4,2.2,2.35,11700
CPGI,20121126,5.35,5.85,5.35,5.85,5500
CPHC,20121126,10,10,9.97,10,2500
CPHD,20121126,31.74,32.15,31.63,31.93,368200
CPIX,20121126,4.41,4.62,4.2,4.23,113800
CPLA,20121126,27.41,27.5,27.22,27.48,153600
CPLP,20121126,6.6,6.7,6.37,6.67,377600
CPRT,20121126,30.56,30.74,29.69,29.86,766700
CPRX,20121126,0.44,0.54,0.44,0.5,2904200
CPSI,20121126,51.13,51.63,50.78,51.11,43000
CPSS,20121126,4.07,4.38,4.07,4.35,35700
CPST,20121126,0.92,0.95,0.92,0.94,1156500
CRAI,20121126,16.5,17.45,16.48,17.28,55900
CRAY,20121126,13.61,13.62,13.27,13.58,225600
CRDC,20121126,1.06,1.14,1.04,1.08,39000
CRDS,20121126,3.38,3.5,3.16,3.23,15800
CREE,20121126,31.3,31.96,31.05,31.92,1363200
CREG,20121126,0.95,1,0.95,1,8500
CRESY,20121126,8.2,8.55,8.19,8.53,124900
CRIS,20121126,3.36,3.41,3.32,3.4,209100
CRME,20121126,1.35,1.35,1.3,1.3,309300
CRMT,20121126,37.22,38.08,37.22,37.7,138600
CRNT,20121126,4.91,4.99,4.84,4.98,35000
CROX,20121126,12.4,12.51,12.2,12.35,1907800
CRUS,20121126,30.5,31.37,30.29,30.76,2779700
CRVL,20121126,21.505,21.65,21.405,21.56,37600
CRWN,20121126,1.76,1.8,1.71,1.76,51800
CRWS,20121126,5.89,5.91,5.82,5.87,24200
CRZO,20121126,21.24,21.24,20.52,20.61,671000
CSBK,20121126,10.17,10.43,10.17,10.38,5600
CSCD,20121126,5.55,5.65,5.55,5.65,5900
CSCO,20121126,18.79,19.07,18.59,19.06,34609500
CSFL,20121126,7.7,7.79,7.58,7.78,63100
CSGP,20121126,85.29,88.5,85.29,87.1,337000
CSGS,20121126,17.83,18.03,17.55,18.03,395100
CSII,20121126,11.3,11.6,11.06,11.59,36000
CSIQ,20121126,2.41,2.49,2.37,2.49,197400
CSOD,20121126,27.26,27.6,26.71,27.51,262400
CSPI,20121126,5.07,5.07,5.05,5.07,5600
CSQ,20121126,9.92,9.96,9.81,9.94,384000
CSTE,20121126,15.39,15.75,15.14,15.53,19500
CSUN,20121126,1.08,1.19,1.08,1.18,36100
CSWC,20121126,26.8225,26.885,26.66,26.8575,7200
CTAS,20121126,40.69,40.92,40.64,40.75,368300
CTBI,20121126,31.77,32.29,31.64,32.14,30200
CTCM,20121126,8.63,8.68,8.57,8.68,162600
CTCT,20121126,12.51,13.03,12.38,12.96,321700
CTHR,20121126,3.65,3.72,3.65,3.69,6800
CTIB,20121126,5.15,5.2,5.15,5.15,200
CTIC,20121126,1.35,1.44,1.34,1.42,3133600
CTRN,20121126,13.14,13.55,12.89,13.38,125600
CTRP,20121126,17.94,19.35,17.92,19.31,2970300
CTSH,20121126,33.05,33.235,32.55,32.995,1948100
CTWS,20121126,30.29,31.09,30.29,30.69,18900
CTXS,20121126,61.57,62.55,61.3,62.17,1578800
CU,20121126,28.29,28.48,28.28,28.39,9900
CUBA,20121126,7.37,7.39,7.3,7.39,17100
CUI,20121126,5.8,6,5.51,5.6,49800
CUNB,20121126,12.24,12.25,12.01,12.01,2200
CUTR,20121126,9.1,9.1,9.01,9.05,34600
CVBF,20121126,10.09,10.25,10.08,10.23,253200
CVCO,20121126,49.07,49.71,47.85,49.35,48000
CVCY,20121126,8.49,8.96,8.47,8.51,7700
CVGI,20121126,7.74,7.98,7.68,7.82,118400
CVGW,20121126,23.75,24.38,23.56,24,54200
CVLT,20121126,64.07,67.69,63.87,66.96,1199600
CVLY,20121126,15.06,15.09,14.7,15.04,2400
CVTI,20121126,4.89,4.98,4.89,4.94,4500
CVV,20121126,7.75,8.1,7.25,7.97,47100
CWBC,20121126,2.92,2.92,2.81,2.89,1300
CWCO,20121126,7.3,7.58,7.3,7.54,34400
CWST,20121126,4.49,4.6,4.44,4.59,286100
CXDC,20121126,4.21,4.25,4.17,4.18,33500
CY,20121126,9.8,9.95,9.76,9.91,1962500
CYAN,20121126,5.2,5.28,5.19,5.2,9400
CYBE,20121126,7.5,7.5,7.3,7.41,11400
CYBX,20121126,52.75,52.83,51.68,51.99,206200
CYCC,20121126,4.98,5.3,4.95,5.19,135400
CYCCP,20121126,4.01,4.01,4.01,4.01,0
CYNO,20121126,22.9,22.9,21.84,22.56,193000
CYOU,20121126,23.83,24.5,23.65,24.37,58500
CYTK,20121126,4.2,4.32,3.9,4.02,830900
CYTR,20121126,1.88,1.98,1.85,1.95,203700
CYTX,20121126,3.41,3.96,3.35,3.74,847600
CZFC,20121126,8.15,8.15,8.15,8.15,300
CZNC,20121126,18.32,18.32,17.97,18.03,9800
CZR,20121126,5.63,5.94,5.6,5.84,265300
CZWI,20121126,5.7,5.84,5.65,5.84,14200
DAEG,20121126,1.26,1.26,1.26,1.26,7200
DAIO,20121126,1.6,1.69,1.6,1.69,1300
DAKT,20121126,9.62,9.83,9.6,9.82,119500
DARA,20121126,3.7,3.85,3.7,3.85,94600
DATE,20121126,5.14,5.48,5.04,5.4,21700
DAVE,20121126,8.52,8.74,8.48,8.63,5300
DCIX,20121126,6.34,6.38,6.25,6.33,812100
DCOM,20121126,13.42,13.55,13.39,13.54,66700
DCTH,20121126,21.76,22.4,20.96,21.92,797700
DENN,20121126,4.71,4.73,4.67,4.72,166400
DEPO,20121126,5.89,6,5.84,5.89,80400
DEST,20121126,21.35,21.59,21.14,21.44,29800
DFRG,20121126,13.99,14.19,13.82,13.91,25800
DFVS,20121126,37.72,37.72,37.72,37.72,100
DGAS,20121126,17.92,18.92,17.92,18.91,10400
DGICA,20121126,13.23,13.8,13.23,13.8,22400
DGICB,20121126,19,19.49,19,19.49,700
DGII,20121126,9.36,9.54,9.29,9.35,75700
DGLY,20121126,4.64,4.64,4.55,4.55,400
DHIL,20121126,78.05,79.69,76.86,79.15,5400
DHRM,20121126,1.8,1.82,1.8,1.8,15000
DIOD,20121126,14.36,14.61,14.15,14.45,289500
DISCA,20121126,57.9,58.2,57.4,57.88,1081500
DISCB,20121126,57.34,57.34,57.34,57.34,0
DISCK,20121126,27.085,27.175,26.83,27.065,310000
DISH,20121126,34.36,35.41,34.36,35.3,1683000
DJCO,20121126,88.7,89.92,86.26,89.92,400
DLBL,20121126,71.11,71.11,71.11,71.11,200
DLBS,20121126,27.03,27.19,26.84,27.18,10000
DLHC,20121126,1,1,1,1,900
DLTR,20121126,42.01,42.27,41.79,42.17,3595500
DMLP,20121126,21.46,21.58,21.12,21.2,48500
DMND,20121126,13.3,13.83,13.2,13.83,553800
DMRC,20121126,17.84,18.14,17.84,17.97,41600
DNBF,20121126,15.43,15.43,15.43,15.43,0
DNKN,20121126,30.85,31.31,30.76,30.99,1811200
DORM,20121126,33.69,34.23,33.4,34.08,156300
DRAD,20121126,2.09,2.13,2.03,2.09,19800
DRAM,20121126,2.7,2.88,2.7,2.76,1100
DRRX,20121126,0.95,0.95,0.91,0.95,52500
DRWI,20121126,1.81,1.82,1.79,1.81,157400
DRYS,20121126,1.72,1.76,1.68,1.75,2996100
DSCI,20121126,11.34,11.53,11.26,11.39,34600
DSCO,20121126,1.96,2.12,1.95,2.08,301800
DSGX,20121126,8.54,8.78,8.54,8.78,13600
DSPG,20121126,5.71,5.84,5.62,5.72,28200
DSWL,20121126,2.61,2.63,2.6,2.62,16600
DTLK,20121126,8.24,8.67,8.19,8.59,65400
DTSI,20121126,14.59,14.79,14.45,14.68,77000
DTUS,20121126,40.55,40.55,40.55,40.55,0
DTYL,20121126,72.68,72.68,72.68,72.68,0
DTYS,20121126,25.88,26,25.82,25.98,13900
DVAX,20121126,27.8,28.9,27.1,28.8,3228100
DWA,20121126,17.31,17.67,16.95,17.11,2934700
DWCH,20121126,16.58,16.92,16.41,16.59,23800
DWSN,20121126,22.5,22.75,22.35,22.65,19700
DXCM,20121126,12.28,12.45,12.25,12.38,679200
DXPE,20121126,45.08,46.06,45.08,45.62,51200
DXYN,20121126,3.39,3.44,3.2,3.22,42900
DYAX,20121126,3.11,3.12,3.04,3.09,136000
DYNT,20121126,2,2.2,2,2.2,11100
DYSL,20121126,1.26,1.35,1.26,1.35,800
EA,20121126,14.27,14.67,14.26,14.6,5662500
EAC,20121126,7.67,7.75,7.5,7.7,13800
EAGLU,20121126,10.2,10.2,10.2,10.2,0
EBAY,20121126,49.41,51.78,49.37,51.4,18007400
EBIX,20121126,16.79,16.92,16.55,16.78,337100
EBMT,20121126,10.55,10.55,10.3,10.55,6700
EBSB,20121126,6.5972,6.8382,6.5972,6.7565,8000
EBTC,20121126,16.11,16.25,16.11,16.18,2100
ECHO,20121126,17.79,18.2,17.75,18.2,94200
ECOL,20121126,21.47,21.71,21.12,21.54,57300
ECPG,20121126,26.04,26.05,25.6,25.7,121200
ECTE,20121126,13.6,13.8,13.5,13.6,64100
ECYT,20121126,8.72,9.17,8.72,9.14,131300
EDAP,20121126,1.7,1.73,1.65,1.66,46500
EDGW,20121126,3.73,3.81,3.73,3.81,7100
EDUC,20121126,3.92,3.94,3.92,3.92,4000
EEFT,20121126,21.66,21.98,21.42,21.98,156600
EEI,20121126,11.16,11.16,10.92,11,8900
EEMA,20121126,53.74,54.72,53.74,54.72,2100
EEML,20121126,48.87,48.87,48.87,48.87,400
EFII,20121126,18.13,18.35,18.07,18.17,607600
EFSC,20121126,12.9,13.12,12.76,13.02,23100
EFUT,20121126,4.19,4.19,4.19,4.19,2000
EGAN,20121126,4.26,4.34,4.17,4.18,3600
EGBN,20121126,20.26,20.58,20.21,20.24,25500
EGHT,20121126,6.32,6.45,6.3,6.45,454400
EGLE,20121126,43.38,45,43.02,44.64,47100
EGOV,20121126,15.13,15.41,15.08,15.19,263800
EHTH,20121126,25.13,25.39,25.02,25.26,130800
ELGX,20121126,13.92,13.99,13.45,13.52,351400
ELNK,20121126,6.43,6.48,6.4,6.44,374100
ELON,20121126,2.46,2.57,2.42,2.49,76600
ELOS,20121126,7.64,7.75,7.38,7.48,117300
ELRC,20121126,14.97,15.04,14.81,14.95,14000
ELSE,20121126,3.77,3.77,3.77,3.77,0
ELTK,20121126,1.38,1.38,1.2,1.2,66200
EMCB,20121126,79.75,79.75,79.5,79.71,9400
EMCF,20121126,20.11,20.11,19.96,20.11,400
EMCI,20121126,13.56,13.6067,13.2667,13.3667,12800
EMIF,20121126,33.01,33.04,32.72,33,6200
EMITF,20121126,49.6,50.6,48.8,50.6,800
EMKR,20121126,4.5,4.55,4.37,4.47,35600
EML,20121126,14.03,14.69,14,14.47,25900
EMMS,20121126,1.83,1.95,1.82,1.85,75700
EMMSP,20121126,9.25,9.25,9.25,9.25,2600
ENDP,20121126,27.69,28.3,27.65,28.25,1802900
ENG,20121126,0.52,0.53,0.47,0.52,38400
ENOC,20121126,12.08,12.25,12,12.18,193900
ENPH,20121126,2.58,2.86,2.58,2.81,87800
ENSG,20121126,26.56,26.76,25.86,26,115100
ENTG,20121126,8.7,8.86,8.6,8.74,555800
ENVI,20121126,1.61,1.63,1.55,1.58,33400
ENZN,20121126,6.34,6.39,6.26,6.36,94800
EPAX,20121126,4.75,4.84,4.66,4.76,325800
EPAY,20121126,23.8,24,23.6,24,106900
EPIQ,20121126,11.18,11.33,11.06,11.31,55700
EQIX,20121126,186.17,187.79,183.97,185.48,770300
ERIC,20121126,9.03,9.09,9.01,9.07,2083900
ERIE,20121126,68.21,68.92,67.97,68.55,21500
ERII,20121126,3.15,3.21,3.11,3.19,95500
EROC,20121126,9.1,9.19,8.99,9,193800
ESBK,20121126,20.1,20.2,19.78,19.95,2000
ESCA,20121126,5.35,5.35,5.24,5.25,4500
ESEA,20121126,1.04,1.05,1.03,1.04,50200
ESGR,20121126,101.28,102.61,100.84,102.61,19200
ESIO,20121126,10.25,10.43,10.25,10.37,35900
ESLT,20121126,36.78,36.94,36.44,36.86,3200
ESMC,20121126,0.95,0.95,0.95,0.95,0
ESRX,20121126,52.04,52.18,51.14,51.29,6920300
ESSA,20121126,9.96,10,9.91,9.95,6900
ESSX,20121126,3.36,3.42,3.29,3.3,9300
ETFC,20121126,8.13,8.47,8.08,8.43,3403400
ETRM,20121126,2.95,3.25,2.95,3.25,99000
EUFN,20121126,18.48,18.69,18.42,18.55,9100
EVBS,20121126,4.7,5.19,4.7,5.01,13100
EVEP,20121126,61.4,61.4,59.55,60.06,119400
EVK,20121126,1.81,1.99,1.81,1.95,4800
EVOL,20121126,6.5,6.56,6.43,6.5,21100
EWBC,20121126,21.69,21.8,21.36,21.8,1487700
EXA,20121126,11.23,11.49,10.88,11.41,39400
EXAC,20121126,16.65,16.75,16.65,16.74,9700
EXAS,20121126,9.54,9.56,9.37,9.49,309600
EXEL,20121126,5.27,5.38,5.19,5.2,2476900
EXFO,20121126,4.67,4.73,4.67,4.7,5700
EXLP,20121126,21.8,22.44,21.8,22,61900
EXLS,20121126,26.92,26.92,26.42,26.59,46000
EXPD,20121126,36.95,37.31,36.84,37.24,1206100
EXPE,20121126,60.34,61.48,60.11,60.94,2227600
EXPO,20121126,25.955,26.26,25.625,26.24,23400
EXTR,20121126,3.35,3.6,3.35,3.59,622700
EXXI,20121126,33.76,33.81,31.16,31.54,4005700
EZCH,20121126,37.94,37.94,37.18,37.92,206200
EZPW,20121126,18.08,18.72,18.01,18.71,426300
FALC,20121126,2.35,2.36,2.3,2.36,69000
FANG,20121126,17.3,17.42,17.06,17.26,77300
FARM,20121126,10.23,10.46,10.11,10.39,68200
FARO,20121126,35.5,35.5,34.66,35.19,140400
FAST,20121126,41.07,41.39,40.37,41.19,2072400
FB,20121126,24.93,26.09,24.81,25.94,123862000
FBIZ,20121126,23.71,23.71,23.37,23.71,200
FBMS,20121126,9.52,9.52,9.5,9.5,1100
FBNC,20121126,10.68,10.95,10.62,10.81,32700
FBNK,20121126,13.55,13.6,13.5,13.57,19100
FBRC,20121126,12.84,13.52,12.84,12.92,69300
FBSS,20121126,12.86,12.9,12.82,12.82,1900
FCAP,20121126,20.2,20.2,20.2,20.2,100
FCBC,20121126,15.38,15.38,15.05,15.29,20700
FCCO,20121126,8.39,8.5,8.39,8.5,1400
FCCY,20121126,8.83,9.05,8.6,8.95,1500
FCEL,20121126,0.9,0.9,0.87,0.88,456700
FCFS,20121126,46.98,48,46.98,48,244500
FCLF,20121126,6,6,6,6,0
FCNCA,20121126,167,168.41,166.61,167.52,7000
FCTY,20121126,4.72,4.72,4.59,4.67,2700
FCVA,20121126,3.11,3.11,3.11,3.11,0
FDEF,20121126,16.27,17.05,16.27,17.05,9400
FDML,20121126,7.85,7.91,7.59,7.68,145400
FDUS,20121126,16.55,16.8,16.25,16.45,99600
FEIC,20121126,53,53.75,52.46,53.35,219500
FEIM,20121126,8.04,8.25,8.02,8.25,1600
FELE,20121126,29.895,30.125,29.515,30.04,77300
FES,20121126,2.01,2.01,1.92,1.99,42500
FFBC,20121126,14.93,15.05,14.9,15.01,143700
FFBCW,20121126,4.74,4.74,4.74,4.74,0
FFHL,20121126,1.36,1.46,1.35,1.45,31200
FFIC,20121126,14.43,14.61,14.36,14.58,37800
FFIN,20121126,18.625,18.9,18.605,18.89,118800
FFIV,20121126,91.69,92.65,91.36,92.61,1112800
FFKT,20121126,12.13,12.13,11.72,11.94,5300
FFNM,20121126,3.87,4.4,3.87,4.4,600
FFNW,20121126,7.46,7.6,7.46,7.55,36500
FHCO,20121126,7.1,7.2,6.93,7.04,93400
FIBK,20121126,14.66,14.83,14.58,14.82,28100
FINL,20121126,21.31,21.39,20.54,20.65,535900
FISI,20121126,18.15,18.36,18.14,18.33,8800
FISV,20121126,37.765,37.82,37.52,37.69,441300
FITB,20121126,14.76,14.83,14.63,14.73,7075500
FIVE,20121126,28.72,28.87,27.73,28.19,178000
FIZZ,20121126,16.91,17.34,16.82,16.97,83600
FLAT,20121126,63.59,63.59,63.53,63.53,1000
FLDM,20121126,14.28,14.65,14.26,14.55,133400
FLEX,20121126,5.79,5.84,5.73,5.78,1805800
FLIC,20121126,18.6933,18.8733,18.6667,18.84,9000
FLIR,20121126,19.99,20.1,19.7,19.87,667600
FLML,20121126,3.19,3.25,3.14,3.25,31400
FLWS,20121126,3.06,3.09,2.9,2.99,130700
FLXS,20121126,19.62,19.79,19.6,19.7,5900
FMBI,20121126,12.54,12.76,12.51,12.74,322700
FMER,20121126,13.99,14.04,13.83,14.03,959500
FMNB,20121126,5.9,6.14,5.82,6.08,14700
FNFG,20121126,7.4,7.4,7.33,7.39,2212100
FNGN,20121126,26.61,26.61,25.31,25.74,317200
FNHC,20121126,5.4,5.65,5.21,5.53,10300
FNLC,20121126,15.14,15.24,14.98,15.1,8200
FNSR,20121126,12.69,13.11,12.61,12.91,2041600
FOLD,20121126,4.89,4.93,4.71,4.91,490100
FONE,20121126,23.55,23.92,23.55,23.92,200
FONR,20121126,4.2,4.45,4.2,4.43,45900
FORD,20121126,1.15,1.2,1.15,1.19,6900
FORM,20121126,4.18,4.25,4.14,4.17,95300
FORR,20121126,27.97,28.1,27.7,27.84,113400
FORTY,20121126,16.05,16.09,15.8,16.03,3700
FOSL,20121126,86.08,86.41,84.19,85.51,505600
FRAN,20121126,26.93,26.93,25.72,26.52,699200
FRBK,20121126,2.04,2.08,2.01,2.06,24000
FRED,20121126,13.55,13.58,13.1,13.18,158800
FREE,20121126,425,475,425,450,110500
FRGI,20121126,15.21,15.24,14.98,15.05,41300
FRME,20121126,13.54,13.69,13.35,13.65,58000
FRP,20121126,7.65,7.65,7.22,7.32,49800
FSBK,20121126,5.17,5.17,5.05,5.05,4100
FSBW,20121126,12.59,12.97,12.59,12.97,2600
FSC,20121126,10.78,10.87,10.71,10.84,745000
FSFG,20121126,19.11,19.25,19.11,19.17,1400
FSGI,20121126,2.65,2.65,2.5,2.65,3900
FSLR,20121126,24.75,25.48,24.41,25.31,3242900
FSTR,20121126,39.52,40.25,38.89,40.06,38400
FSYS,20121126,14.86,15.19,14.71,15.07,148400
FTEK,20121126,3.79,3.87,3.69,3.84,25800
FTNT,20121126,19,19.41,18.82,19.23,1741600
FTR,20121126,4.47,4.54,4.45,4.53,5315500
FULL,20121126,8.45,8.45,8.11,8.12,137000
FULT,20121126,9.74,9.79,9.6,9.7,596300
FUNC,20121126,6.37,6.75,6.37,6.75,1400
FUND,20121126,6.64,6.74,6.64,6.74,67800
FWRD,20121126,31.94,32.29,31.87,32.25,65200
FXCB,20121126,15.74,15.75,15.62,15.67,8200
FXEN,20121126,4.12,4.25,4.09,4.24,418700
GABC,20121126,21.26,21.8,21.25,21.38,15500
GAI,20121126,5.35,5.51,5.35,5.48,7900
GAIA,20121126,2.6,2.8,2.6,2.68,53400
GAIN,20121126,6.93,6.99,6.87,6.98,130300
GAINP,20121126,25.69,25.69,25.5,25.6,4500
GALE,20121126,1.69,1.69,1.63,1.69,539900
GALT,20121126,1.98,2.22,1.83,2.07,262300
GALTU,20121126,4.24,4.24,4.24,4.24,600
GALTW,20121126,0.47,0.5,0.46,0.5,2400
GAME,20121126,3.27,3.28,3.18,3.2,393500
GASS,20121126,7.5,7.6,7.25,7.55,130600
GBCI,20121126,14.45,14.45,14.23,14.35,224100
GBDC,20121126,15.78,15.86,15.52,15.71,99500
GBLI,20121126,22.13,22.35,22.01,22.34,12200
GBNK,20121126,9,9.1,8.55,8.9,65900
GCBC,20121126,20.54,20.54,19.99,20.05,2300
GCVRZ,20121126,1.73,1.8,1.7,1.7,184100
GENC,20121126,7.74,7.79,7.6,7.79,3100
GENE,20121126,13.1,13.8,12.6,13.45,38500
GEOS,20121126,72.75,73.52,71.32,73.08,124000
GERN,20121126,1.33,1.46,1.33,1.42,833500
GEVO,20121126,24,24.15,22.35,22.5,440800
GFED,20121126,6.91,6.91,6.91,6.91,400
GFN,20121126,4.8,4.82,4.51,4.73,14500
GGAL,20121126,4.74,4.82,4.67,4.75,189800
GHDX,20121126,27.96,28.19,27.66,28.06,215900
GIFI,20121126,21.98,22.13,21.11,21.57,45300
GIGA,20121126,1.46,1.46,1.46,1.46,1100
GIGM,20121126,0.93,0.98,0.93,0.95,54600
GIII,20121126,18.835,18.865,18.555,18.645,78000
GILD,20121126,37.82,37.925,37.34,37.735,5226500
GILT,20121126,5.6,5.6,5.43,5.53,135000
GLAD,20121126,8.15,8.19,8.01,8.19,75200
GLBS,20121126,1.95,1.95,1.9,1.93,3100
GLBZ,20121126,11.1,11.1,11.1,11.1,100
GLDC,20121126,3.39,3.39,3.33,3.33,1600
GLDD,20121126,8.28,8.48,8.27,8.46,352900
GLNG,20121126,39.57,39.6,38.57,39.4,351200
GLRE,20121126,23.59,23.67,23.28,23.67,134100
GLUU,20121126,2.47,2.71,2.44,2.7,1438700
GMAN,20121126,15.22,15.3,14.87,14.99,25900
GMCR,20121126,28.03,28.74,27.88,28.61,6498200
GMLP,20121126,28.85,28.93,28.23,28.63,66100
GNCMA,20121126,7.8,7.9,7.57,7.79,79100
GNMA,20121126,50.73,50.8,50.6,50.79,5900
GNMK,20121126,9.53,9.58,9.22,9.34,102600
GNTX,20121126,8.705,8.85,8.67,8.735,1066400
GNVC,20121126,1.27,1.3,1.2,1.28,23300
GOLD,20121126,105.08,106.11,103.64,105.91,606200
GOOD,20121126,17.63,17.95,17.52,17.91,55000
GOODN,20121126,25.42,25.54,25.42,25.54,400
GOODO,20121126,25.13,25.46,25.13,25.4,1000
GOODP,20121126,25.48,25.48,25.27,25.46,1000
GOOG,20121126,333.22,333.5,329.51,330.575,2205500
GPIC,20121126,6.79,6.9,6.79,6.9,1900
GPOR,20121126,32.5,32.63,31.58,31.84,617200
GPRE,20121126,7.85,7.89,7.73,7.86,71300
GRFS,20121126,24,24.24,23.8,23.92,1037300
GRID,20121126,27.86,27.97,27.86,27.91,1400
GRIF,20121126,25.2,25.53,25.2,25.22,3700
GRMN,20121126,38.58,38.76,38.27,38.39,595200
GROW,20121126,5.37,5.48,5.19,5.48,8900
GRPN,20121126,3.84,3.97,3.7,3.81,16867600
GRVY,20121126,9.44,9.6,9.2,9.36,16500
GSBC,20121126,25.25,25.48,25.05,25.34,22600
GSIG,20121126,7.25,7.57,7.24,7.43,411600
GSIT,20121126,5.38,5.54,5.3,5.53,60100
GSM,20121126,14.06,14.1,13.81,13.99,129700
GSOL,20121126,6,6.09,6,6.09,16600
GSVC,20121126,7.36,7.77,7.36,7.75,483000
GT,20121126,11.74,11.9,11.67,11.83,2262400
GTIM,20121126,1.8,2.11,1.59,1.84,42500
GTLS,20121126,60.58,60.75,58.57,59.07,808200
GTWN,20121126,11,11,11,11,0
GTXI,20121126,4.18,4.29,4.05,4.18,54100
GUID,20121126,10.43,11.06,10.43,10.89,55000
GULF,20121126,14.75,14.75,14.75,14.75,0
GURE,20121126,1.3,1.3,1.26,1.28,70600
GYRO,20121126,111.99,111.99,110.22,110.6,60700
HA,20121126,5.94,6.06,5.86,6.04,363700
HAFC,20121126,12.07,12.3,11.99,12.1,143300
HAIN,20121126,30.115,30.46,29.785,30.1,690100
HALL,20121126,7.81,7.95,7.8,7.93,16800
HALO,20121126,5.7,5.75,5.58,5.73,328900
HAS,20121126,38.25,38.49,38.1,38.32,709900
HAYN,20121126,47.48,47.7,47.16,47.4,27900
HBAN,20121126,6.17,6.32,6.13,6.3,20401100
HBANP,20121126,1221.01,1243.96,1221.01,1243.96,100
HBCP,20121126,18.6,18.69,18.4,18.6,5400
HBHC,20121126,31.94,31.94,31.34,31.49,244600
HBIO,20121126,3.99,4.11,3.95,3.97,33800
HBK,20121126,11.23,11.23,11.23,11.23,300
HBMD,20121126,6.48,6.48,6.48,6.48,0
HBNC,20121126,18.03,18.53,17.73,18.53,15200
HCBK,20121126,8.09,8.15,8.05,8.07,2444200
HCCI,20121126,14.98,15.14,14.91,14.97,17200
HCKT,20121126,3.41,3.64,3.41,3.52,89700
HCOM,20121126,17.84,17.85,17.67,17.67,4900
HCSG,20121126,23.14,23.29,22.78,23.09,271000
HDNG,20121126,9.5,9.66,9.38,9.48,29500
HDSN,20121126,3.05,3.22,2.98,3.21,331600
HEES,20121126,15.33,16.2,15,15.06,216000
HELE,20121126,29.52,29.89,29.52,29.7,75000
HEOP,20121126,5.43,5.45,5.3,5.35,16900
HFBC,20121126,8.09,8.09,8.09,8.09,100
HFBL,20121126,17.66,17.84,17.65,17.75,37400
HFFC,20121126,12.9,12.9,12.9,12.9,100
HFWA,20121126,13.96,14.05,13.9,14,16300
HGSH,20121126,3,3.05,2.65,3.04,51200
HIBB,20121126,54.75,55.17,53.55,53.64,341800
HIFS,20121126,62.37,62.37,61.06,61.66,900
HIHO,20121126,1.87,1.99,1.87,1.99,2600
HILL,20121126,0.82,0.85,0.78,0.83,38800
HIMX,20121126,2.11,2.16,2.1,2.16,528500
HLIT,20121126,4.38,4.46,4.29,4.34,741600
HMIN,20121126,25.08,25.8,24.88,25.56,220400
HMNF,20121126,2.89,3.07,2.89,2.95,2100
HMNY,20121126,2.35,2.35,2.35,2.35,0
HMPR,20121126,1.2,1.2,1.18,1.18,122900
HMST,20121126,23.35,23.7,23.06,23.46,68400
HMSY,20121126,23.18,23.32,22.83,22.87,683100
HNH,20121126,14.44,14.52,14.36,14.52,7300
HNRG,20121126,8.33,8.33,8,8.1,17200
HNSN,20121126,2.31,2.31,2.23,2.24,283300
HOFT,20121126,14,14,13.9,13.99,14200
HOLI,20121126,10.4,10.45,10.16,10.23,232000
HOLX,20121126,19.45,19.51,19.28,19.44,2699300
HOMB,20121126,16.5,16.575,16.315,16.575,58700
HOVNP,20121126,11.74,11.89,11.18,11.79,11500
HPJ,20121126,0.94,1.08,0.94,1.06,65700
HRZN,20121126,14.17,14.28,14.02,14.15,128100
HSIC,20121126,80.67,81.2,80.38,80.58,349000
HSII,20121126,11.82,12.14,11.79,12.12,40900
HSKA,20121126,8.81,8.99,8.77,8.9,11600
HSNI,20121126,52.57,53.21,51.51,51.94,174500
HSON,20121126,4.19,4.3,4.19,4.21,73600
HSTM,20121126,23.63,23.66,22.5,22.96,129400
HTBI,20121126,13,13.06,12.95,13.05,23700
HTBK,20121126,6.53,6.67,6.5,6.57,14400
HTCH,20121126,1.66,1.67,1.61,1.64,60200
HTHT,20121126,16.49,17.08,16.48,16.77,53300
HTLD,20121126,13.68,13.84,13.65,13.84,201300
HTLF,20121126,26.28,26.28,25.61,26.11,19100
HTWR,20121126,81.02,83.78,81.02,81.71,315900
HUBG,20121126,31.65,31.96,31.41,31.96,317300
HURC,20121126,22.75,24.07,22.75,23.87,6400
HURN,20121126,31.71,32.18,31.71,32.15,54100
HWAY,20121126,9.73,10,9.67,10,87400
HWBK,20121126,8.75,8.75,8.5,8.5,1100
HWCC,20121126,10.74,11.27,10.74,10.98,24200
HWKN,20121126,36.79,37.98,36.79,37.95,10300
HYGS,20121126,7,7.49,6.89,7.19,32000
HZNP,20121126,2.61,2.64,2.55,2.64,542100
IACI,20121126,42.8,42.91,42.42,42.9,491300
IART,20121126,38.35,38.92,38.25,38.85,121100
IBB,20121126,138.01,138.14,136.25,137.53,234100
IBCP,20121126,3.62,3.65,3.53,3.63,110500
IBKC,20121126,48.82,49.8,48.27,49.78,215600
IBKR,20121126,15.08,15.21,15.03,15.16,479500
IBOC,20121126,17.84,17.91,17.72,17.88,110000
ICAD,20121126,2.98,3.35,2.98,3.34,48600
ICCC,20121126,4.43,4.43,4.43,4.43,0
ICFI,20121126,20.66,20.84,20.27,20.55,141900
ICLN,20121126,6.64,6.65,6.59,6.63,38500
ICLR,20121126,27.21,27.84,27.1,27.59,295200
ICON,20121126,19.14,19.37,18.99,19.35,296500
ICPT,20121126,21.07,22,20.75,21.06,27900
ICUI,20121126,59.36,59.58,58.78,59.5,58500
IDCC,20121126,41.41,41.66,41.03,41.29,424000
IDRA,20121126,0.96,0.96,0.84,0.84,15400
IDSA,20121126,2.8,2.99,2.6,2.78,36100
IDSY,20121126,5.99,6,5.82,5.86,10700
IDTI,20121126,6,6.1,5.93,6.06,1179900
IDXX,20121126,47,47.13,46.705,46.965,187200
IEP,20121126,39.1,39.49,38.26,39.15,11400
IESC,20121126,4.5,4.73,4.5,4.7,3900
IFEU,20121126,28.85,29.37,28.85,29.37,9800
IFGL,20121126,32.22,32.24,32.1,32.24,119200
IFON,20121126,0.72,0.72,0.64,0.68,2100
IGLD,20121126,4.32,4.42,4.08,4.42,7200
IGOV,20121126,102.62,102.75,102.34,102.64,17700
III,20121126,1.05,1.06,1.03,1.03,9100
IIIN,20121126,10.8,11.11,10.72,11.09,11500
IIJI,20121126,12.31,12.37,12.3,12.36,13400
IILG,20121126,18.33,18.46,18.14,18.46,77700
IIN,20121126,4.36,4.5,4.26,4.5,1900
IIVI,20121126,15.81,16.3,15.81,16.29,388900
IKAN,20121126,12.7,13.3,12.5,12.8,90400
IKNX,20121126,7.82,8.06,7.81,8.06,400
ILMN,20121126,52.1,52.3,49.24,51.17,1897400
IMGN,20121126,11.6,12.03,11.6,11.93,789600
IMI,20121126,7.01,7.15,7.01,7.1,22100
IMKTA,20121126,16.38,16.4,16.14,16.28,21000
IMMR,20121126,4.76,4.76,4.68,4.69,54100
IMMU,20121126,3,3.07,2.99,3.06,106900
IMMY,20121126,6.05,6.2,2.55,5.5,8300
IMOS,20121126,10.17,10.48,10.15,10.34,187100
INAP,20121126,5.97,6.13,5.93,6.11,363000
INCY,20121126,18.3,18.32,17.85,17.97,775600
INDB,20121126,28.1,28.36,28,28.3,143100
INDY,20121126,23.39,23.54,23.29,23.54,101800
INFI,20121126,25.99,26.03,25.58,25.69,300600
INFN,20121126,4.87,5.45,4.87,5.39,1883600
ININ,20121126,30.87,31.54,30.52,31.11,44500
INOD,20121126,3.58,3.75,3.4,3.72,64100
INPH,20121126,2.15,2.26,2.08,2.08,19000
INSM,20121126,7.91,8.14,7.84,7.99,114400
INTC,20121126,19.69,19.92,19.62,19.89,67047800
INTG,20121126,20.01,20.01,20.01,20.01,0
INTL,20121126,17.07,17.25,16.98,17.22,10900
INTU,20121126,58.8,58.99,58.16,58.43,2119100
INTX,20121126,8.76,9.03,8.67,8.99,59200
INVE,20121126,13.6,14,13.4,13.9,67600
INWK,20121126,12.91,12.91,12.45,12.65,198600
IOSP,20121126,31.09,31.54,30.95,31.54,49600
IPAR,20121126,18.92,19.48,18.72,19.46,39400
IPAS,20121126,1.83,1.94,1.82,1.89,81600
IPCC,20121126,52.5,53.36,52.5,53.31,28100
IPCI,20121126,2.17,2.19,1.88,1.99,85600
IPCM,20121126,37.91,39.04,37.02,38.89,210300
IPGP,20121126,58.37,60.5,57.96,59.83,599400
IPHS,20121126,48.62,48.77,46.82,47.5,171000
IPXL,20121126,20.5,20.76,20.41,20.53,585400
IQNT,20121126,2.18,2.42,2.18,2.34,706700
IRBT,20121126,17.82,18.35,17.82,18.32,247800
IRDM,20121126,5.95,6.12,5.94,6.08,473500
IRG,20121126,13.02,13.02,12.37,12.5,51400
IRIX,20121126,3.99,4,3.96,3.97,3700
IROQ,20121126,13.78,13.78,13.75,13.75,1000
IRWD,20121126,10.88,11.08,10.72,11.02,413900
ISBC,20121126,6.6039,6.6353,6.549,6.5922,119600
ISCA,20121126,26.07,26.14,25.63,26.13,106100
ISHG,20121126,97.03,97.46,97.03,97.3,5000
ISIG,20121126,1.72,1.75,1.72,1.75,2200
ISIL,20121126,6.89,7.03,6.84,6.88,631600
ISIS,20121126,9.11,9.15,8.86,9,708600
ISLE,20121126,5.54,5.55,5.22,5.43,72300
ISM,20121126,24,24,23.68,23.68,4600
ISNS,20121126,4.84,5.13,4.79,5.13,800
ISRG,20121126,536.13,540,531.33,534.25,223000
ISRL,20121126,98.64,106.75,98.64,106.75,1800
ISSC,20121126,4.27,4.35,4.27,4.35,2100
ISSI,20121126,8.68,8.73,8.53,8.7,89800
ITIC,20121126,61.57,62.58,61.25,62.58,1600
ITRI,20121126,41.21,42.19,41.01,41.74,267900
ITRN,20121126,12.93,13.06,12.9,13.03,9200
IVAC,20121126,4.36,4.45,4.31,4.45,59100
IXYS,20121126,8.76,9.02,8.74,8.99,53100
JACK,20121126,26.97,27.51,26.97,27.49,461500
JAKK,20121126,12.07,12.15,12.03,12.13,88600
JASO,20121126,3.05,3.15,3.05,3.1,443000
JAXB,20121126,17.2,17.2,17.2,17.2,0
JAZZ,20121126,52.25,52.58,50.71,51.85,334900
JBHT,20121126,59.12,60,58.99,59.86,755600
JBLU,20121126,5.05,5.08,4.94,5.08,3096600
JBSS,20121126,17,17.25,16.68,17.03,17900
JCOM,20121126,29.23,29.74,29.06,29.74,194600
JCS,20121126,10.56,10.84,10.38,10.45,3100
JCTCF,20121126,6.43,6.43,6.43,6.43,100
JIVE,20121126,13.84,14.09,13.49,14.06,712200
JJSF,20121126,60,61.97,60,61.6,82200
JKHY,20121126,38.45,38.65,38.31,38.57,303400
JMBA,20121126,9.95,10.05,9.85,9.95,438700
JOBS,20121126,26.755,26.915,26.495,26.575,62600
JOEZ,20121126,0.94,0.96,0.9,0.91,91000
JOUT,20121126,21.16,21.45,20.85,21.21,19600
JRJC,20121126,1.12,1.13,1.1,1.12,5100
JSM,20121126,24.7,24.7,24.41,24.45,16200
JST,20121126,4.79,4.8,4.68,4.71,33900
JVA,20121126,6.88,6.95,6.73,6.9,92900
JXSB,20121126,17.25,17.25,17.25,17.25,0
KALU,20121126,59.95,60.27,59.03,59.6,98800
KCAP,20121126,8.76,8.95,8.63,8.88,303600
KCLI,20121126,36.57,37.78,36.57,37.61,3400
KELYA,20121126,13.41,13.73,13.41,13.7,79100
KELYB,20121126,13.4,13.4,13.4,13.4,0
KEQU,20121126,11.21,11.22,11.2,11.22,3500
KERX,20121126,2.95,2.97,2.83,2.89,1268400
KEYW,20121126,12.98,13.15,12.92,13.04,94900
KFFB,20121126,8.34,8.39,8.32,8.34,2200
KFRC,20121126,12.27,12.64,12.27,12.5,217800
KGJI,20121126,1.22,1.23,1.16,1.2,47600
KINS,20121126,4.87,4.9,4.8,4.9,3400
KIRK,20121126,8.96,9.03,8.66,8.77,88500
KLAC,20121126,45,45.37,44.69,45.12,1695000
KLIC,20121126,10.62,10.73,10.49,10.7,899500
KNDI,20121126,4.13,4.16,4.03,4.15,101400
KONA,20121126,8.67,8.67,8.45,8.46,22400
KONE,20121126,1.6,1.65,1.6,1.65,5400
KOOL,20121126,0.69,0.69,0.64,0.68,57900
KOPN,20121126,3.01,3.12,3.01,3.07,92200
KOSS,20121126,4.76,4.77,4.61,4.74,3700
KRNY,20121126,9.08,9.23,9.08,9.18,10800
KTCC,20121126,10.02,10.03,9.68,9.8,62700
KTEC,20121126,10.21,10.23,9.8,9.88,1500
KTOS,20121126,4.45,4.65,4.43,4.63,504500
KUTV,20121126,1.03,1.06,1.02,1.03,9000
KVHI,20121126,12.47,12.7,12.47,12.6,18100
KYTH,20121126,24.71,25.45,23.78,23.78,8300
KZ,20121126,5.94,6.06,5.76,5.9,99500
LABC,20121126,16.5,16.65,16.5,16.65,1500
LABL,20121126,22.5,22.69,22.32,22.68,44700
LAKE,20121126,5.26,5.45,5.25,5.25,5900
LAMR,20121126,40.08,40.38,39.7,39.95,969900
LANC,20121126,74.3,74.48,73.82,74.44,57600
LARK,20121126,21.27,21.35,21.27,21.35,200
LAWS,20121126,8.48,8.52,8.44,8.5,63400
LAYN,20121126,21.48,22.02,21.48,22.01,63700
LBAI,20121126,9.42,9.57,9.2,9.45,27500
LBIX,20121126,4.05,4.21,3.93,4.19,8700
LBTYA,20121126,29.1415,29.6117,29.0291,29.2642,808200
LBTYB,20121126,57.38,57.38,57.38,57.38,0
LBTYK,20121126,53.89,54.74,53.63,54.05,238200
LCNB,20121126,14.13,14.18,13.98,14.03,700
LCUT,20121126,9,9.62,9,9.58,25100
LECO,20121126,45.93,46.44,45.6,46.07,249400
LEDS,20121126,1.2,1.2,1.12,1.2,23400
LFUS,20121126,54.57,55.83,54.57,55.03,74000
LFVN,20121126,2.69,2.69,2.41,2.52,654600
LGCY,20121126,24.1,24.33,23.9,24.15,407900
LGND,20121126,19.05,19.57,19.01,19.55,107900
LHCG,20121126,17.86,17.9,17.51,17.68,61400
LIFE,20121126,49.77,49.93,48.28,49.58,1476500
LIME,20121126,3.92,3.92,3.78,3.92,8100
LINC,20121126,3.74,3.9,3.74,3.77,59300
LINE,20121126,38.8,38.9,38.54,38.88,870200
LION,20121126,8.67,9.1,8.67,9.02,31600
LIOX,20121126,3.67,3.97,3.67,3.9,400000
LIVE,20121126,1.0867,1.0867,1.06,1.0633,2700
LKFN,20121126,24.88,25.28,24.88,25.24,17800
LKQ,20121126,21.96,22.28,21.51,21.63,4600700
LLNW,20121126,1.71,1.71,1.66,1.66,692400
LLTC,20121126,32.29,32.63,32.21,32.42,1229900
LMAT,20121126,6.11,6.24,6.11,6.24,2400
LMCA,20121126,36.3133,36.4633,36.0933,36.3333,624800
LMCB,20121126,37.5472,37.5472,37.5472,37.5472,0
LMIA,20121126,19.09,19.33,18.81,18.96,26400
LMNR,20121126,18.94,18.94,18.49,18.62,13100
LMNX,20121126,17.5,17.78,17.26,17.45,108900
LMOS,20121126,9.32,9.66,9.24,9.6,40100
LNCE,20121126,23.49,23.62,23.37,23.61,86200
LNCO,20121126,37.39,38.09,37.35,38.02,770000
LNDC,20121126,9.44,9.61,9.39,9.58,114600
LOAN,20121126,1.03,1.03,1.03,1.03,900
LOGI,20121126,7.05,7.07,7,7.05,243400
LOGM,20121126,21.22,21.76,21.09,21.48,210600
LOJN,20121126,2,2.07,1.9,2.06,169000
LONG,20121126,16.2,16.27,15.76,15.81,4900
LOOK,20121126,2.37,2.37,2.37,2.37,1100
LOPE,20121126,22.32,22.38,22.1,22.29,142000
LORL,20121126,81.35,83.97,80.84,82.79,124500
LPLA,20121126,26.95,27.07,26.85,26.91,323900
LPNT,20121126,36.4,36.69,35.72,36.56,411800
LPSB,20121126,8.7,8.74,8.65,8.71,27400
LPSN,20121126,13.5,13.67,13.23,13.41,265200
LPTH,20121126,0.87,0.9,0.87,0.89,3200
LPTN,20121126,5.84,6,5.68,5.68,25400
LQDT,20121126,39.18,41.74,39.17,41.66,499700
LRAD,20121126,0.95,1.09,0.92,1.05,58500
LRCX,20121126,35.21,35.72,35.21,35.25,2402700
LSBK,20121126,10.38,10.38,10.38,10.38,100
LSCC,20121126,4.04,4.15,4.03,4.07,708400
LSTR,20121126,50.31,51.11,50.17,50.55,292200
LTBR,20121126,1.33,1.35,1.22,1.27,42100
LTRX,20121126,1.65,1.72,1.61,1.63,27800
LULU,20121126,70.5,70.81,69.27,70.69,1371100
LUNA,20121126,1.36,1.42,1.25,1.35,32300
LVNTA,20121126,14.3808,14.3931,14.0614,14.0811,54000
LVNTB,20121126,55.03,55.03,55.03,55.03,0
LWAY,20121126,8.22,8.31,8.15,8.24,5600
LXRX,20121126,12.25,12.53,12.11,12.39,563500
LYTS,20121126,6.2,6.32,6.19,6.21,75900
MACK,20121126,6.99,7.09,6.63,6.79,305100
MAGS,20121126,4.09,4.14,3.9,4.05,50900
MANH,20121126,14.4725,14.635,14.3425,14.55,86700
MANT,20121126,24.94,25.17,24.39,24.85,73300
MARK,20121126,0.85,0.9,0.85,0.86,18200
MARPS,20121126,18.03,18.25,17.53,17.53,4100
MASI,20121126,20.93,20.93,20.39,20.63,192700
MAT,20121126,36.67,36.74,36.48,36.72,1589000
MATR,20121126,4.88,5.08,4.88,4.89,17400
MATW,20121126,29.05,29.51,29.05,29.49,64800
MAYS,20121126,22.04,22.04,22.04,22.04,0
MBFI,20121126,19.15,19.25,18.94,19.25,160600
MBLX,20121126,7.08,7.32,6.96,7.02,47300
MBRG,20121126,17.11,17.78,16.86,17.68,5700
MBTF,20121126,2.76,2.85,2.76,2.8,5800
MBVT,20121126,27.8,28.28,27.52,27.85,13400
MBWM,20121126,14.16,14.76,14.16,14.35,8800
MCBC,20121126,3.02,3.09,2.98,3.02,74600
MCBK,20121126,14.51,14.51,14.49,14.5,2400
MCEP,20121126,20.55,20.55,20.04,20.29,39200
MCHP,20121126,29.9,30.09,29.51,29.7,1950400
MCHX,20121126,4.07,4.14,4.06,4.14,20300
MCOX,20121126,2.85,2.9,2.85,2.85,1500
MCRI,20121126,9.1,9.1,8.76,9.02,16300
MDAS,20121126,16.62,16.72,16.22,16.51,386600
MDCA,20121126,9.91,10.01,9.75,9.81,24900
MDCO,20121126,21.41,21.62,20.88,21.37,415000
MDIV,20121126,19.81,19.91,19.78,19.83,72600
MDLZ,20121126,25.54,25.59,25.39,25.51,10869200
MDM,20121126,3.56,3.67,3.56,3.6,10900
MDRX,20121126,12.5,12.55,12.26,12.36,1286500
MDSO,20121126,20.93,20.93,20.205,20.76,155600
MDVN,20121126,50,50.1,48.64,48.79,424900
MEIL,20121126,4.4,4.4,4.4,4.4,1000
MEILW,20121126,0.5,0.5,0.5,0.5,100
MEILZ,20121126,0.4,0.4,0.4,0.4,2000
MEIP,20121126,8.94,9,8.04,8.4,228400
MELA,20121126,23.8,24.6,23.4,23.6,146800
MELI,20121126,74,74.79,73.4,74.25,593900
MEMP,20121126,17.41,17.85,17.12,17.79,81800
MENT,20121126,14.39,14.65,14.35,14.55,756800
MEOH,20121126,29.77,30.05,29.53,29.92,71000
MERC,20121126,6.81,6.81,6.6,6.63,63800
METR,20121126,12.36,12.45,12.11,12.44,9700
MFLX,20121126,16.12,16.18,15.75,15.92,98100
MFNC,20121126,7.25,7.25,7,7.25,8200
MFRI,20121126,4.91,4.91,4.71,4.82,7600
MFRM,20121126,28.23,28.25,27.09,27.9,256500
MFSF,20121126,11.35,11.35,11.35,11.35,0
MGCD,20121126,6.55,6.55,6.55,6.55,500
MGEE,20121126,32.5933,33.32,32.5933,33.1667,38800
MGIC,20121126,4.28,4.43,4.26,4.41,73100
MGLN,20121126,50.44,50.74,49.51,49.9,138700
MGPI,20121126,3.46,3.55,3.14,3.14,25700
MGRC,20121126,26.47,26.92,26.39,26.9,62400
MGYR,20121126,4.65,4.65,4.65,4.65,0
MHGC,20121126,5.4,5.4,5.35,5.35,76300
MHLD,20121126,8.98,9,8.79,8.94,269800
MIDD,20121126,42.3567,42.4667,41.8267,42.1633,62800
MIND,20121126,13.3,13.8,13.3,13.78,55300
MINI,20121126,19.18,19.56,19.18,19.5,132500
MITK,20121126,2.62,2.7,2.47,2.51,140700
MITL,20121126,2.8,2.84,2.72,2.73,62000
MKSI,20121126,24.28,24.39,23.9,24.15,221800
MKTX,20121126,30.33,30.67,29.98,30.48,126700
MLAB,20121126,47.77,49.28,47.7,48.67,6200
MLHR,20121126,20.22,20.36,20.07,20.28,95400
MLNK,20121126,3.05,3.27,3,3.26,103100
MLNX,20121126,84.69,85.3,84,85.26,383200
MLVF,20121126,10.34,10.48,10.3,10.48,17000
MMLP,20121126,31.29,31.35,31.07,31.27,250900
MMSI,20121126,13.26,13.33,13.12,13.23,92500
MMYT,20121126,13.53,14.41,13.5,14.28,17100
MNDO,20121126,1.98,1.99,1.94,1.94,21000
MNGA,20121126,2,2.09,1.96,2.01,3400
MNKD,20121126,1.97,2,1.95,1.99,2509600
MNOV,20121126,1.85,1.95,1.83,1.89,40100
MNRK,20121126,8.45,8.54,8.45,8.52,3300
MNRO,20121126,32.03,32.23,31.31,32.01,222800
MNST,20121126,45.92,46.24,45.67,45.88,1405000
MNTA,20121126,10.58,10.82,10.33,10.55,309300
MNTX,20121126,7.57,7.68,7.56,7.61,95200
MOBI,20121126,1.88,1.97,1.87,1.96,63200
MOCO,20121126,14.5,14.65,14.47,14.51,5500
MOFG,20121126,19.8,19.8,19.56,19.71,15600
MORN,20121126,63.09,63.8,62.76,63,150500
MOSY,20121126,3.19,3.26,3.12,3.18,77900
MPAA,20121126,5.2,5.42,5.2,5.39,107700
MPB,20121126,9.88,9.88,9.81,9.83,6500
MPEL,20121126,15.19,15.22,15.07,15.17,1866000
MPET,20121126,0.87,0.88,0.87,0.87,36300
MPWR,20121126,19.95,20.31,19.73,20.31,155900
MRCC,20121126,15.05,15.2,14.95,15.05,15900
MRCY,20121126,8.73,9.09,8.7,9.04,114300
MRGE,20121126,3.07,3.37,2.93,3.28,886500
MRLN,20121126,17.39,17.68,17.32,17.51,15100
MRTN,20121126,12.32,12.46,12.1667,12.3867,35300
MRVL,20121126,8.03,8.39,7.99,8.35,15421800
MSBF,20121126,6,6,6,6,0
MSCC,20121126,18.28,18.54,18.23,18.38,318400
MSEX,20121126,18.22,18.42,18.21,18.37,15900
MSFG,20121126,11.91,12.04,11.6,11.8,15200
MSFT,20121126,27.54,27.58,27.17,27.39,85198600
MSLI,20121126,1.38,1.38,1.25,1.38,10400
MSON,20121126,5.28,5.66,5.28,5.36,101100
MSTR,20121126,86.51,86.78,84.55,86.7,118800
MTEX,20121126,6.05,6.22,6.01,6.21,2400
MTGE,20121126,25.14,25.28,24.75,25.16,624800
MTRX,20121126,10.88,10.96,10.61,10.71,84900
MTSC,20121126,47.5,47.79,47.12,47.65,39000
MTSI,20121126,12.42,13,12.29,12.55,45400
MTSL,20121126,3.6,3.73,3.4,3.53,346800
MTSN,20121126,0.86,0.86,0.81,0.81,152800
MU,20121126,5.68,5.79,5.62,5.7,29436200
MVIS,20121126,2.55,2.72,2.55,2.61,325000
MXIM,20121126,28,28.49,27.96,28.3,1736700
MXWL,20121126,6.73,6.99,6.73,6.98,103800
MYGN,20121126,30.44,30.7,30.11,30.65,689100
MYL,20121126,27,27.07,26.63,26.99,6032900
MYRG,20121126,20.71,20.84,20.63,20.7,124200
NAII,20121126,5.58,5.58,5.44,5.45,11000
NANO,20121126,14.07,14.42,14,14.25,112500
NATH,20121126,30.48,30.69,30.18,30.45,2300
NATI,20121126,24.67,24.78,24.48,24.56,316600
NATL,20121126,25.37,25.45,25.22,25.45,21100
NATR,20121126,15.07,15.63,15.04,15.57,52500
NAUH,20121126,4.14,4.16,3.85,3.87,18400
NAVG,20121126,51.61,52,51.59,52,29400
NBBC,20121126,4.52,4.56,4.5,4.56,16600
NBIX,20121126,7.23,7.39,7.05,7.39,156500
NBN,20121126,9.26,9.3,9.1,9.1,4000
NBTB,20121126,19.66,19.67,19.5,19.65,155600
NCIT,20121126,4.9,4.9,4.51,4.58,22500
NCMI,20121126,13.25,13.43,13.25,13.35,206000
NCTY,20121126,3.11,3.12,3,3.09,6800
NDAQ,20121126,23.72,23.78,23.46,23.54,779600
NDSN,20121126,61.17,62.21,61.17,62.17,304200
NECB,20121126,5.1,5.1,5.1,5.1,3500
NEOG,20121126,29.8867,30.4267,29.5,30.22,148600
NEON,20121126,3.92,4.02,3.87,4.01,134500
NEPT,20121126,3.31,3.31,3.31,3.31,0
NETE,20121126,5,5.2,4.95,5,2400
NEWP,20121126,12.05,12.1,11.45,12.06,98200
NEWS,20121126,12.75,12.77,12.11,12.5,44700
NEWT,20121126,10,10,9.25,9.4,19300
NFBK,20121126,14.75,14.96,14.6,14.9,51900
NFEC,20121126,0.97,1.38,0.97,1.27,189500
NFLX,20121126,11.7857,11.84,11.4386,11.7229,1928500
NICE,20121126,32.9,33.25,32.9,33.24,114100
NICK,20121126,12.24,12.6,12.08,12.55,17300
NIHD,20121126,5.1,5.35,5,5.05,3806100
NILE,20121126,37.58,37.96,36.68,37.5,157900
NKSH,20121126,31.23,32.36,31.01,31.81,8300
NKTR,20121126,6.07,6.25,6.05,6.22,698400
NLNK,20121126,12.61,12.61,12.05,12.34,31700
NLST,20121126,0.73,0.77,0.72,0.74,64700
NMRX,20121126,10.92,11.02,10.81,11.02,16300
NNBR,20121126,8.04,8.1,7.96,7.99,24900
NPBC,20121126,9.4,9.48,9.34,9.48,950000
NRIM,20121126,21.46,22.12,21.45,22.03,17200
NSEC,20121126,7.85,8,7.67,7.69,5200
NSIT,20121126,14.31,15.9,14.31,15.85,144300
NSPH,20121126,56,56,54.2,55.2,258100
NSSC,20121126,3.1,3.13,3.1,3.12,10700
NSYS,20121126,2.72,2.75,2.65,2.65,1200
NTAP,20121126,31.01,31.39,30.72,31.36,5230700
NTCT,20121126,24.77,24.77,24.22,24.6,185600
NTES,20121126,43.38,44.24,43,44.05,827500
NTGR,20121126,34.09,34.86,34.05,34.82,249700
NTIC,20121126,9.75,10.05,9.75,10,19700
NTK,20121126,63.43,63.71,62.75,63.14,9700
NTLS,20121126,15.63,16.09,15.46,15.82,173600
NTRI,20121126,7.63,7.84,7.63,7.69,173700
NTRS,20121126,48.15,48.24,47.67,48.2,1047400
NTWK,20121126,6.3,6.42,6.08,6.42,42600
NUAN,20121126,20.68,21.59,20.68,21.57,3319900
NURO,20121126,3,3.06,3,3.06,3300
NUTR,20121126,16.39,16.39,16.13,16.28,18900
NUVA,20121126,14.08,14.38,13.97,14.37,710300
NVAX,20121126,1.76,1.88,1.75,1.86,603600
NVDA,20121126,11.92,12.14,11.9,12.1,9115200
NVDQ,20121126,8.94,9.07,8.85,8.97,96700
NVEC,20121126,50.08,52.07,50.08,51.99,15300
NVGN,20121126,6.98,6.98,5.56,6.25,12900
NVMI,20121126,7.89,7.94,7.76,7.9,102500
NVSL,20121126,7,7,6.8,6.86,3300
NWBI,20121126,11.77,11.86,11.6,11.83,316500
NWFL,20121126,29.51,31,29.51,31,12300
NWLI,20121126,152.87,152.87,150.5,151.34,3000
NWPX,20121126,20.69,21,20.58,20.68,26900
NWS,20121126,24.75,24.8,24.5,24.7,3384800
NWSA,20121126,24.26,24.3,23.98,24.13,13953300
NXPI,20121126,23.66,24.19,23.57,23.98,628000
NXST,20121126,11.13,11.24,11.02,11.16,21200
NXTM,20121126,11.8,11.8,11.69,11.73,265900
NYMT,20121126,6.43,6.49,6.36,6.46,814100
NYMX,20121126,6.5,6.6,6.36,6.53,65800
NYNY,20121126,1.53,1.63,1.52,1.63,10300
OBAS,20121126,5.43,5.43,5.43,5.43,0
OBCI,20121126,1.94,1.94,1.83,1.85,4400
OCC,20121126,4.07,4.1,4.06,4.1,15600
OCFC,20121126,12.79,12.8,12.72,12.79,22900
OCLR,20121126,1.66,2.11,1.61,2.09,1956400
OCLS,20121126,5.04,5.04,4.62,4.69,20400
ODFL,20121126,33.45,33.97,33.29,33.49,350600
OFED,20121126,16.75,16.75,16.75,16.75,0
OFIX,20121126,37.34,37.75,36.87,37.32,28600
OFLX,20121126,12.89,13.12,12.73,13.12,3500
OFS,20121126,14,14,13.7,13.75,87700
OGXI,20121126,12.05,12.75,11.73,12.58,40100
OIIM,20121126,3.05,3.16,3.05,3.09,40800
OKSB,20121126,10.78,10.94,10.73,10.9,167900
OLBK,20121126,12,12.99,11.85,12,10100
OMAB,20121126,18.96,18.96,18.31,18.5,5400
OMCL,20121126,15.35,15.35,15,15.2,145100
OMER,20121126,7.36,7.72,6.74,7.06,284300
OMEX,20121126,2.68,2.7,2.59,2.68,485900
ONCY,20121126,2.18,2.2,2.15,2.2,48100
ONEQ,20121126,119.45,119.45,116.8,117.53,10900
ONFC,20121126,11.03,11.29,11.03,11.11,1500
ONTY,20121126,4.75,4.78,4.65,4.71,539900
ONVI,20121126,3.63,3.76,3.63,3.76,500
OPHC,20121126,2,2.16,1.92,2,19500
OPOF,20121126,10.82,10.92,10.82,10.92,700
OPTT,20121126,2.38,2.39,2.3,2.39,8200
OPXA,20121126,1.72,1.72,1.6,1.64,32300
OPXAW,20121126,0.03,0.03,0.01,0.03,700
ORBC,20121126,3.08,3.13,3.05,3.11,34000
ORBK,20121126,7.76,7.87,7.75,7.8,55800
OREX,20121126,4.73,4.95,4.7,4.9,1274000
ORIG,20121126,15.63,16.2,15.5,15.86,183400
ORIT,20121126,14.87,15,14.76,14.87,191700
ORLY,20121126,92.54,93.21,91.64,92.46,1082400
ORRF,20121126,8.36,8.36,8.24,8.24,900
OSBC,20121126,1.35,1.35,1.35,1.35,4400
OSBCP,20121126,6.58,6.59,6.29,6.29,12400
OSHC,20121126,13.2,13.43,13.19,13.43,36100
OSIR,20121126,9.07,9.62,9.01,9.55,61400
OSIS,20121126,61.8,63.17,60.03,60.7,445700
OSM,20121126,24.03,24.24,24.01,24.24,6900
OSN,20121126,0.79,0.79,0.73,0.75,10900
OSTK,20121126,14.5,14.79,14.5,14.75,117700
OSUR,20121126,7.72,7.88,7.68,7.76,312800
OTEX,20121126,27.77,27.935,27.395,27.425,193500
OTIV,20121126,1.3,1.35,1.3,1.35,26100
OTTR,20121126,23.73,23.92,23.55,23.9,62000
OVBC,20121126,18.36,18.36,17.8,18.04,3800
OVLY,20121126,7.28,7.28,7.25,7.25,1500
OVTI,20121126,14.97,15.09,14.72,15.07,1131800
OXGN,20121126,5.16,5.16,4.56,4.8,190700
OXLC,20121126,15.79,15.95,15.68,15.74,19500
OZRK,20121126,16.19,16.22,16.11,16.21,93800
PAAS,20121126,19.4,19.42,18.97,19.33,1094200
PACB,20121126,1.5,1.51,1.4,1.5,460100
PACW,20121126,24.2,24.48,24.15,24.45,355400
PAGG,20121126,29.55,29.76,29.37,29.76,14100
PANL,20121126,23.59,23.89,22.67,23.11,914900
PATK,20121126,12.0333,12.1533,11.6667,11.84,122700
PAYX,20121126,32.28,32.46,32.09,32.24,1720700
PBCP,20121126,8.12,8.12,8.08,8.1,2300
PBCT,20121126,12.07,12.1,11.88,12.03,4280900
PBHC,20121126,10.8,10.8,10.8,10.8,0
PBIB,20121126,0.92,0.99,0.88,0.92,10900
PBIP,20121126,6.2,6.4,6.2,6.4,1700
PBMD,20121126,4.27,4.27,4.27,4.27,0
PBSK,20121126,12.5,12.5,12.5,12.5,1000
PCAR,20121126,42.96,43.41,42.85,43.27,1560300
PCBK,20121126,9.2,9.26,9.1,9.19,53600
PCCC,20121126,10.99,11.06,10.6,10.67,30700
PCH,20121126,38.9,39.11,38.37,38.66,103500
PCLN,20121126,640.87,643.5,636.56,639.99,287300
PCO,20121126,1.1,1.11,1.07,1.07,1028400
PCOM,20121126,9.43,9.45,9.1,9.35,35600
PCRX,20121126,16.44,16.68,16.19,16.24,177500
PCTI,20121126,6.35,6.39,6.31,6.36,50300
PCYO,20121126,2.5,2.58,2.43,2.43,13300
PDCE,20121126,31.43,31.67,31.05,31.49,477800
PDCO,20121126,33.8,33.81,33.45,33.63,628600
PDEX,20121126,1.91,2,1.91,1.95,4100
PDFS,20121126,13.6,13.9,13.58,13.88,107300
PDII,20121126,6.09,6.39,6.09,6.39,7600
PDLI,20121126,7.61,7.73,7.56,7.66,1654500
PEBK,20121126,9.99,9.99,9.79,9.99,400
PEBO,20121126,19.19,19.68,19.15,19.51,16300
PEGA,20121126,10.03,10.065,9.855,9.89,71500
PEIX,20121126,4.65,4.65,4.65,4.65,1051800
PENN,20121126,47,47.15,46.1,46.67,1533600
PERF,20121126,4.8,5.16,4.51,4.74,9000
PERI,20121126,9.7,10.15,9.47,9.92,401600
PERY,20121126,21.27,21.35,20.46,20.58,74300
PESI,20121126,3.9,3.95,3.8,3.9,71000
PETS,20121126,11.14,11.2,10.95,11.04,267100
PFBC,20121126,13.61,13.61,13.29,13.39,17500
PFBI,20121126,9.86,9.97,9.64,9.78,16100
PFBX,20121126,9.34,9.34,9.34,9.34,100
PFIN,20121126,5.75,5.77,5.65,5.75,5200
PFLT,20121126,12.72,12.85,12.55,12.82,18400
PFMT,20121126,7.82,8,7.69,7.92,120300
PFPT,20121126,10.98,11.13,10.55,11.01,152500
PFSW,20121126,2.42,2.42,2.2,2.34,9100
PGC,20121126,13.78,13.88,13.6,13.75,7300
PGNX,20121126,2.33,2.33,2.25,2.27,105000
PGTI,20121126,4.12,4.12,4,4.08,136000
PHII,20121126,28.73,28.73,28.73,28.73,200
PHIIK,20121126,28.8,29.44,28.7,29.33,12100
PHMD,20121126,13.1,13.2,12.21,12.98,254000
PICO,20121126,18.01,18.08,17.86,17.93,67300
PKBK,20121126,5.32,5.35,5.05,5.05,3100
PKOH,20121126,20.37,21.31,20.37,20.99,20000
PLAB,20121126,5.04,5.05,4.93,4.99,228000
PLBC,20121126,3.93,4.05,3.93,4.05,1700
PLCE,20121126,48.96,49.14,47.06,47.76,419800
PLCM,20121126,10.1,10.5,9.94,10.44,2421700
PLNR,20121126,1.21,1.25,1.15,1.21,60200
PLPC,20121126,53.55,53.8,53.16,53.62,10700
PLTM,20121126,13.42,13.42,13.42,13.42,100
PLUG,20121126,0.6,0.7,0.6,0.68,107900
PLUS,20121126,38.46,39.77,38.43,39.52,10200
PLXS,20121126,22.32,22.57,22.1,22.52,302500
PMBC,20121126,6.38,6.39,6.17,6.26,32900
PMCS,20121126,4.89,5.03,4.87,4.99,1399100
PMD,20121126,11.57,11.75,11.57,11.65,7900
PNBK,20121126,13,13,12.5,12.5,205300
PNFP,20121126,18.98,19.14,18.82,19.06,96100
PNNT,20121126,10.43,10.57,10.31,10.57,404400
PNQI,20121126,39.62,39.62,39.28,39.47,10600
PNRA,20121126,163.75,164,159.14,161.91,261200
PNRG,20121126,27.75,27.75,27.75,27.75,100
PNTR,20121126,2.73,2.73,2.73,2.73,0
PODD,20121126,21.96,22.17,21.69,21.93,175300
POOL,20121126,41.95,42.06,41.48,42.02,152400
POPE,20121126,52.28,52.9,52.28,52.9,2700
POWI,20121126,30.57,31.1,30.44,30.84,173800
POWL,20121126,40.02,40.6,39.8,40.31,36200
POZN,20121126,5.42,5.42,5.25,5.3,59800
PPBI,20121126,10.53,10.59,10.4,10.52,6000
PPHM,20121126,0.85,0.93,0.84,0.9,3911000
PRAA,20121126,32.33,32.5567,31.9933,32.15,113900
PRAN,20121126,2.29,2.32,2.16,2.27,45600
PRCP,20121126,5.67,5.67,5.59,5.6,1600
PRFT,20121126,9.78,10.98,9.78,10.73,78800
PRFZ,20121126,66.38,66.74,66.3,66.74,168300
PRGS,20121126,20.04,20.1,19.84,20,496100
PRGX,20121126,6.61,6.9,6.61,6.86,27800
PRIM,20121126,14.48,14.58,14.27,14.46,188100
PRKR,20121126,1.9,1.96,1.86,1.88,169100
PRMW,20121126,1,1.05,1,1.02,48300
PROV,20121126,16,16,15.48,15.67,32800
PRPH,20121126,1.47,1.47,1.37,1.37,33400
PRSC,20121126,12.61,12.86,12.46,12.81,147500
PRSS,20121126,5.58,5.66,5.45,5.49,69200
PRTS,20121126,1.79,1.87,1.79,1.86,10700
PRXI,20121126,26.9,26.9,26.1,26.3,60700
PRXL,20121126,32,32.11,31.49,31.73,657600
PSAU,20121126,37.87,38.29,37.49,37.89,2800
PSBH,20121126,4.55,4.55,4.55,4.55,400
PSCC,20121126,34.6,34.62,34.32,34.62,3400
PSCD,20121126,32.13,32.25,32,32.23,3600
PSCE,20121126,31.94,32.02,31.94,31.94,400
PSCF,20121126,30.11,30.22,30.08,30.22,3200
PSCH,20121126,34.67,34.81,34.55,34.81,3200
PSCI,20121126,30.48,30.52,30.41,30.52,400
PSCM,20121126,27.48,27.48,27.48,27.48,200
PSCT,20121126,28.79,29.09,28.79,29.09,2600
PSCU,20121126,29.34,29.39,29.34,29.37,900
PSDV,20121126,1.38,1.4,1.33,1.36,16700
PSEC,20121126,10.73,10.75,10.66,10.74,2634000
PSEM,20121126,7.35,7.43,7.21,7.31,79400
PSMT,20121126,77.42,78,75.24,76.48,81900
PSTB,20121126,5.07,5.11,4.99,5.09,48100
PSTI,20121126,3.57,3.59,3.47,3.5,308700
PSUN,20121126,1.68,1.72,1.63,1.64,138800
PTEN,20121126,17.5,17.51,17.19,17.24,2278300
PTIE,20121126,2.97,2.98,2.91,2.96,83100
PTNR,20121126,6.21,6.27,6.08,6.27,149900
PTNT,20121126,3.6,3.6,3.4,3.41,39900
PTSI,20121126,9.17,9.18,8.9,8.95,3500
PULB,20121126,8.41,8.69,8.41,8.69,9000
PVTB,20121126,16.22,16.36,16.09,16.36,324600
PVTBP,20121126,25.9,26.08,25.85,25.89,8600
PWOD,20121126,39.25,39.25,38.29,38.91,5000
PWX,20121126,15.2,15.2,14,14.64,700
PXLW,20121126,2.4,2.4,2.38,2.38,8800
PZZA,20121126,25.55,25.665,25.305,25.485,147300
QABA,20121126,25.27,25.27,25.14,25.16,3600
QADA,20121126,12.39,12.64,12.27,12.6,13200
QADB,20121126,12,12.35,12,12.26,2100
QBAK,20121126,1.4,1.44,1.4,1.43,800
QCCO,20121126,3.22,3.49,3.22,3.33,20200
QCLN,20121126,8.46,8.61,8.46,8.59,1800
QCOM,20121126,62.75,63.04,62.04,62.49,11120100
QCRH,20121126,13.28,13.42,13.27,13.31,3600
QDEL,20121126,17.55,17.55,17.1,17.42,33800
QGEN,20121126,18.39,18.43,18.22,18.4,676900
QKLS,20121126,7.52,9.84,6.64,7.84,45800
QLGC,20121126,9.27,9.35,9.16,9.24,748200
QLIK,20121126,18.93,19.17,18.54,19.16,730300
QLTI,20121126,7.82,7.98,7.76,7.98,121700
QLYS,20121126,12.23,12.67,12.01,12.41,87000
QNST,20121126,6.01,6.13,5.99,6.11,74800
QQEW,20121126,25.33,25.45,25.33,25.44,9600
QQQ,20121126,64.77,65.22,64.54,65.18,26430800
QQQC,20121126,13.64,13.64,13.64,13.64,0
QQQX,20121126,15.06,15.28,14.91,15.28,53400
QQXT,20121126,24.19,24.21,24.13,24.16,59900
QSII,20121126,18.18,18.39,18,18.2,285500
QTEC,20121126,24.87,25,24.81,25,12800
QTWW,20121126,3.08,3.24,3.08,3.2,384600
QUIK,20121126,1.97,2.11,1.9,2.1,210800
RADA,20121126,1.11,1.11,1.11,1.11,0
RAIL,20121126,19.84,19.95,19.62,19.9,45500
RAND,20121126,2.26,2.26,2.18,2.19,5600
RAVN,20121126,24.3,25.74,24.3,25.64,243500
RBCAA,20121126,20.99,20.99,20.75,20.84,55700
RBCN,20121126,6.25,6.33,6.18,6.33,117600
RBPAA,20121126,1.33,1.33,1.25,1.25,1200
RCII,20121126,34.46,34.82,33.71,34.3,473700
RCKY,20121126,12.83,12.98,12.83,12.97,9700
RCMT,20121126,5.61,5.65,5.6,5.64,12100
RCON,20121126,1.82,1.82,1.68,1.76,72100
RDCM,20121126,2.67,2.79,2.6,2.79,5700
RDEN,20121126,46.54,47.1,46.37,46.92,96800
RDI,20121126,5.72,5.77,5.66,5.76,25900
RDNT,20121126,2.33,2.48,2.33,2.36,50100
RDWR,20121126,16.55,16.55,16.3,16.365,42100
RECN,20121126,11.33,11.5,11.27,11.45,223200
REDF,20121126,2.5,2.51,2.41,2.45,54900
REFR,20121126,3.61,3.61,3.46,3.48,63500
REGI,20121126,5.25,5.55,5.15,5.5,122000
REGN,20121126,174.88,175.91,170.73,174.39,816500
REIS,20121126,12.04,12.15,11.95,12.15,13500
RELL,20121126,10.85,10.91,10.81,10.83,13500
RELV,20121126,1.28,1.3,1.21,1.26,3100
RENT,20121126,18.6,19.28,18.45,18.73,73200
REXI,20121126,6.68,6.77,6.58,6.76,15400
REXX,20121126,12.66,12.8,12.52,12.59,339400
RFIL,20121126,4.33,4.33,4.15,4.29,2800
RGCO,20121126,18.2,18.75,18.2,18.47,4700
RGEN,20121126,5.94,6.19,5.92,6.19,306800
RGLD,20121126,84.6,84.71,82.57,83.41,974300
RGLS,20121126,4.69,4.79,4.44,4.7,7000
RICK,20121126,8.1,8.25,8.04,8.25,10300
RIGL,20121126,8.31,8.43,8,8.3,154200
RITT,20121126,4.23,4.23,4,4.02,13700
RIVR,20121126,16.51,16.51,16.51,16.51,0
RJET,20121126,5.31,5.35,5.21,5.32,94300
RLJE,20121126,6.3,6.5,6.25,6.28,2800
RLOC,20121126,11.59,12.1,11.5,12.04,28900
RLOG,20121126,6.32,6.44,6.26,6.44,30800
RMBS,20121126,4.69,4.8,4.67,4.8,459100
RMCF,20121126,10.3,10.38,10.29,10.36,33000
RMTI,20121126,7.23,7.31,7.08,7.25,109700
RNET,20121126,18.23,18.75,18.23,18.72,7300
RNST,20121126,17.31,17.39,17.15,17.32,24500
RNWK,20121126,6.97,6.99,6.93,6.97,17300
ROCK,20121126,13.03,13.43,13,13.42,75300
ROIA,20121126,0.82,0.82,0.82,0.82,1000
ROIAK,20121126,0.73,0.75,0.73,0.75,1300
ROIC,20121126,12.33,12.48,12.21,12.43,134300
ROIQW,20121126,0.4,0.4,0.4,0.4,0
ROLL,20121126,45.33,45.66,44.76,45.07,47500
ROSG,20121126,4.88,5.24,4.6,5.14,1432900
ROST,20121126,27.955,28.43,27.9,28.42,2985000
ROVI,20121126,14.73,15.1,14.69,14.82,915000
ROYL,20121126,3.29,3.47,3.29,3.37,149300
RP,20121126,19.51,19.69,19.34,19.67,329400
RPRX,20121126,15.01,15.16,14.56,14.81,157500
RPTP,20121126,4.95,5,4.78,5,265500
RPXC,20121126,8.81,9.38,8.81,9.38,119800
RRD,20121126,9.5,9.59,9.36,9.55,1453500
RRGB,20121126,32.07,32.23,31.78,32.02,160000
RSTI,20121126,19.92,20.36,19.85,20.23,177300
RSYS,20121126,2.06,2.19,2.02,2.19,78300
RTIX,20121126,4.47,4.48,4.3,4.36,111900
RUSHA,20121126,18.81,18.96,18.64,18.91,40300
RUSHB,20121126,15.9,16.1,15.9,16.1,500
RUTH,20121126,7.13,7.24,7.11,7.24,208000
RVLT,20121126,0.54,0.54,0.52,0.53,76300
RVSB,20121126,1.8,1.8,1.7,1.79,2200
RYAAY,20121126,34.38,34.76,34.14,34.43,292300
SAAS,20121126,5.5,5.5,5.41,5.47,133300
SAFM,20121126,48.18,49.38,47.94,49.17,415100
SAFT,20121126,44.3,44.83,44.05,44.53,59000
SAIA,20121126,13.8133,13.98,13.5733,13.7933,55200
SALM,20121126,5.12,5.28,5.05,5.19,37200
SANM,20121126,9.16,9.28,8.96,9.26,506900
SANW,20121126,7.47,7.5,7.41,7.46,5500
SASR,20121126,18.2,18.38,17.93,18.36,28600
SATS,20121126,31.76,31.76,31.42,31.55,153700
SAVE,20121126,16.75,16.75,16.33,16.53,196200
SBAC,20121126,67.52,68.49,67,67.25,923000
SBBX,20121126,5.32,5.32,5.32,5.32,0
SBCF,20121126,7.4,7.6,7.25,7.35,85200
SBGI,20121126,11.66,11.73,11.5,11.6,271400
SBLK,20121126,6.94,8.43,6.85,7.79,63800
SBNY,20121126,71.72,72.15,70.86,71.32,203000
SBNYW,20121126,42.47,42.5,42.47,42.5,5200
SBRA,20121126,21.89,22.08,21.6,21.73,181200
SBSA,20121126,2.5,2.67,2.46,2.65,14100
SBSI,20121126,20.3714,20.5333,20,20.181,52900
SBUX,20121126,25.425,25.515,25.245,25.445,3901100
SCHL,20121126,26.63,27.06,26.24,27,262800
SCHN,20121126,27.73,28.27,27.38,28.27,207500
SCLN,20121126,4.55,4.55,4.25,4.27,646300
SCMP,20121126,4.98,5,4.86,4.94,46800
SCON,20121126,3.48,3.48,3,3.36,1089700
SCOR,20121126,13.41,13.7,13.26,13.7,83000
SCSC,20121126,29.65,29.99,29.35,29.62,58000
SCSS,20121126,25.98,26.68,25.87,26.56,634900
SCVL,20121126,20.66,21.43,20.29,21.31,128800
SEAC,20121126,8.96,9.14,8.96,9.13,81700
SEED,20121126,1.42,1.46,1.42,1.44,52700
SEIC,20121126,22.29,22.46,22.26,22.32,638200
SENEA,20121126,29.34,30,29.04,30,11700
SENEB,20121126,29.92,29.92,29.92,29.92,0
SEV,20121126,3.75,3.75,3.75,3.75,500
SFBC,20121126,10.16,10.16,10.16,10.16,0
SFLY,20121126,27.43,27.58,26.78,27.38,412000
SFNC,20121126,23.37,23.63,23.27,23.47,29400
SFST,20121126,9.45,9.5,9.41,9.41,12400
SGC,20121126,10.74,11.49,10.74,11.49,2100
SGEN,20121126,25.5,25.58,25.19,25.56,330000
SGI,20121126,8.35,8.47,8.32,8.38,135200
SGMA,20121126,4.2,4.26,4.16,4.24,6100
SGMO,20121126,5.35,5.49,5.31,5.47,122900
SGMS,20121126,7.71,7.78,7.64,7.71,339600
SGNT,20121126,14.84,15.14,14.63,14.96,45700
SGOC,20121126,1.18,1.18,1.06,1.07,15400
SGRP,20121126,1.91,1.91,1.91,1.91,0
SGYP,20121126,4.25,4.63,4.19,4.62,479300
SGYPU,20121126,10.05,10.05,10.05,10.05,0
SGYPW,20121126,2.05,2.05,2.05,2.05,2800
SHBI,20121126,5.49,5.52,5.49,5.5,6600
SHEN,20121126,13.2,13.87,13.2,13.72,37400
SHIP,20121126,1.32,1.34,1.21,1.21,4400
SHLD,20121126,47.52,48.3,46.34,46.91,903300
SHLM,20121126,25.26,25.5,25.02,25.41,97100
SHLO,20121126,11.21,11.26,10.85,11.26,4200
SHOO,20121126,29.0267,29.4067,28.8333,29.3933,232200
SHOR,20121126,4.36,4.46,4.36,4.41,117800
SHOS,20121126,31.52,33.21,31.52,32.11,29700
SHPG,20121126,85.7,85.74,84.92,85.32,135300
SIAL,20121126,71.99,72.24,71.69,72.22,302700
SIBC,20121126,12.71,12.95,12.71,12.95,1000
SIEB,20121126,1.5,1.5,1.5,1.5,0
SIFI,20121126,11.13,11.13,11,11.04,6000
SIFY,20121126,1.78,1.81,1.77,1.78,38700
SIGI,20121126,18.36,18.57,18.32,18.55,153000
SIGM,20121126,5.75,5.81,5.71,5.81,85600
SILC,20121126,17.5,17.99,17.5,17.75,14700
SIMO,20121126,13.58,13.6,13.36,13.59,196900
SINA,20121126,46.99,47.9,46.53,47.19,1238200
SINO,20121126,1.57,1.57,1.57,1.57,100
SIRI,20121126,2.76,2.8,2.76,2.76,51314300
SIRO,20121126,62.43,63.11,61.9,62,313200
SIVB,20121126,57.14,57.14,56.02,56.37,300400
SIVBO,20121126,25.47,25.49,25.36,25.36,4200
SKBI,20121126,1.82,1.9,1.82,1.83,2900
SKUL,20121126,7.86,8.26,7.82,8.26,531700
SKYW,20121126,11.16,11.16,10.95,11.13,479900
SKYY,20121126,18.84,18.87,18.71,18.85,19800
SLAB,20121126,41.02,41.98,40.53,41.4,343500
SLGN,20121126,43.73,43.84,43.43,43.55,163200
SLM,20121126,6.0679,6.0714,5.9536,5.9786,2491200
SLMAP,20121126,47.31,48.13,47.31,48.07,2900
SLMBP,20121126,52.05,52.05,52.05,52.05,0
SLP,20121126,4.46,4.46,4.42,4.42,3300
SLRC,20121126,22.73,22.73,22.25,22.6,344200
SLTC,20121126,5.3,5.4,5.21,5.4,3400
SMBC,20121126,12.14,12.14,12,12.05,800
SMCI,20121126,8.59,9.02,8.59,8.8,208300
SMED,20121126,2.57,2.77,2.56,2.61,20600
SMIT,20121126,3,3,3,3,300
SMMF,20121126,4.8,5.02,4.7,4.8,8700
SMRT,20121126,7.4,7.47,7.15,7.36,66900
SMSI,20121126,1.2,1.27,1.2,1.26,35900
SMT,20121126,1.29,1.37,1.29,1.33,120400
SMTC,20121126,24.67,24.94,24.59,24.77,628700
SMTX,20121126,2.43,2.43,2.22,2.38,12600
SNAK,20121126,6.2,6.33,6.15,6.29,41500
SNBC,20121126,15.85,15.95,15.35,15.75,82000
SNCR,20121126,17.51,17.63,17.37,17.5,248000
SNDK,20121126,40.38,40.94,40.1,40.67,3726600
SNFCA,20121126,6.23,6.5,6.11,6.5,140000
SNHY,20121126,25.22,25.3,25.05,25.28,40700
SNMX,20121126,1.73,1.84,1.7,1.71,49700
SNPS,20121126,32.75,32.95,32.56,32.84,861800
SNSS,20121126,4.76,5.07,4.73,5,595100
SNTA,20121126,8.18,8.18,7.94,7.99,272100
SOCB,20121126,4.62,4.75,4.58,4.7,8300
SOCL,20121126,12.41,12.63,12.41,12.57,3800
SODA,20121126,36,36.2,35.12,35.37,557700
SOFO,20121126,7.15,7.15,7.06,7.06,700
SOHU,20121126,37.75,38.6,37.41,38.48,498400
SONA,20121126,8.14,8.2,8.14,8.15,1000
SONC,20121126,9.73,9.97,9.67,9.85,428400
SONS,20121126,7.15,7.2,7.05,7.1,648000
SORL,20121126,2.53,2.72,2.5,2.7,13900
SOXX,20121126,50.17,50.56,50.06,50.43,77300
SPAN,20121126,19,19.12,18.97,19,3400
SPAR,20121126,4.74,4.79,4.65,4.7,60700
SPEX,20121126,8.24,8.4,8.24,8.4,200
SPIL,20121126,5.26,5.32,5.22,5.25,604200
SPLK,20121126,28.6,28.99,28.19,28.8,698400
SPLS,20121126,11.9,11.95,11.7,11.78,8241900
SPNC,20121126,14.36,14.64,14.36,14.63,202900
SPNS,20121126,3.63,3.65,3.5,3.61,57100
SPPI,20121126,11.26,11.34,11.1,11.28,658800
SPRO,20121126,1.54,1.54,1.5,1.5,8200
SPRT,20121126,4.25,4.39,4.25,4.32,147800
SPSC,20121126,34.65,36,34.65,35.48,45000
SPTN,20121126,14.36,14.45,14.25,14.44,36100
SPU,20121126,1.7,1.78,1.68,1.76,18200
SPWR,20121126,4.08,4.18,4.05,4.14,517000
SQI,20121126,14.34,14.53,14.25,14.43,70300
SQNM,20121126,4.47,4.6,4.33,4.51,3989300
SQQQ,20121126,170.04,171.88,166.68,166.84,1491700
SRCE,20121126,21.01,21.15,20.79,21.15,12300
SRCL,20121126,91.85,93.34,91.64,92.45,278800
SRDX,20121126,19.4,19.48,18.24,18.58,74900
SREV,20121126,4.57,4.65,4.51,4.54,457300
SRPT,20121126,30.1,31.44,29.8,31.01,2193200
SSBI,20121126,7.15,7.43,6.67,7.07,22900
SSFN,20121126,4.32,4.32,4.32,4.32,0
SSH,20121126,6.34,6.72,6.25,6.56,87000
SSNC,20121126,22.59,22.75,22.49,22.7,76000
SSRI,20121126,14.15,14.17,13.81,14.13,351200
SSYS,20121126,71.5,76.48,71.14,75.97,1318400
STAA,20121126,5.33,5.39,5.33,5.38,43900
STB,20121126,6.45,6.54,6.45,6.49,94800
STBA,20121126,16.77,17.06,16.75,16.85,110500
STBZ,20121126,15.77,15.95,15.71,15.89,49000
STEM,20121126,1.88,1.98,1.85,1.93,604300
STFC,20121126,14.48,14.48,14,14.17,24000
STKL,20121126,6.39,6.42,6.24,6.32,79500
STLD,20121126,12.91,12.95,12.75,12.91,1522400
STLY,20121126,4.21,4.21,4.1,4.11,20700
STMP,20121126,25.54,25.72,25.14,25.6,69200
STNR,20121126,46.14,46.99,45.84,46.86,33400
STPP,20121126,34.34,34.39,34.34,34.39,200
STRA,20121126,49.19,50.42,48.28,49.11,240100
STRL,20121126,8.06,8.19,8.04,8.13,34200
STRM,20121126,4.98,5.1,4.92,5.05,15100
STRS,20121126,9.39,9.39,9.39,9.39,0
STRT,20121126,22.7,23.23,22.59,23.21,5300
STX,20121126,27.24,27.43,26.92,27.34,5951800
STXS,20121126,1.41,1.52,1.41,1.45,56800
SUBK,20121126,12.71,12.93,12.59,12.89,19800
SUMR,20121126,1.65,1.76,1.57,1.75,117100
SUNS,20121126,18,18.53,17.88,18.03,74100
SUPN,20121126,11.7,12.18,11.25,11.39,130600
SURG,20121126,4.04,4.36,4.01,4.36,36900
SVA,20121126,2.77,2.79,2.7,2.72,71200
SVBI,20121126,3.25,3.3,3.2,3.3,2300
SVVC,20121126,17.96,18.3,17.96,18.2,60200
SWHC,20121126,9.76,9.9,9.71,9.86,1399400
SWIR,20121126,8.1,8.12,7.96,8.02,15800
SWKS,20121126,21.65,21.93,21.54,21.63,2495700
SWSH,20121126,13.5,14.1,13.4,13.8,255000
SYBT,20121126,21.97,21.97,21.48,21.78,24100
SYKE,20121126,14.47,14.55,14.3,14.53,118800
SYMC,20121126,18.4,18.43,18.19,18.3,4161900
SYMX,20121126,1.15,1.2,1.1,1.2,11100
SYNA,20121126,25.54,25.99,25.31,25.99,188100
SYNC,20121126,4.91,5.15,4.8,5.08,1197900
SYNL,20121126,13.66,13.66,13.55,13.55,400
SYNT,20121126,30.745,30.89,30.075,30.61,65600
SYPR,20121126,3.83,4.01,3.77,3.91,36700
SYUT,20121126,4.62,4.85,4.53,4.77,19900
SZYM,20121126,6.89,6.99,6.48,6.49,857900
TACT,20121126,7.66,7.72,7.47,7.68,6800
TAIT,20121126,1,1,1,1,3000
TASR,20121126,8.04,8.58,7.89,8.54,926700
TAST,20121126,6.37,6.48,6.26,6.47,43400
TATT,20121126,5.65,6.52,5.65,6.05,26000
TAX,20121126,14,14.02,13.5,13.76,9800
TAXI,20121126,11.73,11.98,11.7,11.96,67700
TAYD,20121126,7.4,7.4,7.24,7.37,3200
TBBK,20121126,11.46,11.52,11.33,11.41,80700
TBNK,20121126,22.41,22.92,22.4,22.9,9700
TCBI,20121126,44.84,44.92,43.63,44.5,501900
TCBIL,20121126,25.3,25.55,25.27,25.46,8800
TCBK,20121126,15.68,15.84,15.44,15.7,8800
TCCO,20121126,5.79,5.79,5.43,5.73,300
TCPC,20121126,15.03,15.25,14.98,15.03,74900
TCRD,20121126,14.44,14.56,14.17,14.44,240100
TCX,20121126,5.8,5.8,5.6,5.64,132400
TDIV,20121126,18.93,18.97,18.81,18.97,24800
TEAR,20121126,4.61,4.65,4.44,4.61,77300
TECD,20121126,44.25,44.46,43.56,43.87,312900
TECH,20121126,72.06,72.81,70.9,72.07,175500
TESO,20121126,10.42,10.51,10.21,10.4,136600
TESS,20121126,20.76,21.34,20.76,21.21,17800
TFM,20121126,62.23,62.4,61.1,61.38,365100
TFSL,20121126,8.34,8.35,8.2,8.26,146500
TGA,20121126,11.1,11.13,10.33,10.49,114800
THFF,20121126,28.7,29.01,28.48,28.94,14500
THLD,20121126,4.54,4.59,4.37,4.46,409700
THOR,20121126,38,38.43,37.14,37.78,705700
THRM,20121126,12.02,12.04,11.93,12,40700
THRX,20121126,21.56,21.66,20.95,21.28,220800
THTI,20121126,1.04,1.04,1.04,1.04,1000
TICC,20121126,9.88,9.93,9.82,9.91,329100
TIGR,20121126,1.79,1.99,1.79,1.97,2500
TINY,20121126,3.36,3.37,3.25,3.32,90300
TISA,20121126,3.68,3.84,3.68,3.8,17300
TITN,20121126,21.55,22.44,21.55,22.36,236100
TIVO,20121126,10.14,10.24,10.06,10.15,1543200
TLF,20121126,5.22,5.25,5.2,5.25,6000
TNAV,20121126,7.5,7.95,7.5,7.94,79400
TNGO,20121126,13.15,13.17,12.91,13.07,140900
TOPS,20121126,7.63,7.63,7.63,7.63,100
TORM,20121126,12,12,11.35,11.35,4000
TOWN,20121126,14.3,14.66,14.25,14.65,18000
TQQQ,20121126,25.15,25.675,24.9,25.65,2051400
TRAK,20121126,25.59,25.89,25.29,25.87,272200
TREE,20121126,16.78,16.96,16.36,16.48,33700
TRIB,20121126,14.02,14.2,14.01,14.16,28300
TRIP,20121126,38,38.09,37.46,37.91,767600
TRMB,20121126,27.28,27.425,27.08,27.36,385300
TRMK,20121126,22.32,22.46,22.18,22.45,238900
TRNS,20121126,6.33,6.33,5.89,6.21,34300
TRNX,20121126,16.51,16.79,16.28,16.62,94300
TROV,20121126,4.25,4.3,4.11,4.11,15800
TROVW,20121126,1.1,1.11,1.05,1.1,18500
TROW,20121126,65.29,65.44,64.54,64.95,1405600
TRS,20121126,24.01,24.79,24.01,24.65,157100
TRST,20121126,5.26,5.28,5.24,5.28,149900
TSBK,20121126,5.9,5.94,5.87,5.94,7600
TSCO,20121126,45.25,45.77,44.575,44.885,500700
TSEM,20121126,8.4,8.64,8.4,8.57,50600
TSLA,20121126,32.11,32.3,31.62,32.27,496200
TSRA,20121126,14.92,15.02,14.81,15,162000
TSRI,20121126,4.9,4.95,4.85,4.9,5600
TSRO,20121126,17.45,17.63,17.05,17.63,50600
TST,20121126,1.61,1.66,1.61,1.65,32200
TSYS,20121126,2.27,2.32,2.21,2.27,259800
TTEC,20121126,16.67,16.91,16.55,16.91,83800
TTEK,20121126,25.03,25.19,24.96,25.03,220800
TTGT,20121126,4.7,4.79,4.66,4.78,10000
TTHI,20121126,2.1,2.11,1.96,2.11,17400
TTMI,20121126,8.83,8.97,8.7,8.74,262000
TTS,20121126,14.65,15.63,14.65,15.38,124000
TTWO,20121126,12.39,12.48,12.24,12.39,1606800
TUES,20121126,5.95,5.95,5.71,5.88,146700
TW,20121126,51.25,52,51.05,51.98,430000
TWER,20121126,2.75,3,2.73,2.97,432700
TWIN,20121126,15.87,16.84,15.87,16.84,52400
TWMC,20121126,3.38,3.5,3.29,3.47,16600
TXN,20121126,29.53,29.78,29.29,29.63,6133400
TXRH,20121126,16.56,16.69,16.52,16.58,594700
TYPE,20121126,15.13,15.13,14.77,15.06,86300
TZOO,20121126,17.18,17.71,17.09,17.7,379500
UACL,20121126,15.31,15.65,15.05,15.25,24500
UBCP,20121126,6.4,6.8,6.4,6.41,3500
UBFO,20121126,2.76,2.84,2.75,2.84,1100
UBNK,20121126,15.5,15.56,15.25,15.42,56900
UBNT,20121126,12.05,12.28,11.91,12.03,149500
UBOH,20121126,9.37,9.46,9.37,9.43,1800
UBSH,20121126,14.77,15.25,14.62,15.2,117000
UBSI,20121126,24.9,24.98,24.68,24.89,167800
UCBA,20121126,6.15,6.65,6.15,6.58,11400
UCBI,20121126,8.62,8.84,8.61,8.75,342500
UCFC,20121126,3.05,3.16,2.94,3.05,20700
UCTT,20121126,4.9,4.93,4.76,4.85,89600
UEIC,20121126,16.75,17.1,16.75,17.05,71400
UEPS,20121126,7.93,7.96,7.86,7.94,98500
UFCS,20121126,20.17,20.43,20.09,20.38,31900
UFPI,20121126,37.75,37.78,36.63,37.75,57300
UFPT,20121126,15.97,16.09,15.79,16.08,6300
UG,20121126,17.61,17.65,17.43,17.6,4500
UHAL,20121126,114.74,116.16,112.88,115.34,31700
ULBI,20121126,2.96,2.96,2.78,2.79,7300
ULTA,20121126,92.17,93.1,90.93,92.93,523900
ULTI,20121126,91.5,92.73,91.17,92.38,148000
ULTR,20121126,1.57,1.59,1.55,1.55,8000
UMBF,20121126,42.65,42.83,42.56,42.67,145900
UMPQ,20121126,11.72,11.91,11.65,11.9,414600
UNAM,20121126,13.12,13.12,13.03,13.12,5500
UNB,20121126,19.64,19.65,19.6,19.65,1200
UNFI,20121126,52.41,52.54,51.05,51.7,263100
UNIS,20121126,2.45,2.45,2.34,2.4,234300
UNTD,20121126,5.38,5.43,5.29,5.39,330800
UNTY,20121126,6.02,6.18,5.93,6.04,5200
UNXL,20121126,7.02,7.1,6.95,7.06,22000
UPIP,20121126,1.26,1.33,1.26,1.31,161800
URBN,20121126,37.87,38.44,37.75,38.34,2772500
URRE,20121126,3.7,3.7,3.5,3.6,151300
USAK,20121126,3.04,3.07,3.01,3.02,3900
USAP,20121126,32.76,32.82,31.59,32.42,43100
USAT,20121126,1.5,1.61,1.5,1.59,202100
USATP,20121126,16,16.25,16,16.25,300
USBI,20121126,5.32,5.58,5.32,5.58,400
USCR,20121126,7.66,7.7,7.51,7.65,8100
USEG,20121126,1.64,1.66,1.61,1.62,25700
USLM,20121126,43.7,43.7,42.3,43.21,5800
USMD,20121126,11.73,11.73,11.51,11.55,800
UTEK,20121126,30.44,32.18,30.44,32.03,366600
UTHR,20121126,53.4,54,52.89,53.95,1013400
UTIW,20121126,13.82,14.09,13.71,14.04,476800
UTMD,20121126,35.21,35.28,34.89,35.18,6600
UTSI,20121126,2.79,2.82,2.73,2.82,106700
UVSP,20121126,16.14,16.25,16.11,16.24,11600
VALU,20121126,8.99,9.21,8.92,9.13,7600
VASC,20121126,14.31,14.51,14.25,14.37,54800
VBFC,20121126,13.76,13.76,13.76,13.76,0
VCIT,20121126,88.42,88.49,88.2,88.22,355500
VCLT,20121126,93.36,93.37,93.01,93.09,77100
VCSH,20121126,80.44,80.45,80.32,80.42,342800
VDSI,20121126,7.65,7.76,7.53,7.7,172300
VECO,20121126,27.63,27.68,26.91,27.32,655600
VGIT,20121126,66.42,66.42,66.38,66.42,2200
VGLT,20121126,77.62,77.75,77.45,77.45,2500
VGSH,20121126,60.96,60.96,60.94,60.96,25300
VIA,20121126,50.94,50.96,50.51,50.96,16100
VIAB,20121126,50.25,50.44,49.82,50.13,2848000
VICL,20121126,2.87,2.98,2.81,2.91,2590000
VICR,20121126,5.4,5.45,5.32,5.34,73300
VIMC,20121126,1.31,1.36,1.31,1.32,13700
VIRC,20121126,2.3,2.31,2.3,2.31,2000
VISN,20121126,4.2,4.6,4,4.2,21200
VIVO,20121126,20.41,20.52,20.3,20.52,189400
VLGEA,20121126,35.53,36.2,34.94,35.94,7400
VMBS,20121126,52.47,52.48,52.4,52.46,15700
VNDA,20121126,3.31,3.38,3.25,3.34,68700
VNET,20121126,10.05,10.2,9.77,9.81,55300
VNQI,20121126,53.25,53.58,53.12,53.56,52200
VOD,20121126,25.34,25.37,25.19,25.25,4967500
VONE,20121126,64.34,64.52,64.16,64.52,9200
VONG,20121126,66.78,66.95,66.78,66.95,3200
VONV,20121126,62.05,62.22,62.04,62.22,5300
VOXX,20121126,6.18,6.24,6.06,6.14,55000
VRA,20121126,27.71,28.42,27.58,28.42,348800
VRML,20121126,1.21,1.24,1.17,1.19,35300
VRNT,20121126,25.88,26.14,25.88,26.12,65000
VRSK,20121126,48.02,48.58,48.01,48.52,755900
VRSN,20121126,40.16,40.31,39.43,39.69,3766900
VRTA,20121126,4.52,4.52,4.52,4.52,0
VRTB,20121126,5.64,5.88,5.64,5.88,300
VRTS,20121126,110.1,112.68,110.06,112.53,49200
VRTU,20121126,15.13,15.66,15.13,15.66,62000
VRTX,20121126,41.39,41.46,40.26,40.5,2009000
VSAT,20121126,35.8,35.94,35.5,35.68,207000
VSCP,20121126,6.6,6.8,6.6,6.8,1200
VSEC,20121126,22.71,22.71,22.14,22.4,13400
VSTM,20121126,6.81,6.81,6.47,6.47,10900
VTHR,20121126,64.13,64.13,64.13,64.13,200
VTIP,20121126,50.05,50.05,50.03,50.04,39200
VTWG,20121126,66.51,66.71,66.44,66.71,6600
VTWO,20121126,64.32,64.57,64.18,64.57,6100
VTWV,20121126,62.23,62.27,62.15,62.15,2900
VVUS,20121126,11.35,11.44,10.88,11.16,4537900
VXUS,20121126,44.99,45.07,44.85,45.07,323300
WABC,20121126,42.92,42.97,42.38,42.49,142100
WAFD,20121126,16.36,16.45,16.24,16.3,398800
WAFDW,20121126,4,4,4,4,0
WASH,20121126,24.74,25,24.55,24.96,26800
WAVX,20121126,2.52,2.6,2.4,2.4,157600
WAYN,20121126,9.25,9.25,9.25,9.25,0
WBKC,20121126,17.7,17.7,17.7,17.7,100
WBMD,20121126,14.03,14.17,13.68,13.81,147100
WDC,20121126,35.05,35.83,34.77,35.81,2800700
WDFC,20121126,47.51,47.54,46.93,47.38,33200
WEBK,20121126,15.25,15.25,15.25,15.25,0
WEN,20121126,4.67,4.72,4.6,4.69,3581300
WERN,20121126,22.97,23.23,22.91,23.05,498300
WETF,20121126,6.13,6.14,6.02,6.12,465000
WEYS,20121126,23.39,23.77,23.39,23.71,12600
WFD,20121126,6.71,6.89,6.57,6.86,321200
WFM,20121126,47.5,47.5,45.77,46.075,2395700
WHLR,20121126,5.99,6,5.7,5.94,21100
WIBC,20121126,5.88,5.93,5.87,5.88,143500
WIFI,20121126,7.2,7.23,7.11,7.14,60300
WILC,20121126,4.12,4.12,4.07,4.08,7100
WILN,20121126,4.8,4.8,4.7,4.7,45200
WIN,20121126,8.32,8.34,8.26,8.27,4773900
WINA,20121126,54.94,55.75,54.94,55.63,4700
WIRE,20121126,30.08,30.99,30.08,30.6,62100
WLB,20121126,9,9.21,9,9.15,18100
WLDN,20121126,2.15,2.15,2.05,2.06,9400
WLFC,20121126,14.25,14.34,14.13,14.31,16600
WMAR,20121126,10.3,10.3,10.02,10.18,18100
WMGI,20121126,21.23,21.48,21.02,21.46,214200
WOOD,20121126,41.89,41.94,41.67,41.94,53300
WOOF,20121126,20.22,20.38,20.19,20.38,463300
WPCS,20121126,83.16,98.56,80.08,80.08,65000
WPPGY,20121126,67.63,67.85,67.44,67.73,43700
WPRT,20121126,25.39,26.78,25.39,26.7,764500
WRES,20121126,2.72,2.74,2.66,2.7,214800
WRLD,20121126,70.5,72.84,70.34,72.62,156800
WSBC,20121126,21.26,21.4,21.15,21.26,43400
WSBF,20121126,5.49,5.78,5.39,5.66,21700
WSCI,20121126,6.9,6.9,6.8,6.85,1100
WSFS,20121126,14.4667,14.5067,14.2233,14.3933,7900
WSFSL,20121126,25.86,25.86,25.6,25.6,1500
WSTG,20121126,12.17,12.18,12.07,12.15,3700
WSTL,20121126,1.91,2,1.89,1.97,116700
WTBA,20121126,10.34,10.4,10.3,10.38,13400
WTFC,20121126,36.88,37.03,36.55,36.8,107000
WTFCW,20121126,17,17,17,17,0
WVFC,20121126,8.27,8.27,8.27,8.27,0
WVVI,20121126,3.74,3.74,3.59,3.6,7000
WWD,20121126,36.19,36.44,35.4,35.65,382500
WWWW,20121126,14.81,14.81,14.45,14.57,123200
WYNN,20121126,108.98,109.18,106.63,107.57,1192500
XBKS,20121126,4.55,4.6,4.55,4.57,12000
XLNX,20121126,34.13,34.46,34.05,34.28,1765700
XNPT,20121126,7.24,7.41,7.24,7.36,104000
XOMA,20121126,2.81,3.01,2.81,2.98,858000
XPLR,20121126,3.83,4,3.78,3.99,39300
XRAY,20121126,39.28,39.28,38.89,39.22,326000
XXIA,20121126,14.72,15,14.47,14.9,199200
YHOO,20121126,18.89,19,18.7,18.75,34042600
YNDX,20121126,22.3,22.4,21.96,22.01,1391600
YOD,20121126,2.78,2.79,2.34,2.5,44600
YORW,20121126,17.12,17.28,17.11,17.19,23200
YRCW,20121126,7.09,7.49,7.05,7.08,70600
YY,20121126,11.5,11.5,10.81,11.3,257200
Z,20121126,25.77,26.34,25.21,26.23,626400
ZAGG,20121126,6.61,7.24,6.61,7.22,1446100
ZAZA,20121126,19,19,17.5,18.1,218100
ZBRA,20121126,38.72,39.35,38.67,38.89,72700
ZEUS,20121126,18.35,18.73,18.29,18.67,23700
ZGNX,20121126,20.72,21.92,20.64,21.84,899500
ZHNE,20121126,0.48,0.48,0.44,0.47,39000
ZINC,20121126,8.82,9.17,8.81,9.16,158800
ZION,20121126,20.62,20.77,20.46,20.71,3013200
ZIONW,20121126,2.84,2.9,2.65,2.76,37600
ZIOP,20121126,4.41,4.56,4.38,4.5,627800
ZIXI,20121126,2.64,2.73,2.62,2.66,276100
ZLTQ,20121126,4.8,5.09,4.29,4.98,109500
ZN,20121126,1.85,1.88,1.81,1.83,79000
ZNGA,20121126,2.3,2.45,2.24,2.4,18896900
ZUMZ,20121126,20.49,20.49,19.39,19.73,510800
