AAME,20120615,2.7,2.72,2.67,2.72,10100
AAON,20120615,8.6667,9.0445,8.6667,8.9911,97900
AAPL,20120615,81.5714,82.0886,81.3643,82.0186,11973300
AAWW,20120615,42.95,43.2,41.53,42.44,275100
AAXJ,20120615,52.01,52.48,51.79,52.43,920100
ABAX,20120615,34.12,34.59,34.12,34.49,172100
ABCB,20120615,11.76,11.95,11.53,11.9,107600
ABCD,20120615,1.13,1.21,1.06,1.19,65000
ABCO,20120615,48.025,48.385,47.89,48.005,207100
ABIO,20120615,3.18,3.18,3,3.06,10200
ABMD,20120615,21.44,22.27,21.15,22.15,547200
ABTL,20120615,3.8,3.9,3.75,3.9,37000
ACAD,20120615,1.42,1.56,1.42,1.49,636800
ACAS,20120615,9.25,9.45,9.2,9.43,2803900
ACAT,20120615,33.82,34.83,33.55,34.49,266400
ACET,20120615,8.36,8.48,8.34,8.4,180400
ACFC,20120615,2.4,2.4,2.4,2.4,200
ACGL,20120615,37.52,37.67,37.04,37.1,864700
ACHC,20120615,16.83,17.01,16.63,16.94,321900
ACHN,20120615,6.77,6.81,6.4,6.67,1268800
ACIW,20120615,13.24,13.66,13.2233,13.5167,487600
ACLS,20120615,1.15,1.2,1.15,1.2,457800
ACNB,20120615,14.55,14.55,14.4,14.51,2000
ACOR,20120615,22.81,23.78,22.73,23.7,471700
ACPW,20120615,4.25,4.55,4.15,4.4,605100
ACRX,20120615,3.15,3.15,2.77,3.04,9700
ACTG,20120615,33.81,35.23,33.71,35.05,309400
ACTS,20120615,1.64,1.69,1.56,1.56,121700
ACUR,20120615,2.97,3.06,2.94,3.03,48800
ACWI,20120615,43.25,43.61,43.21,43.56,636000
ACWX,20120615,36.55,36.73,36.45,36.7,245300
ACXM,20120615,13.14,13.35,13.09,13.31,846800
ADAT,20120615,1.4,1.48,1.34,1.38,235800
ADBE,20120615,31.75,32.42,31.44,32.39,5442500
ADEP,20120615,4.53,4.75,4.41,4.6,14800
ADI,20120615,36.61,36.95,36.34,36.91,2958400
ADP,20120615,47.9281,48.3759,47.7524,48.3232,2727700
ADRA,20120615,22.69,23.05,22.66,23.05,2500
ADRD,20120615,18.19,18.19,18.16,18.19,1400
ADRE,20120615,36.67,36.91,36.63,36.89,22800
ADRU,20120615,17.91,17.91,17.91,17.91,300
ADSK,20120615,32.03,33.43,31.94,33.37,3168400
ADTN,20120615,29,29.4,28.72,29.32,581800
ADUS,20120615,4.18,4.38,4.1,4.38,4300
AEGN,20120615,15.52,16.1,15.33,15.91,505100
AEGR,20120615,14.64,14.85,14.47,14.72,221400
AEHR,20120615,1.3,1.3,1.23,1.29,1700
AEIS,20120615,13.43,13.73,13.24,13.6,372800
AEPI,20120615,36.66,37.57,36.55,36.61,111800
AETI,20120615,4.42,4.59,4.31,4.53,11800
AEY,20120615,2.09,2.18,2.07,2.18,700
AEZS,20120615,2.52,2.7,2.46,2.7,708500
AFAM,20120615,21.11,21.32,20.89,21.08,55400
AFCB,20120615,15.12,15.12,15.12,15.12,0
AFFX,20120615,5.05,5.16,4.98,5.09,801100
AFOP,20120615,4.115,4.315,4.025,4.31,5800
AFSI,20120615,29.28,29.83,29.28,29.44,258500
AGEN,20120615,5.34,5.35,4.95,5.29,164900
AGII,20120615,28.49,28.88,28.32,28.79,236100
AGNC,20120615,33.74,33.75,33.5,33.6,10308500
AGNCP,20120615,25.57,25.62,25.56,25.6,16400
AGYS,20120615,7.39,7.91,7.32,7.87,116600
AHGP,20120615,38.18,38.96,37.91,38.49,606800
AHPI,20120615,3.23,3.23,3.23,3.23,200
AIMC,20120615,15.8,16.46,15.76,16.42,275700
AINV,20120615,7.49,7.55,7.41,7.51,2728900
AIRM,20120615,29.5233,30.6967,29.42,30.6367,191300
AIRT,20120615,8.03,8.27,8.03,8.12,2600
AIXG,20120615,14.11,14.47,14.07,14.46,82700
AKAM,20120615,29.96,31.21,29.88,31.14,4220200
AKRX,20120615,14.42,14.81,14.3,14.6,2256500
ALCO,20120615,23.61,25.22,23.43,24.94,56800
ALGN,20120615,31.05,31.81,30.96,31.74,811800
ALGT,20120615,66.5,67.35,65.25,65.3,151600
ALIM,20120615,2.76,2.83,2.73,2.79,110200
ALKS,20120615,15.99,16.01,15.65,15.68,1761000
ALLB,20120615,11.95,11.95,11.55,11.55,19900
ALLT,20120615,26.81,26.95,26.45,26.77,365900
ALNY,20120615,11.6,11.83,11.38,11.58,516800
ALOG,20120615,60.54,62.97,60.52,62.27,101000
ALOT,20120615,8.22,8.22,8.22,8.22,100
ALSK,20120615,2.13,2.14,1.97,1.97,2455000
ALTR,20120615,32.67,33.2,32.59,33.06,4123000
ALXA,20120615,2.83,2.87,2.64,2.75,192600
ALXN,20120615,93.31,94.38,92.55,93.31,3724900
AMAG,20120615,14.8,15.17,14.66,15.13,184000
AMAT,20120615,10.83,11.02,10.67,10.99,18900700
AMCC,20120615,5.4,5.46,5.28,5.44,580300
AMCN,20120615,2.55,2.9,2.55,2.79,164000
AMCX,20120615,38.49,38.69,38.1,38.47,376500
AMD,20120615,5.77,5.88,5.73,5.87,9299300
AMED,20120615,11.9,12.12,11.68,11.99,530100
AMGN,20120615,70.77,71.39,70.52,71.29,8430900
AMIC,20120615,4.5,4.5,4.2,4.2,29300
AMKR,20120615,4.48,4.59,4.46,4.58,1270400
AMNB,20120615,22.59,22.75,22.41,22.53,24100
AMOT,20120615,6.04,6.18,6.04,6.06,4600
AMOV,20120615,24.01,24.12,23.82,24.12,6000
AMRB,20120615,7.2,7.35,7.2,7.35,3200
AMRI,20120615,2.58,2.6,2.53,2.58,196000
AMRN,20120615,11.86,12,11.65,11.84,2999600
AMRS,20120615,2.6,2.69,2.55,2.66,460100
AMSC,20120615,37.6,38.9,37.2,38.8,618100
AMSF,20120615,26.77,26.87,26.58,26.79,92200
AMSG,20120615,28.74,29.3,28.61,29.15,244700
AMSWA,20120615,8.46,8.53,8.35,8.38,92700
AMWD,20120615,15.93,16.25,15.72,16.12,70500
AMZN,20120615,215.29,219.33,214.46,218.35,3788000
ANAC,20120615,4.81,5.06,4.81,4.95,93100
ANAD,20120615,1.66,1.85,1.65,1.82,1106000
ANAT,20120615,69.99,71,69.23,70.08,27100
ANCB,20120615,10.54,10.54,10.54,10.54,100
ANCI,20120615,1.71,1.71,1.65,1.65,6500
ANCX,20120615,12.4,12.72,12.13,12.4,39900
ANDE,20120615,27.98,28.6,27.9667,28.5067,136000
ANGI,20120615,14.46,14.7,14.35,14.56,264100
ANGO,20120615,12.07,12.31,12.03,12.27,107000
ANIK,20120615,13.42,13.99,13.01,13.82,100700
ANSS,20120615,62.84,64.61,62.84,64.19,536200
ANTH,20120615,17.6,22.56,17.44,21.92,1553300
AOSL,20120615,9.08,9.39,8.99,9.36,55200
APEI,20120615,29.55,29.78,29.26,29.28,195400
APOG,20120615,15.03,15.21,14.93,15.01,201200
APOL,20120615,33.15,33.27,32.54,33.12,2798000
APPY,20120615,3.24,3.24,3,3.12,80400
APRI,20120615,3.05,3.13,3.01,3.1,109700
APWC,20120615,2.45,2.94,2.25,2.7,6900
ARAY,20120615,6.03,6.12,5.96,5.99,554200
ARCC,20120615,15.3,15.34,15.15,15.3,1111000
ARCI,20120615,3.99,3.99,3.98,3.98,2800
ARCW,20120615,1.24,1.24,1.24,1.24,0
AREX,20120615,24.37,24.78,24.11,24.5,648500
ARIA,20120615,17.19,17.82,17.05,17.79,4055800
ARII,20120615,25.41,26.08,25.13,25.25,206900
ARKR,20120615,14,14.2,13.86,14.16,2300
ARLP,20120615,27.365,27.75,27.23,27.44,149100
ARMH,20120615,22.76,23.26,22.67,23.22,3054100
ARNA,20120615,8.27,8.47,8.1,8.4,26307400
AROW,20120615,24.07,24.44,23.94,24.19,72800
ARQL,20120615,6.38,6.47,5.93,6.03,1189000
ARRS,20120615,13.26,13.32,13.14,13.27,1375200
ARRY,20120615,3.2,3.23,3.12,3.21,829400
ARTNA,20120615,19.62,19.62,19.45,19.58,26600
ARTW,20120615,7.21,7.21,7.04,7.13,2600
ARTX,20120615,0.92,0.92,0.91,0.91,9800
ARWR,20120615,3.13,3.34,3.13,3.31,18500
ASBB,20120615,14.05,14.09,14.05,14.09,500
ASBI,20120615,6.19,6.19,5.65,6.01,500
ASCMA,20120615,50.1,50.55,50,50.28,59300
ASEI,20120615,51.95,52.24,51.59,51.61,78200
ASFI,20120615,8.6,8.86,8.56,8.8,37700
ASML,20120615,49.36,50.03,49.31,49.93,1231900
ASNA,20120615,19.22,19.68,18.71,19.51,3044700
ASPS,20120615,65.54,67.56,63.76,67.4,88800
ASRV,20120615,2.64,2.75,2.61,2.61,12600
ASRVP,20120615,26.5,26.5,26.5,26.5,200
ASTC,20120615,1.08,1.1,1.07,1.08,29100
ASTE,20120615,27.69,28.86,27.66,28.55,222500
ASTI,20120615,7.1,7.3,6.9,6.9,133900
ASUR,20120615,4.17,4.37,4.15,4.26,11800
ASYS,20120615,4.59,4.63,4.38,4.38,180800
ATAI,20120615,4.35,4.36,3.09,3.18,41300
ATAX,20120615,5.35,5.41,5.28,5.33,151300
ATEC,20120615,1.64,1.69,1.64,1.68,188700
ATHN,20120615,81.68,84.59,80.72,84.13,482200
ATHX,20120615,1.4,1.45,1.38,1.4,51500
ATLO,20120615,22.19,23,21.91,23,31200
ATML,20120615,6.69,7.01,6.66,6.98,5044500
ATNI,20120615,34.02,35.09,33.88,35,82900
ATNY,20120615,3.4,3.6,3.37,3.6,97700
ATRC,20120615,9.06,9.23,9,9.2,129900
ATRI,20120615,199.2,200.22,197.99,199.65,8300
ATRM,20120615,6.8,6.8,6.4,6.5,8300
ATRO,20120615,21.3417,22.75,21.2083,22.5667,97300
ATRS,20120615,3.41,3.41,3.25,3.3,756400
ATSG,20120615,5.04,5.1,4.97,5.06,222100
ATVI,20120615,11.5,11.73,11.39,11.44,14628000
AUBN,20120615,22.55,23.23,22.04,22.75,4300
AUDC,20120615,2.03,2.05,2,2.02,69800
AVAV,20120615,23.54,23.7,23.3,23.54,112800
AVEO,20120615,11.14,11.84,11.14,11.69,773100
AVGO,20120615,33.36,34.34,33.34,34.07,1828800
AVHI,20120615,12,12.33,11.95,12.26,51100
AVID,20120615,6.72,6.84,6.72,6.79,322800
AVNW,20120615,2.77,2.88,2.74,2.88,271900
AWAY,20120615,21.07,21.35,20.72,21.19,484400
AWRE,20120615,5.64,5.85,5.64,5.79,60800
AXAS,20120615,2.89,3.45,2.57,3.16,10712600
AXTI,20120615,3.8,3.85,3.76,3.76,182900
AZPN,20120615,22.1,22.41,22.08,22.24,1479200
BABY,20120615,10.08,10.38,9.96,10.37,390300
BAMM,20120615,3.15,3.19,3.11,3.11,6500
BANF,20120615,39.44,40.55,39.22,40.26,32100
BANFP,20120615,26.56,26.56,26.55,26.55,200
BANR,20120615,19.39,19.66,19.08,19.61,122600
BASI,20120615,0.88,0.88,0.88,0.88,2600
BBBY,20120615,72.15,73.88,72.06,72.67,4627000
BBCN,20120615,10.6,10.95,10.52,10.86,1006000
BBEP,20120615,17.04,17.04,16.66,16.77,422100
BBGI,20120615,5.75,6.04,5.44,5.64,12100
BBOX,20120615,25.56,26.49,25.43,26.4,122400
BBRG,20120615,17.88,17.88,17.42,17.74,104400
BBRY,20120615,10.35,10.92,10.28,10.89,15654000
BBSI,20120615,20,20.25,19.83,20.01,67600
BCBP,20120615,10.05,10.2,9.93,10.04,22100
BCOM,20120615,3.51,3.67,3.51,3.67,700
BCOR,20120615,12.7,12.73,12.39,12.67,362100
BCOV,20120615,14.65,15.26,14.51,15.23,254100
BCPC,20120615,31.02,31.72,30.84,31.25,159200
BCRX,20120615,3.64,3.68,3.61,3.63,317200
BDE,20120615,9.9,10.02,9.88,10,97300
BDGE,20120615,20.93,21.5,20.91,21.22,26100
BDMS,20120615,16.82,16.82,16.82,16.82,0
BDSI,20120615,3.4,3.54,3.39,3.43,109800
BEAT,20120615,2.25,2.31,2.2,2.29,130300
BEAV,20120615,44.05,44.09,42.79,42.96,1136500
BEBE,20120615,5.85,5.88,5.73,5.74,450200
BECN,20120615,24.84,25.4,24.61,25.19,756900
BELFA,20120615,16.59,16.74,16.59,16.68,1600
BELFB,20120615,15.87,16.06,15.65,15.81,48900
BFIN,20120615,7.21,7.33,7.15,7.17,94900
BGCP,20120615,6.29,6.32,6.19,6.27,1697500
BGFV,20120615,6.47,6.68,6.34,6.49,133900
BGMD,20120615,6.07,6.74,6,6.5,70200
BIB,20120615,11.8525,12.1963,11.8525,12.1963,5200
BICK,20120615,22.42,22.55,22.42,22.52,4100
BIDU,20120615,117.97,120.03,117.68,119.38,3329000
BIIB,20120615,139.14,140.68,138.27,140.01,1904300
BIOC,20120615,5.01,5.07,4.99,5.07,2400
BIOD,20120615,2.86,2.87,2.45,2.61,99300
BIOL,20120615,2.16,2.25,2.15,2.22,163100
BIOS,20120615,6.97,7.25,6.9,7.24,313900
BIS,20120615,87.48,87.48,85.56,85.56,4600
BJRI,20120615,38.53,39.74,38.19,39.63,413700
BKCC,20120615,9.56,9.62,9.35,9.57,553800
BKEP,20120615,6.61,6.65,6.6,6.65,3300
BKEPP,20120615,8.45,8.45,8.32,8.34,700
BKMU,20120615,4.01,4.05,3.94,4,227800
BKSC,20120615,11.3,11.3,11.25,11.3,500
BLDP,20120615,1.12,1.13,1.08,1.13,233800
BLDR,20120615,4.03,4.16,4.03,4.16,267800
BLIN,20120615,7.95,8.5,7.5,8.5,129700
BLKB,20120615,24.72,25.31,24.48,25.26,431300
BLMT,20120615,12.26,12.75,12.2,12.74,24100
BLRX,20120615,2.39,2.43,2.35,2.4,9000
BMRC,20120615,37.5,37.99,36.78,37.34,25100
BMRN,20120615,36.75,37.17,36.44,37.04,2057900
BMTC,20120615,20.26,20.65,20.25,20.48,80000
BNCL,20120615,8.57,8.81,8.57,8.79,129500
BNCN,20120615,8,8.4,7.41,8.4,9700
BNSO,20120615,0.96,0.97,0.95,0.95,400
BOBE,20120615,38.72,39.9,38.6,39.37,268200
BOCH,20120615,4,4.04,4,4,900
BOFI,20120615,18.65,18.78,18.31,18.47,63600
BOKF,20120615,54.7,55.7,54.41,55.53,256000
BONA,20120615,5.4,5.51,5.4,5.46,112000
BONT,20120615,5.09,5.36,5.09,5.17,397500
BOOM,20120615,15.46,16.98,15.46,16.97,76000
BOSC,20120615,3.48,3.48,3.48,3.48,0
BOTJ,20120615,5.5,5.5,5.5,5.5,300
BPFH,20120615,8.39,8.71,8.31,8.71,651400
BPFHW,20120615,3.47,3.47,3.47,3.47,100
BPOP,20120615,13.62,14.36,13.58,14.27,5250300
BPOPM,20120615,20.42,20.42,20.42,20.42,500
BPOPN,20120615,21.43,21.43,21.42,21.42,400
BRCD,20120615,4.47,4.84,4.45,4.79,9870300
BRCM,20120615,33.89,34.35,33.63,34.28,7305000
BREW,20120615,7.31,7.5,7.14,7.48,49400
BRID,20120615,8.85,8.85,7.79,7.97,6600
BRKL,20120615,8.59,8.76,8.57,8.73,664600
BRKR,20120615,14.87,15.33,14.75,15.33,304600
BRKS,20120615,9.38,9.76,9.37,9.64,382300
BSET,20120615,9.98,10.47,9.96,10.35,48500
BSFT,20120615,24.67,25.86,24.49,25.7,1180900
BSPM,20120615,1.72,2,1.7,1.79,872500
BSQR,20120615,2.96,2.97,2.96,2.96,7500
BSRR,20120615,9.01,9.26,8.86,9.19,35700
BSTC,20120615,18.55,18.71,18.02,18.43,35900
BUR,20120615,6.14,6.25,5.97,6.25,2200
BUSE,20120615,4.71,4.84,4.66,4.82,347900
BV,20120615,17.35,19,17.35,18.85,253100
BVSN,20120615,11.13,13.36,11.13,12.37,1561900
BWEN,20120615,2.7,2.7,2.5,2.5,1486100
BWINA,20120615,22.5,22.5,22.5,22.5,0
BWINB,20120615,22.58,23.13,22.26,22.65,65200
BWLD,20120615,83.45,86.75,83.45,86.44,616000
BYFC,20120615,1.28,1.28,1.28,1.28,0
CA,20120615,25.86,26.35,25.68,26.31,6111200
CAAS,20120615,4.18,4.27,4.15,4.27,113100
CAC,20120615,33.15,34.19,32.65,33.86,29100
CACB,20120615,4.55,4.7,4.55,4.68,23200
CACC,20120615,85.68,86.47,85.01,86.16,52800
CADC,20120615,18.72,19.2,18.72,18.84,15900
CAKE,20120615,31.27,31.82,31.27,31.68,674500
CALD,20120615,4.76,5.05,4.74,5.03,212200
CALI,20120615,2.4,2.58,2.4,2.58,5600
CALL,20120615,16.71,17.68,16.36,17.42,410000
CALM,20120615,18.385,18.47,18.175,18.385,88100
CAMP,20120615,7.39,7.5,7.33,7.47,363400
CAMT,20120615,2.39,2.42,2.39,2.42,1200
CAR,20120615,13.36,14.07,13.34,14.03,2365700
CARB,20120615,8.5,8.5,8.32,8.37,68900
CART,20120615,2.85,2.85,2.85,2.85,200
CARV,20120615,3.89,3.89,3.41,3.41,300
CARZ,20120615,23.94,24.34,23.94,24.34,1600
CASH,20120615,20.52,20.78,20.5,20.78,700
CASM,20120615,1.95,1.95,1.6,1.92,15000
CASS,20120615,38.28,39.98,37.98,39.6,27500
CASY,20120615,52.86,53.81,51.81,53.78,806400
CATM,20120615,28.44,29.25,28.42,29.25,414900
CATY,20120615,16.19,16.53,16.13,16.49,693800
CAVM,20120615,26.29,27.03,26.08,26.96,745500
CBAK,20120615,3.35,3.45,3.15,3.15,152500
CBAN,20120615,5.79,5.84,5.26,5.84,3500
CBLI,20120615,35.2,37.6,34.2,37.6,292500
CBMX,20120615,7.9,10,7.9,10,2100
CBNJ,20120615,8.47,8.55,8.1,8.11,63800
CBNK,20120615,13.85,14.5,13.85,14.5,4300
CBOE,20120615,27.47,27.6,27.22,27.24,803300
CBPO,20120615,9.75,10.17,8.74,9.27,46200
CBRL,20120615,59.22,60.16,59.17,59.85,242400
CBSH,20120615,37.64,37.87,37.6,37.69,718700
CCBG,20120615,6.71,7.01,6.66,6.97,56900
CCCL,20120615,2.79,2.79,2.52,2.55,36200
CCIH,20120615,5.5,5.64,5.18,5.59,67300
CCMP,20120615,30,30.65,29.85,30.6,184100
CCNE,20120615,14.72,15.23,14.49,14.54,89600
CCOI,20120615,18.62,19.03,18.59,18.96,322800
CCRN,20120615,4.1,4.14,4.02,4.11,560800
CCUR,20120615,4.06,4.1,3.83,4,25900
CCXI,20120615,12.22,12.63,11.8,12.11,19300
CDNS,20120615,10.5,10.86,10.46,10.83,2912000
CDTI,20120615,2.4,2.6,2.22,2.54,173300
CDXS,20120615,3.55,3.71,3.51,3.71,193100
CDZI,20120615,7.59,7.87,7.32,7.66,66100
CECE,20120615,7.73,7.75,7.63,7.74,95800
CECO,20120615,5.54,5.7,5.44,5.62,2133500
CELG,20120615,33.015,33.21,32.6,33.08,4286900
CELGZ,20120615,1.73,1.8,1.71,1.8,25800
CEMI,20120615,4.85,4.85,4.5,4.5,8700
CEMP,20120615,7.4,7.91,7.03,7.91,17700
CENT,20120615,8.64,9.05,8.55,8.95,115500
CENTA,20120615,8.79,9.4,8.78,9.34,307600
CENX,20120615,7.1,7.14,6.94,7.08,2373300
CERE,20120615,75.76,79.04,72.24,74.48,21700
CERN,20120615,40.875,41.4,40.52,41.32,1439900
CERS,20120615,3.24,3.27,3.22,3.24,332800
CETV,20120615,5.59,5.84,5.5,5.78,324500
CEVA,20120615,17.03,17.89,17.03,17.84,248000
CFBK,20120615,1.51,1.51,1.51,1.51,300
CFFI,20120615,37.3,37.3,36.26,37.07,18600
CFFN,20120615,11.62,11.74,11.56,11.67,902500
CFNB,20120615,15.09,15.19,14.9,15.12,4800
CFNL,20120615,11.5,11.77,11.44,11.62,140300
CG,20120615,21.87,21.95,21.69,21.94,97100
CGEN,20120615,3.67,3.67,3.53,3.62,34700
CGNX,20120615,16.24,16.33,16.12,16.17,394400
CHCI,20120615,1.19,1.25,1.16,1.25,29000
CHCO,20120615,31.71,32.5,31.59,32.42,88100
CHDN,20120615,58.83,59.58,58.34,58.91,73800
CHEF,20120615,17.89,18.26,17.65,18.05,45700
CHEV,20120615,8.4,8.4,8.3,8.38,10900
CHFC,20120615,19.92,20.75,19.92,20.73,139300
CHFN,20120615,8.84,9.05,8.84,9.05,19400
CHKE,20120615,12.84,13.66,12.55,13.56,90900
CHKP,20120615,51.3,51.34,50.04,50.39,3741000
CHLN,20120615,8.95,9.3,8.95,9.2,83100
CHNR,20120615,5.05,5.05,3.32,3.61,41700
CHOP,20120615,19.8,27.3,19.8,26.9,374000
CHRW,20120615,58.22,58.63,57.94,58.56,1195000
CHSCP,20120615,29.69,30.23,29.69,30.22,26700
CHTR,20120615,65.81,67.06,65.66,66.89,439500
CIDM,20120615,1.55,1.56,1.32,1.38,83000
CINF,20120615,36.44,36.73,36.32,36.63,1516600
CISG,20120615,6.83,7.01,6.79,6.93,96300
CIZN,20120615,18.95,18.95,18.95,18.95,0
CJJD,20120615,0.99,0.99,0.99,0.99,0
CKEC,20120615,13.69,13.79,13.59,13.7,119100
CLBH,20120615,5.48,5.5,5.48,5.5,21300
CLCT,20120615,13.87,14.06,13.87,14.06,12600
CLDX,20120615,4.28,4.37,4.25,4.34,666500
CLFD,20120615,4.38,4.43,4.35,4.43,5700
CLIR,20120615,6.38,6.71,5.89,5.89,12800
CLMS,20120615,11.12,11.53,11.01,11.5,122800
CLMT,20120615,22.73,22.84,22.5,22.65,284300
CLNE,20120615,13.82,14.08,13.67,14,1860600
CLNT,20120615,2.72,2.83,2.72,2.77,23100
CLRO,20120615,4.05,4.11,4,4.1,20900
CLSN,20120615,2.1,2.15,2.1,2.15,122600
CLUB,20120615,11.8,12.19,11.8,12.12,123600
CLVS,20120615,19.52,19.97,19.49,19.75,154400
CLWT,20120615,3.95,3.95,3.95,3.95,0
CMCO,20120615,15.11,15.11,14.67,14.92,263900
CMCSA,20120615,30.85,31.17,30.6,31.09,21013800
CMCSK,20120615,30.29,30.59,30.2,30.5,3525500
CME,20120615,54.902,55.688,54.354,55.582,440700
CMLS,20120615,3.03,3.13,3.03,3.11,239700
CMTL,20120615,27.94,28.56,27.93,28.2,318100
CNBKA,20120615,27.73,28.04,27.62,28.04,8200
CNET,20120615,0.74,0.74,0.74,0.74,6200
CNIT,20120615,1,1.02,0.95,0.96,25800
CNMD,20120615,26.9,27.25,26.8,27.15,156300
CNOB,20120615,10.51,10.88,10.51,10.86,55200
CNSL,20120615,14.32,14.46,14.28,14.42,417400
CNTF,20120615,1.12,1.14,1.07,1.07,186200
CNTY,20120615,2.52,2.62,2.52,2.62,16800
CNYD,20120615,3.5,3.6,3,3.5,2600
COBZ,20120615,6.12,6.15,6.07,6.08,161800
COHR,20120615,42.93,44.73,42.93,44.5,202600
COHU,20120615,9.72,9.79,9.57,9.71,89700
COKE,20120615,61.8,62.5,61.57,62.14,20900
COLB,20120615,18.07,18.61,17.96,18.53,234400
COLM,20120615,24.545,25.145,24.545,25.09,129700
CONN,20120615,15.98,16.49,15.9,16.18,194800
COOL,20120615,12.46,12.67,11.48,11.69,757400
CORE,20120615,21.485,21.82,21.485,21.62,110100
CORT,20120615,4.17,4.22,4.08,4.22,291700
COSI,20120615,2.88,2.92,2.8,2.88,213100
COST,20120615,90.35,91.64,90.09,91.44,3912900
COWN,20120615,2.65,2.67,2.59,2.62,473100
CPGI,20120615,3.8,3.8,3.75,3.75,600
CPHC,20120615,12.82,12.86,12.3,12.51,17600
CPHD,20120615,39.22,39.97,38.84,39.88,746100
CPIX,20120615,6.26,6.4,6.12,6.31,60600
CPLA,20120615,31.17,32.25,30.96,32.16,158000
CPLP,20120615,7.17,7.2,7,7.04,101900
CPRT,20120615,23.44,23.67,23.24,23.3,1322700
CPRX,20120615,0.57,0.57,0.56,0.56,57000
CPSI,20120615,55.05,55.92,54.85,55.71,96500
CPSS,20120615,1.99,2,1.93,2,5300
CPST,20120615,0.99,1.02,0.95,0.99,4916200
CRAI,20120615,14.58,14.63,13.83,14.49,214900
CRAY,20120615,11.53,11.76,11.37,11.54,287400
CRDC,20120615,1.74,1.79,1.72,1.76,28800
CRDS,20120615,4.63,4.72,4.56,4.59,7700
CREE,20120615,23.04,24,23,23.9,2888700
CREG,20120615,1.15,1.15,0.91,0.98,59900
CRESY,20120615,7.18,7.4,7.03,7.36,534300
CRIS,20120615,4.68,4.76,4.66,4.75,608300
CRME,20120615,2,2.1,1.9,1.95,409600
CRMT,20120615,38.63,39.99,38.45,39.83,65000
CRNT,20120615,9,9,8.79,8.9,83500
CROX,20120615,15.79,16.28,15.69,16.24,1213000
CRUS,20120615,28.74,29.09,28.52,28.98,1768200
CRVL,20120615,22.96,23.225,22.25,23.13,41400
CRWN,20120615,1.55,1.6,1.54,1.59,262300
CRWS,20120615,5.55,5.55,5.42,5.52,2300
CRZO,20120615,20.15,20.48,19.97,20.43,959700
CSBK,20120615,10.11,10.24,10.08,10.2,23800
CSCD,20120615,4.31,4.49,4.27,4.49,10400
CSCO,20120615,16.97,17.17,16.93,17.1,42611000
CSFL,20120615,6.78,7,6.73,6.95,115100
CSGP,20120615,77.55,79.33,77.55,78.37,187300
CSGS,20120615,16.26,16.42,16.18,16.22,536100
CSII,20120615,9.29,9.36,9.23,9.24,80500
CSIQ,20120615,3.23,3.49,3.23,3.49,578000
CSOD,20120615,21,21.64,21,21.27,383900
CSPI,20120615,4,4.24,4,4.24,400
CSTE,20120615,11.91,12.08,11.72,11.73,23100
CSUN,20120615,1.39,1.58,1.36,1.54,36000
CSWC,20120615,25.4775,25.88,25.25,25.85,12200
CTAS,20120615,36.71,37.37,36.7,37.23,790200
CTBI,20120615,32.9,33.16,32.67,32.81,66800
CTCM,20120615,8.51,8.87,8.4,8.4,755200
CTCT,20120615,18.15,19.11,17.98,18.97,1050900
CTHR,20120615,3.82,3.85,3.71,3.85,14100
CTIB,20120615,5.05,5.05,5.05,5.05,300
CTIC,20120615,3.5,3.65,3.45,3.45,2342100
CTRN,20120615,14.09,14.09,13.84,13.88,131200
CTRP,20120615,17.1,17.19,16.74,17.13,2718900
CTSH,20120615,29.625,30.305,29.455,30.25,3472500
CTWS,20120615,29.86,29.98,29.53,29.53,59100
CTXS,20120615,77.29,80.19,77,80.12,2235000
CU,20120615,25.59,25.92,25.59,25.88,7200
CUBA,20120615,6.88,6.98,6.88,6.97,9200
CUI,20120615,4.71,4.8,4.7,4.7,6400
CUTR,20120615,7,7,6.69,6.77,26300
CVBF,20120615,10.78,10.96,10.71,10.93,1262900
CVCO,20120615,48,48.4,47.28,47.41,52900
CVCY,20120615,6.89,7.14,6.77,7.14,1400
CVGI,20120615,8.45,8.6,8.41,8.46,276700
CVGW,20120615,24.99,25.18,24.98,25,86500
CVLT,20120615,43.41,45.11,43.13,44.57,1152400
CVLY,20120615,13.11,13.71,13.11,13.71,3200
CVTI,20120615,3.17,3.31,3.17,3.2,49200
CVV,20120615,12.06,12.32,12,12.32,10700
CWBC,20120615,2.39,2.79,2.33,2.79,23400
CWCO,20120615,7.85,8.06,7.8,7.99,216500
CWST,20120615,5.22,5.42,5.22,5.39,114800
CXDC,20120615,4.84,5.03,4.84,5.03,201600
CY,20120615,12.95,13.56,12.89,13.5,3378400
CYAN,20120615,7.17,7.41,7.17,7.29,19600
CYBE,20120615,7.96,8.14,7.95,8.04,6700
CYBX,20120615,41.86,42.81,41.86,42.52,264400
CYCC,20120615,3.36,3.43,3.22,3.22,212300
CYCCP,20120615,2.5,2.5,2.5,2.5,0
CYNO,20120615,19.38,19.49,19.25,19.33,130900
CYOU,20120615,20.36,20.59,20.19,20.37,131100
CYTK,20120615,5.1,5.22,4.98,5.1,84900
CYTR,20120615,3.8,4.15,3.78,4.13,254100
CYTX,20120615,2.24,2.29,2.2,2.28,322700
CZFC,20120615,8.11,8.25,8.09,8.25,1400
CZNC,20120615,18.56,19.02,18.12,18.93,49500
CZR,20120615,11.88,12.05,11.81,12,359600
CZWI,20120615,5.61,5.62,5.54,5.62,22400
DAEG,20120615,0.92,0.97,0.92,0.96,10900
DAIO,20120615,2.9,2.94,2.84,2.93,6900
DAKT,20120615,6.57,6.73,6.48,6.69,181400
DARA,20120615,3.7,3.85,3.55,3.85,51800
DATE,20120615,4.76,4.89,4.68,4.7,92900
DAVE,20120615,10.63,10.68,10.4,10.68,9800
DCIX,20120615,7.39,7.49,7.3,7.45,110400
DCOM,20120615,13.31,13.72,13.22,13.7,158800
DCTH,20120615,24.8,25.44,24.48,24.48,1462500
DENN,20120615,4.33,4.38,4.24,4.36,588000
DEPO,20120615,5.05,5.17,5.05,5.15,318900
DEST,20120615,21.1,21.66,20.91,21.42,146000
DFVS,20120615,39.35,39.35,39.35,39.35,100
DGAS,20120615,21.26,21.4,20.8,21.28,13100
DGICA,20120615,14.53,14.84,14.19,14.61,48700
DGII,20120615,9.53,9.8,9.35,9.76,168000
DGLY,20120615,0.4,0.4,0.29,0.31,4000
DHIL,20120615,69.21,72.82,69.21,72.18,18600
DHRM,20120615,1.9,2.08,1.9,2.08,8400
DIOD,20120615,19.36,19.88,19.35,19.82,215000
DISCA,20120615,50.43,50.78,50.07,50.62,2408500
DISCB,20120615,50.51,50.51,50.51,50.51,100
DISCK,20120615,23.575,23.82,23.515,23.785,564800
DISH,20120615,27.17,27.86,27.06,27.78,1947700
DJCO,20120615,83.91,87,83.91,85.7,900
DLBL,20120615,70.54,70.54,70.54,70.54,0
DLBS,20120615,27.34,27.4,27.14,27.28,2400
DLTR,20120615,54.03,55.395,53.79,55.17,2191400
DMLP,20120615,20,20.33,19.9,20.07,70800
DMND,20120615,18.58,18.59,17.95,18.23,858100
DMRC,20120615,25.26,26.89,25.25,26.51,41200
DNBF,20120615,13.79,13.85,13.59,13.75,1200
DNKN,20120615,34.8,35.21,34.22,34.73,1207900
DORM,20120615,22.985,23.25,22.765,22.83,117300
DRAD,20120615,2.31,2.34,2.22,2.34,12900
DRAM,20120615,5.7,5.7,5.58,5.58,700
DRRX,20120615,0.88,0.88,0.83,0.84,298000
DRWI,20120615,3.2,3.28,3.18,3.23,54900
DRYS,20120615,2.03,2.08,2.02,2.08,2460300
DSCI,20120615,9.16,9.2,9.07,9.2,25700
DSCO,20120615,2.37,2.41,2.27,2.27,697500
DSGX,20120615,8.53,8.74,8.33,8.74,8600
DSPG,20120615,5.93,6.04,5.93,6,110100
DSWL,20120615,2.59,2.75,2.52,2.59,30700
DTLK,20120615,10.06,10.13,9.9,10.04,81500
DTSI,20120615,26.73,27,26.35,26.77,122100
DTUS,20120615,40.81,40.81,40.75,40.75,200
DTYL,20120615,71.3,71.38,71.3,71.38,5100
DTYS,20120615,27.2,27.23,27,27.1,11300
DVAX,20120615,38.8,40.9,38.6,39.6,5356800
DWA,20120615,17.89,18.11,17.69,18.04,740900
DWCH,20120615,10.75,11.53,10.69,11.28,20100
DWSN,20120615,22.82,23.54,22.55,23.45,39200
DXCM,20120615,12.4,12.78,12.29,12.69,453800
DXPE,20120615,44.27,44.74,43.63,44.53,78400
DXYN,20120615,3.4,3.6,3.35,3.58,6400
DYAX,20120615,1.95,2.01,1.86,1.96,2486900
DYNT,20120615,2.4,2.5,2.4,2.5,5400
DYSL,20120615,1.3,1.39,1.26,1.39,12300
EA,20120615,12.31,12.49,12.22,12.44,9771000
EAC,20120615,6.71,6.88,6.39,6.49,37300
EAGLU,20120615,10.06,10.06,10.06,10.06,0
EBAY,20120615,40.22,40.78,40.13,40.67,14607400
EBIX,20120615,17.2,17.94,17.2,17.89,340500
EBMT,20120615,10.05,10.05,9.99,10,38900
EBSB,20120615,5.5392,5.6087,5.3799,5.5882,26500
EBTC,20120615,15.95,16.35,15.95,16.13,22600
ECHO,20120615,17.84,18.21,17.84,18.01,180100
ECOL,20120615,17.66,18.41,17.66,18.11,121600
ECPG,20120615,27.6,27.75,27.49,27.65,137200
ECTE,20120615,16.3,16.8,16,16.3,111200
ECYT,20120615,7.6,7.69,7.25,7.31,363600
EDAP,20120615,2.04,2.05,1.86,1.94,19200
EDGW,20120615,3.84,3.87,3.84,3.84,3500
EDUC,20120615,4.3,4.42,4.22,4.42,6000
EEFT,20120615,16.4,16.55,16.27,16.5,281100
EEI,20120615,12,12,11.09,11.46,21500
EEMA,20120615,50.17,50.25,50.08,50.08,400
EEML,20120615,46.48,46.48,46.48,46.48,0
EFII,20120615,15.35,15.86,15.25,15.82,204500
EFSC,20120615,10.73,11.09,10.59,10.98,64800
EFUT,20120615,3.91,3.91,3.91,3.91,300
EGAN,20120615,4.25,4.29,4.15,4.18,12500
EGBN,20120615,15.99,16.08,15.82,15.93,65800
EGHT,20120615,4.01,4.11,4,4.1,430200
EGLE,20120615,46.8,52.38,46.62,51.84,211000
EGOV,20120615,10.88,11.19,10.83,11.01,1032900
EHTH,20120615,15.71,15.8,15.61,15.61,174100
ELGX,20120615,14.3,14.75,14.29,14.71,504500
ELNK,20120615,7.43,7.52,7.37,7.49,1547100
ELON,20120615,3.01,3.36,3.01,3.31,321300
ELOS,20120615,10.57,10.63,10.42,10.58,51100
ELRC,20120615,15.24,15.7,15.22,15.6,63800
ELSE,20120615,4.15,4.15,4.01,4.13,400
ELTK,20120615,1.31,1.31,1.31,1.31,0
EMCB,20120615,74.38,74.51,74.31,74.44,5200
EMCF,20120615,18.5,18.5,18.5,18.5,0
EMCI,20120615,13.4533,13.9933,13.3267,13.56,36400
EMIF,20120615,30.92,31.17,30.92,31.17,15600
EMITF,20120615,46.4,47.4,45.2,47.4,1400
EMKR,20120615,3.92,3.99,3.8,3.81,246700
EML,20120615,18.95,19.22,18.18,19.08,12300
EMMS,20120615,1.54,1.57,1.47,1.47,127700
ENDP,20120615,29.27,30.35,29.26,30.13,3559000
ENG,20120615,1.5,1.5,1.44,1.46,24300
ENOC,20120615,6.07,6.21,6.02,6.03,350600
ENPH,20120615,7.23,7.35,6.75,7.01,153200
ENSG,20120615,27.97,28.08,27.8,27.82,99000
ENTG,20120615,7.64,7.89,7.64,7.75,909100
ENVI,20120615,7.76,7.99,7.74,7.89,83700
ENZN,20120615,7.03,7.17,6.6,6.65,1352800
EPAX,20120615,4.97,5.13,4.96,5,232300
EPAY,20120615,17.24,18.45,17.19,18.42,551500
EPIQ,20120615,12.26,12.37,12.19,12.25,220500
EQIX,20120615,170.96,176.16,169.43,175.51,2062200
ERIC,20120615,8.87,8.96,8.86,8.95,2573100
ERIE,20120615,68.5,69.82,68.48,69.77,78200
ERII,20120615,2.33,2.63,2.31,2.58,837200
EROC,20120615,8.94,9,8.8,8.92,244100
ESBK,20120615,19.99,20,19.99,20,600
ESCA,20120615,5.3,5.36,5.15,5.28,12000
ESEA,20120615,1.19,1.28,1.15,1.19,226100
ESGR,20120615,98.51,99,97.22,98.99,30200
ESIO,20120615,11.31,11.47,11.29,11.43,153500
ESLT,20120615,34.62,34.85,34.3,34.4,6200
ESMC,20120615,0.57,0.7,0.53,0.6,35800
ESRX,20120615,54.5,54.79,53.93,54.33,8907300
ESSA,20120615,10.33,10.5,10.25,10.39,56400
ESSX,20120615,3.3,3.34,3.16,3.32,71300
ETFC,20120615,8.03,8.03,7.92,7.97,5172600
ETRM,20120615,3.28,3.34,3.21,3.33,134300
EUFN,20120615,15.21,15.38,15.17,15.35,27000
EVBS,20120615,3.79,4.17,3.79,4.17,16800
EVEP,20120615,49.63,49.76,49.14,49.36,366700
EVK,20120615,1.56,1.63,1.5,1.63,6600
EVOL,20120615,5.33,5.49,5.33,5.43,34900
EWBC,20120615,21.55,22.06,21.4,21.97,1970700
EXAC,20120615,16.5,16.95,16.43,16.95,73600
EXAS,20120615,10.28,10.35,10.16,10.27,870300
EXEL,20120615,5.23,5.25,5.09,5.16,1509800
EXFO,20120615,5.57,5.57,5.4,5.5,6700
EXLP,20120615,18.78,19.06,18.4,18.77,1426800
EXLS,20120615,22.14,22.29,22.05,22.23,250100
EXPD,20120615,39.65,39.76,39,39.48,2045700
EXPE,20120615,47.53,50.23,47.31,50.05,6173300
EXPO,20120615,24.83,25.07,24.585,24.97,91800
EXTR,20120615,3.48,3.6,3.44,3.59,533300
EXXI,20120615,27.85,29.04,27.8,29.01,1224000
EZCH,20120615,37.17,37.63,35.89,36.75,263000
EZPW,20120615,22.29,22.51,22.2,22.5,419300
FALC,20120615,2.67,2.7,2.65,2.69,113500
FARM,20120615,7.48,7.56,7.32,7.48,39900
FARO,20120615,42.18,42.3,40.95,41.95,396700
FAST,20120615,39.32,39.63,39.15,39.6,2072100
FB,20120615,28.5,30.1,28.35,30.01,43563700
FBIZ,20120615,21,21.03,21,21,4100
FBMS,20120615,8.9,8.9,8.9,8.9,0
FBNC,20120615,8.8,8.95,8.77,8.88,72500
FBNK,20120615,12.92,13.06,12.91,13.04,56400
FBRC,20120615,11.32,11.52,10.92,11.32,212900
FBSS,20120615,12.98,13.45,12.8,13.38,1300
FCAP,20120615,20.1,20.1,20.1,20.1,100
FCBC,20120615,12.86,13.12,12.74,12.97,90300
FCCO,20120615,7.7,7.7,7.7,7.7,400
FCCY,20120615,8.94,8.94,8.94,8.94,600
FCEL,20120615,1,1.04,1,1.04,1641800
FCFS,20120615,37.08,37.55,36.74,37.51,284100
FCLF,20120615,6.05,6.09,5.8,6.09,2600
FCNCA,20120615,163.79,166.97,163.25,165.27,21500
FCTY,20120615,4.65,4.65,4.65,4.65,200
FCVA,20120615,2.34,2.34,2.25,2.25,700
FDEF,20120615,16.37,16.55,16.24,16.47,28500
FDML,20120615,10.25,10.6,10.25,10.55,91800
FDUS,20120615,14.45,14.67,14.38,14.62,50600
FEIC,20120615,49.2,50.57,49.1,50.53,380900
FEIM,20120615,8.97,8.97,8.02,8.21,6100
FELE,20120615,24.775,24.835,24.345,24.5,285600
FES,20120615,4.85,4.99,4.82,4.91,36600
FFBC,20120615,15.54,15.87,15.45,15.76,343800
FFBCW,20120615,4.65,4.65,4.65,4.65,0
FFHL,20120615,1.25,1.28,1.16,1.27,9400
FFIC,20120615,12.73,13.14,12.72,13.05,130400
FFIN,20120615,16.05,16.405,16,16.265,283600
FFIV,20120615,101.17,102.97,100.07,102.16,1620900
FFKT,20120615,6.57,6.66,6.27,6.48,3700
FFNM,20120615,3.37,3.37,3.35,3.36,2100
FFNW,20120615,7.84,8,7.52,7.99,23200
FHCO,20120615,5.49,5.65,5.48,5.6,67100
FIBK,20120615,14.19,14.25,13.97,14.18,71700
FINL,20120615,18.68,19.21,18.67,19.12,1440300
FISI,20120615,16.13,16.46,16.04,16.37,55100
FISV,20120615,35.01,35.5,34.86,35.435,1514100
FITB,20120615,13.06,13.19,12.95,13.18,10392800
FIZZ,20120615,14.9,15.07,14.62,14.86,207300
FLAT,20120615,62.89,62.9,62.76,62.76,4000
FLDM,20120615,13.55,14.08,13.55,13.98,237500
FLEX,20120615,6.29,6.43,6.26,6.4,5008100
FLIC,20120615,17.8333,18.32,17.8333,18,36100
FLIR,20120615,20.02,20.15,19.91,19.98,2179300
FLML,20120615,4.08,4.09,4.04,4.05,53600
FLWS,20120615,3.1,3.17,3.08,3.14,185100
FLXS,20120615,19.93,20.03,19.65,19.93,23700
FMBI,20120615,10.04,10.33,9.95,10.31,667100
FMER,20120615,15.18,15.61,15.1,15.46,1312400
FMNB,20120615,6.45,6.49,6.22,6.42,28500
FNFG,20120615,7.89,8.08,7.88,8.06,5899100
FNGN,20120615,20.56,21.04,20.56,20.95,388800
FNLC,20120615,15.9,16,15.43,15.93,35300
FNSR,20120615,12.91,12.99,12.61,12.82,2536200
FOLD,20120615,4.88,4.89,4.76,4.85,154300
FONE,20120615,22.41,22.64,22.41,22.64,2200
FONR,20120615,3.82,3.82,3.61,3.72,24000
FORD,20120615,1.82,1.94,1.78,1.85,5800
FORM,20120615,6.07,6.36,6.04,6.29,652000
FORR,20120615,32.51,33.21,32.51,33.12,73100
FORTY,20120615,16.52,16.52,16.52,16.52,0
FOSL,20120615,72.32,75.53,72.06,75.49,1301700
FRAN,20120615,26.26,26.84,25.66,26.08,827200
FRBK,20120615,1.84,1.84,1.77,1.84,22500
FRED,20120615,14.41,14.83,14.41,14.77,778700
FREE,20120615,1675,1725,1600,1675,13800
FRGI,20120615,12.06,12.32,12.05,12.09,82500
FRME,20120615,11.85,12.05,11.69,12.02,133800
FRP,20120615,4.83,4.87,4.6,4.65,157500
FSBK,20120615,4.24,4.33,4.16,4.33,3400
FSC,20120615,9.58,9.64,9.54,9.61,756400
FSFG,20120615,17.65,17.65,17.65,17.65,100
FSGI,20120615,2.77,2.77,2.77,2.77,300
FSLR,20120615,13.45,14.15,13.25,13.95,7293200
FSTR,20120615,25.72,26.75,25.72,26.73,53500
FSYS,20120615,14.88,15.23,14.77,15.03,269800
FTEK,20120615,4.79,4.85,4.61,4.63,199100
FTNT,20120615,21.15,22.17,21.04,22.13,2340200
FTR,20120615,3.74,3.95,3.61,3.93,15739400
FULL,20120615,7.44,7.49,7.39,7.48,35900
FULT,20120615,9.64,9.69,9.56,9.59,2386200
FUNC,20120615,4.7,4.79,4.53,4.79,32000
FUND,20120615,6.21,6.27,6.16,6.19,19800
FWRD,20120615,32.48,32.91,32.22,32.66,147000
FXCB,20120615,13.19,13.51,13.19,13.5,70700
FXEN,20120615,4.93,5.17,4.93,5.16,392300
GABC,20120615,18.81,19.7,18.6,19.53,48700
GAI,20120615,5.44,5.65,5.26,5.5,1400
GAIA,20120615,4,4.12,4,4.07,7900
GAIN,20120615,7.43,7.57,7.43,7.47,105400
GAINP,20120615,25.4,25.4,25.35,25.4,3100
GALE,20120615,1.22,1.28,1.2,1.2,942300
GALT,20120615,1.97,2.05,1.97,1.98,56000
GALTU,20120615,4.56,4.56,4.56,4.56,0
GALTW,20120615,0.41,0.41,0.41,0.41,5000
GAME,20120615,3.91,4.3,3.91,4.24,573300
GASS,20120615,5.53,5.71,5.45,5.57,27800
GBCI,20120615,14.68,15,14.62,14.91,766300
GBDC,20120615,15.04,15.21,15,15.15,84000
GBLI,20120615,20.02,20.2,19.87,20,64000
GBNK,20120615,9.9,10.1,9.7,9.8,197100
GCBC,20120615,19.1,19.1,19.1,19.1,0
GCVRZ,20120615,1.37,1.38,1.35,1.38,1173500
GENC,20120615,6.96,6.98,6.87,6.98,8300
GENE,20120615,17.65,18.35,16.35,16.8,303200
GERN,20120615,1.49,1.49,1.41,1.45,801000
GEVO,20120615,90,91.05,87.3,89.4,158700
GFED,20120615,8.15,8.15,7.72,8.08,800
GFN,20120615,3.2,3.2,3.2,3.2,0
GGAL,20120615,4.6,4.67,4.42,4.6,272100
GHDX,20120615,33.34,33.68,33.04,33.28,292300
GIFI,20120615,25.57,26.93,25.57,26.78,118300
GIGA,20120615,1,1.03,0.99,1.02,22800
GIGM,20120615,1.19,1.2,1.16,1.19,51800
GIII,20120615,11.45,11.725,11.365,11.7,118400
GILD,20120615,25.035,25.19,24.965,25.145,7437400
GILT,20120615,3.37,3.45,3.35,3.4,42200
GLAD,20120615,7.93,7.98,7.79,7.87,150300
GLBS,20120615,3.24,3.24,2.8,2.86,11400
GLBZ,20120615,10.4,10.95,10.4,10.94,1700
GLDC,20120615,3.49,3.49,3.32,3.48,2500
GLDD,20120615,6.3,6.63,6.3,6.6,252500
GLNG,20120615,34.16,34.78,34.05,34.19,625800
GLRE,20120615,24.35,25.1,24.35,25.04,230100
GLUU,20120615,4.7,4.73,4.51,4.67,1714500
GMAN,20120615,17.69,17.79,17.32,17.76,38600
GMCR,20120615,20.17,20.25,19.45,19.82,8520800
GMLP,20120615,29.58,30.31,29.58,30.28,62100
GNCMA,20120615,7.81,8.27,7.69,8.22,630200
GNMA,20120615,51,51.17,51,51.13,1900
GNMK,20120615,4.55,4.6,4.36,4.57,68000
GNTX,20120615,10.21,10.405,10.14,10.375,1867200
GNVC,20120615,2.35,2.35,2.26,2.31,92900
GOLD,20120615,93.21,94,92,92.7,2303600
GOOD,20120615,16.42,16.71,16.37,16.65,63300
GOODN,20120615,25.63,25.64,25.5,25.55,2000
GOODO,20120615,24.99,25.2,24.99,25.2,1500
GOODP,20120615,25.07,25.07,25.06,25.06,300
GOOG,20120615,280.17,282.26,278.545,282.255,3002500
GPIC,20120615,6.49,6.49,6.22,6.22,900
GPOR,20120615,17.22,17.5,16.87,17.45,1540600
GPRE,20120615,6.94,7.08,6.87,7.02,192000
GPRO,20120615,81.41,81.42,81.28,81.28,1152700
GRFS,20120615,18.1,18.1,17,18.02,808000
GRID,20120615,25.46,25.46,25.46,25.46,100
GRIF,20120615,26.79,27,25.18,27,5500
GRMN,20120615,37.37,37.82,36.88,37.78,1795400
GROW,20120615,4.57,4.57,4.5,4.52,12200
GRPN,20120615,9.22,10.14,9.1,10.06,17866300
GRVY,20120615,14.4,14.4,13.76,13.76,47400
GSBC,20120615,23.92,24.68,23.76,24.16,45400
GSIG,20120615,11.82,12.09,11.79,12.08,245300
GSIT,20120615,4.58,4.6,4.49,4.6,99500
GSM,20120615,12.23,12.94,12.05,12.83,1448400
GSOL,20120615,6.17,6.5,6.05,6.5,186800
GSVC,20120615,10.33,10.49,10.02,10.17,315900
GT,20120615,10.72,11.05,10.62,11.02,5612700
GTIM,20120615,2.03,2.74,1.88,2.74,99300
GTLS,20120615,64.19,65.55,63.91,64.6,348400
GTXI,20120615,3,3,2.83,2.96,137500
GUID,20120615,8.18,8.8,8.18,8.78,70700
GULF,20120615,14.22,14.22,14.19,14.19,400
GURE,20120615,1.18,1.19,1.17,1.17,112500
GYRO,20120615,113.47,114.5,112.34,114.5,4100
HA,20120615,5.98,6.02,5.9,5.93,409500
HAFC,20120615,9.82,10.03,9.78,10.01,161700
HAIN,20120615,26.605,27.135,26.505,26.96,582900
HALL,20120615,7.8,8.25,7.73,8.17,47200
HALO,20120615,8.69,9.01,8.63,8.91,2653100
HAS,20120615,34.1,34.59,33.92,34.5,2435600
HAYN,20120615,51.41,51.48,50.2,51.17,218200
HBAN,20120615,6.23,6.33,6.2,6.3,13293000
HBANP,20120615,1140,1140,1135,1139.79,100
HBCP,20120615,16.67,16.9,16.47,16.7,18100
HBHC,20120615,28.97,29.38,28.77,29.24,1225500
HBIO,20120615,3.8,3.8,3.66,3.75,108100
HBNC,20120615,16.6667,16.96,16.5,16.9333,9300
HCBK,20120615,6.05,6.18,5.99,6.16,8533900
HCCI,20120615,17.75,18.86,17.75,18.49,57300
HCKT,20120615,5.35,5.41,5.26,5.32,98500
HCOM,20120615,18.11,18.11,17.84,17.9,26800
HCSG,20120615,20.4,20.55,20.26,20.29,387500
HDNG,20120615,9.1,9.31,8.92,9.27,41300
HDSN,20120615,3.28,3.53,3.28,3.51,69800
HEES,20120615,14.9,15.43,14.67,15.36,237600
HELE,20120615,32.44,32.45,31.52,31.6,383200
HEOP,20120615,5.3,5.35,5.22,5.31,85800
HFBC,20120615,7.03,7.03,7.03,7.03,500
HFBL,20120615,14.58,14.58,14.58,14.58,0
HFFC,20120615,12.28,12.28,12.16,12.23,600
HFWA,20120615,13.63,14.09,13.52,13.98,55900
HGSH,20120615,0.69,0.69,0.69,0.69,3000
HIBB,20120615,56.48,57.34,56.26,57.31,385200
HIFS,20120615,58.98,59,57.64,57.89,2800
HIHO,20120615,1.62,1.62,1.51,1.51,5600
HILL,20120615,1.26,1.32,1.26,1.31,368000
HIMX,20120615,1.83,1.9,1.82,1.9,205000
HLIT,20120615,4.16,4.31,4.14,4.23,834000
HMIN,20120615,22.43,22.54,21.88,22.16,348600
HMNF,20120615,2.79,3.1,2.66,3.1,3500
HMNY,20120615,2.8,2.85,2.7,2.7,1300
HMPR,20120615,1.24,1.31,1.2,1.3,52000
HMST,20120615,16.02,16.51,16.02,16.06,19100
HMSY,20120615,27.95,28.07,27.26,27.67,1349800
HNH,20120615,12.61,12.9,12.49,12.79,19500
HNRG,20120615,7.89,7.98,7.69,7.96,19500
HNSN,20120615,2.12,2.15,2.08,2.09,381600
HOFT,20120615,10.63,11.16,10.63,11.13,33200
HOLI,20120615,8.27,8.36,8,8.3,389300
HOLX,20120615,17.11,17.31,16.95,17.28,3962000
HOMB,20120615,14.25,14.54,14.225,14.39,166900
HOVNP,20120615,4.14,4.49,4.14,4.49,2100
HPJ,20120615,0.99,0.99,0.99,0.99,2200
HRZN,20120615,15.89,15.89,15.46,15.76,32600
HSIC,20120615,75.75,78,75.65,77.82,1232200
HSII,20120615,16.19,16.43,16.02,16.37,139600
HSKA,20120615,12.1,12.1,11.75,11.81,15700
HSNI,20120615,41.19,41.63,40.99,41.49,747500
HSON,20120615,3.47,3.85,3.39,3.8,211200
HSTM,20120615,23.19,23.74,22.89,23.67,157100
HTBK,20120615,6.15,6.25,6.12,6.18,66200
HTCH,20120615,1.77,1.81,1.76,1.81,65100
HTHT,20120615,11.52,11.76,11.41,11.52,183600
HTLD,20120615,14.17,14.28,14.14,14.18,513800
HTLF,20120615,20.79,21.51,20.64,21.48,86900
HTWR,20120615,86.5,86.72,85.89,86.15,184500
HUBG,20120615,34.18,34.92,34.18,34.78,208500
HURC,20120615,19.87,20.85,19.78,20.75,66400
HURN,20120615,29.8,29.89,29.5,29.72,343900
HWAY,20120615,7.26,7.74,7.17,7.7,314800
HWBK,20120615,9.97,9.97,9.97,9.97,400
HWCC,20120615,11.35,11.76,11.29,11.68,59000
HWKN,20120615,34.14,35.39,33.62,35.02,58700
HYGS,20120615,6.27,6.4,6.22,6.26,1800
HZNP,20120615,4.56,4.69,4.5,4.67,433700
IACI,20120615,45.5,46.15,45.25,45.85,885500
IART,20120615,33.5,33.93,33.12,33.65,375100
IBB,20120615,124.17,125.36,123.5,125.18,523600
IBCP,20120615,3.02,3.02,2.79,2.82,91000
IBKC,20120615,48.26,49.45,48.18,49.21,260300
IBKR,20120615,14.33,14.43,14.27,14.36,243900
IBOC,20120615,18.96,19.34,18.77,19.18,398400
ICAD,20120615,0.49,0.53,0.47,0.53,56400
ICCC,20120615,5.86,5.96,5.67,5.96,400
ICFI,20120615,22.59,23.04,22.35,22.93,82400
ICLN,20120615,7.2,7.25,7.2,7.25,6200
ICLR,20120615,21.09,21.73,21.09,21.46,113600
ICON,20120615,16.45,16.75,16.3,16.62,824900
ICUI,20120615,51.22,51.84,51.22,51.65,104800
IDCC,20120615,22.51,23.05,22.38,22.88,489300
IDRA,20120615,0.92,1.04,0.92,1.02,15600
IDSA,20120615,4.88,4.94,4.85,4.88,4600
IDSY,20120615,4.34,4.48,4.29,4.48,31100
IDTI,20120615,5.34,5.51,5.27,5.48,3929800
IDXX,20120615,44.335,44.56,43.875,44.19,464400
IEP,20120615,41.11,41.96,40.69,41.65,3200
IESC,20120615,3.02,3.02,3.02,3.02,800
IFEU,20120615,26.11,26.11,26.11,26.11,700
IFGL,20120615,27.72,27.82,27.62,27.77,69700
IFON,20120615,1.31,1.6,1.31,1.43,146400
IGLD,20120615,3.27,3.43,3.27,3.36,7400
IGOV,20120615,97.71,98.11,97.32,98.11,211500
III,20120615,1.25,1.26,1.18,1.21,55700
IIIN,20120615,10.55,10.89,10.41,10.53,61300
IIJI,20120615,9.54,9.55,9.5,9.51,7100
IILG,20120615,16.98,17.43,16.89,17.39,231800
IIN,20120615,6.83,6.83,6.83,6.83,300
IIVI,20120615,16.68,17.28,16.11,16.25,1437900
IKAN,20120615,8.6,9.1,8.2,8.9,166400
IKNX,20120615,7.75,7.75,7.75,7.75,0
ILMN,20120615,39.25,40.01,39.05,39.81,932400
IMGN,20120615,14.91,15.14,14.79,15.05,789700
IMI,20120615,6.47,6.92,6.41,6.75,111500
IMKTA,20120615,15.65,15.81,15.55,15.74,90000
IMMR,20120615,6.09,6.49,6.06,6.49,202700
IMMU,20120615,3.37,3.54,3.37,3.52,529000
IMMY,20120615,3,3,3,3,0
IMOS,20120615,10.82,11.22,10.82,11.19,98300
INAP,20120615,6.61,6.74,6.54,6.64,1826300
INCY,20120615,22.04,22.69,21.8,22.65,2080100
INDB,20120615,27.08,28.45,26.96,28.11,210800
INDY,20120615,21,21.33,21,21.23,77800
INFI,20120615,13.4,14.15,13.35,13.88,442300
INFN,20120615,6.78,7,6.75,6.97,733000
ININ,20120615,26.26,27.54,26.26,27.47,142600
INOD,20120615,6.19,6.44,6.19,6.31,126000
INPH,20120615,4.33,4.33,4.1,4.11,14700
INSM,20120615,3,3.53,3,3.36,228800
INTC,20120615,27.02,27.44,26.88,27.34,51840900
INTG,20120615,20.07,20.17,20.07,20.14,1000
INTL,20120615,19.07,19.44,19.05,19.34,71600
INTU,20120615,57.34,58.39,57.16,58.32,1947300
INTX,20120615,13.12,14.08,13.03,13.99,114700
INVE,20120615,10.6,10.7,10.3,10.6,299300
INWK,20120615,11.94,12.21,11.76,12.19,197600
IOSP,20120615,26.82,27.26,26.67,27.04,102200
IPAR,20120615,16.62,16.78,16.48,16.62,83400
IPAS,20120615,2.48,2.51,2.45,2.47,147800
IPCC,20120615,56.62,57.3,56.41,56.97,56700
IPCI,20120615,2.86,2.95,2.86,2.95,1100
IPCM,20120615,40.06,40.63,39.7,40.45,183400
IPGP,20120615,42.25,43.5,41.85,43.33,299000
IPHS,20120615,52.29,52.73,52.29,52.34,160300
IPXL,20120615,21.02,21.91,20.71,21.57,863100
IQNT,20120615,12.77,13.35,12.76,13.17,294400
IRBT,20120615,20.79,21.64,20.62,21.51,1007300
IRDM,20120615,8.62,8.77,8.59,8.74,472400
IRG,20120615,17.8,18.02,17.5,17.92,27300
IRIX,20120615,3.35,3.4,3.19,3.34,2600
IROQ,20120615,12.26,13.22,12.26,13.22,200
IRWD,20120615,12.92,13.5,12.92,13.33,912900
ISBC,20120615,5.749,5.8627,5.749,5.7608,408600
ISCA,20120615,24.55,25.07,24.55,24.81,225100
ISHG,20120615,93.28,94.94,93.28,94.94,60200
ISIG,20120615,1.87,1.94,1.86,1.94,7600
ISIL,20120615,10.29,10.54,10.25,10.35,1920500
ISIS,20120615,10.92,11.05,10.79,10.87,1029500
ISLE,20120615,5.31,5.41,5.25,5.4,104600
ISM,20120615,22.35,22.6,22,22.05,8200
ISNS,20120615,5.11,5.4,5.1,5.4,1400
ISRG,20120615,528.25,534.6,524.57,531.66,474000
ISRL,20120615,92.05,92.05,89.28,90.75,2600
ISSC,20120615,3.49,3.5,3.41,3.41,17000
ISSI,20120615,9.4,9.64,9.38,9.56,161000
ITIC,20120615,53.18,53.2,52.35,52.99,1700
ITRI,20120615,36.65,37.77,36.5,37.51,568500
ITRN,20120615,11.24,11.38,11.24,11.37,13700
IVAC,20120615,7.66,8.15,7.61,7.98,163000
IXYS,20120615,10.66,11.43,10.66,11.39,91600
JACK,20120615,25.42,25.75,25.36,25.44,387300
JAKK,20120615,18.57,18.66,18.52,18.53,209700
JASO,20120615,5.3,5.75,5.15,5.75,5483100
JAXB,20120615,26.6,26.8,25.4,26.8,2100
JAZZ,20120615,43.01,44.85,42.84,44.45,1013600
JBHT,20120615,57.97,59,57.81,58.55,1249800
JBLU,20120615,5.1,5.15,4.91,4.99,9034400
JBSS,20120615,14.68,14.85,14.56,14.74,46500
JCOM,20120615,24.5,24.84,24.47,24.81,472000
JCS,20120615,10.67,10.9,10.58,10.84,40700
JCTCF,20120615,4.405,4.405,4.405,4.405,0
JIVE,20120615,18.67,19.86,18.08,19.72,1194500
JJSF,20120615,56.77,57.2,56.61,56.96,112200
JKHY,20120615,33.75,34.28,33.67,34.08,1066800
JMBA,20120615,10.1,10.2,9.95,10.05,657500
JOBS,20120615,22.745,22.75,22.48,22.64,38400
JOEZ,20120615,0.88,0.95,0.88,0.9,58600
JOUT,20120615,16.06,16.49,15.92,16.47,31800
JRJC,20120615,1.3,1.37,1.18,1.21,66700
JSM,20120615,21.27,21.47,20.65,20.73,29200
JST,20120615,7.17,7.62,7.15,7.54,59400
JVA,20120615,5.95,5.95,5.68,5.78,255700
JXSB,20120615,16.5,16.5,16.5,16.5,0
KALU,20120615,48.8,49.53,48.37,48.58,255300
KCAP,20120615,6.26,6.34,6.26,6.29,105700
KCLI,20120615,33.42,34.22,33.25,33.91,16100
KELYA,20120615,12.09,12.69,12.05,12.65,267900
KELYB,20120615,12.51,12.6,12.51,12.6,2900
KEQU,20120615,8.15,8.15,8.15,8.15,0
KERX,20120615,1.82,1.97,1.7,1.84,4333600
KEYW,20120615,9.21,9.48,9.12,9.41,90600
KFFB,20120615,8.5,8.5,8.5,8.5,0
KFRC,20120615,12.39,12.83,12.38,12.77,151800
KGJI,20120615,2.58,2.68,2.54,2.54,248500
KINS,20120615,5.03,5.25,5.03,5.19,1500
KIRK,20120615,11.8,11.85,11.56,11.83,151600
KLAC,20120615,47.5,48.32,47.35,48.31,2432700
KLIC,20120615,9.28,9.4,9.16,9.24,1036900
KNDI,20120615,2.58,2.71,2.55,2.63,131700
KONA,20120615,8.57,8.65,8.45,8.56,26800
KONE,20120615,2.9,3,2.9,3,8700
KOOL,20120615,0.8,0.84,0.8,0.84,15900
KOPN,20120615,3.18,3.24,3.15,3.21,390100
KOSS,20120615,5.42,5.49,5.29,5.45,3700
KRNY,20120615,9.94,10,9.6,9.75,64900
KTCC,20120615,8.68,8.7,8.4,8.44,99500
KTEC,20120615,9.77,10.25,9.72,9.89,1500
KTOS,20120615,5.3,5.48,5.26,5.45,489000
KUTV,20120615,1.21,1.3,1.17,1.23,83000
KVHI,20120615,10.34,10.85,10.22,10.79,88500
KZ,20120615,7.72,8,7.72,8,267400
LABC,20120615,16,16,16,16,1000
LABL,20120615,21.31,21.95,21.23,21.83,58500
LAKE,20120615,7.5,7.5,6.4,6.9,225300
LAMR,20120615,26.82,27.35,26.47,27.34,777000
LANC,20120615,67.87,69.32,67.76,68.61,133900
LARK,20120615,20,20,20,20,100
LAWS,20120615,8.65,8.86,8.38,8.74,30300
LAYN,20120615,19.24,19.48,19.19,19.36,572900
LBAI,20120615,9.81,10,9.65,9.96,115000
LBIX,20120615,4.06,4.06,4.06,4.06,1600
LBTYA,20120615,23.6025,24.231,23.6025,24.0572,762300
LBTYB,20120615,47.26,47.26,47.26,47.26,0
LBTYK,20120615,44.95,45.93,44.8,45.59,297500
LCNB,20120615,13.2,13.37,13.07,13.2,1500
LCUT,20120615,11.49,12.36,11.43,12.34,42600
LECO,20120615,43.97,44.21,43.21,43.37,874100
LEDS,20120615,2.7,2.83,2.7,2.82,17400
LFUS,20120615,57.86,58.82,57.03,58.24,157000
LGCY,20120615,25.33,25.72,25,25.69,124600
LGND,20120615,13.18,13.35,12.96,13.33,110300
LHCG,20120615,16.87,17.2,16.81,17.01,142000
LIFE,20120615,42.04,42.69,41.66,42.68,1300000
LIME,20120615,15.82,15.82,15.47,15.54,29000
LINC,20120615,5.86,6.01,5.78,5.97,170200
LINE,20120615,35.86,36,35.75,35.85,1058400
LION,20120615,8.53,8.56,8.4,8.47,22000
LIOX,20120615,2.97,3.06,2.94,2.96,253000
LIVE,20120615,1.7167,1.8367,1.7167,1.8,22400
LKFN,20120615,25.47,25.95,25.47,25.74,82700
LKQ,20120615,17.625,17.76,17.5,17.63,970200
LLNW,20120615,2.74,2.83,2.72,2.8,873300
LLTC,20120615,29.61,29.9,29.56,29.87,2495300
LMAT,20120615,5.59,5.7,5.51,5.69,4400
LMCA,20120615,27.9333,28.4167,27.8867,28.2767,616700
LMCB,20120615,29.5661,29.5661,29.5661,29.5661,0
LMIA,20120615,16.81,16.94,16.47,16.9,29900
LMNR,20120615,14.43,14.92,14.43,14.76,41200
LMNX,20120615,23.46,24.26,23.23,24.14,501300
LMOS,20120615,10.35,10.63,10.19,10.44,344900
LNCE,20120615,25.63,25.82,25.5,25.54,425400
LNDC,20120615,7.11,7.5,7.11,7.48,145300
LOAN,20120615,1.03,1.03,1.03,1.03,0
LOGI,20120615,10.24,10.51,10.19,10.39,589100
LOGM,20120615,30.75,31.12,30.49,30.94,229300
LOJN,20120615,3.11,3.21,3.04,3.09,13600
LONG,20120615,11.54,11.94,10.77,10.79,31000
LOOK,20120615,2.46,2.58,2.43,2.58,11900
LOPE,20120615,18.24,18.45,18.1,18.25,272100
LORL,20120615,58.21,58.45,57.5,58.27,85000
LPLA,20120615,33.18,33.75,32.76,33.55,1016500
LPNT,20120615,38.65,39.3,38.43,38.74,479300
LPSB,20120615,9.25,9.5,9.2,9.5,5700
LPSN,20120615,18.72,18.97,18.72,18.86,545300
LPTH,20120615,1.03,1.08,1.02,1.08,8800
LQDT,20120615,59.63,60.08,55.34,56.41,1032700
LRAD,20120615,1.14,1.22,1.14,1.21,29900
LRCX,20120615,36.4,37.84,36.38,37.76,4367600
LSBK,20120615,10.25,10.25,10.25,10.25,4900
LSCC,20120615,3.82,3.83,3.72,3.76,2974200
LSTR,20120615,51.6,51.8,51.2,51.4,353600
LTBR,20120615,2.05,2.15,1.96,2.15,26000
LTRX,20120615,2,2,1.92,1.92,6000
LULU,20120615,61.45,62.42,60.15,62.11,3948700
LUNA,20120615,1.65,1.69,1.65,1.67,14000
LWAY,20120615,10.01,10.01,9.76,9.77,22000
LXRX,20120615,13.37,13.51,13.16,13.3,1260800
LYTS,20120615,6.51,6.85,6.51,6.71,86700
MACK,20120615,7.2,7.5,6.58,7.35,149000
MAGS,20120615,3.35,3.63,3.35,3.48,6800
MANH,20120615,11.255,11.3975,11.2175,11.3675,137900
MANT,20120615,22.55,23.02,22.51,22.79,508500
MARK,20120615,2.3,2.51,2.3,2.51,19700
MARPS,20120615,23.68,23.68,23.68,23.68,0
MASI,20120615,20.1,20.47,19.96,20.43,642900
MAT,20120615,32.33,32.69,32.11,32.4,2721700
MATR,20120615,7.15,7.41,7.09,7.3,27200
MATW,20120615,30.2,31.55,30.2,31.32,220500
MAYS,20120615,18.79,18.79,18.79,18.79,100
MBFI,20120615,19.68,20.21,19.55,20.12,416000
MBLX,20120615,13.08,13.44,12.96,13.14,162100
MBRG,20120615,16.83,16.95,16.52,16.9,12200
MBTF,20120615,2.73,2.75,2.6,2.73,9700
MBVT,20120615,27.06,27.14,26.69,27.01,14400
MBWM,20120615,17.29,17.53,17,17.5,46000
MCBC,20120615,3.22,3.39,3.22,3.33,6400
MCEP,20120615,19.69,19.99,19.14,19.3,23800
MCHP,20120615,31.92,32.48,31.74,32.48,2074200
MCHX,20120615,3.27,3.36,3.21,3.26,372700
MCOX,20120615,5.15,5.15,4.1,4.1,73600
MCRI,20120615,8.72,8.81,8.5,8.77,38600
MDAS,20120615,11.72,12.1,11.72,12.09,302600
MDCA,20120615,9.69,9.78,9.61,9.7,135900
MDCO,20120615,22.27,22.41,22.04,22.24,988100
MDM,20120615,4.16,4.16,4.01,4.01,4000
MDRX,20120615,11.01,11.01,10.71,10.9,4685600
MDSO,20120615,14.135,14.18,13.855,14.03,197800
MDVN,20120615,41.29,42.235,40.81,41.935,967300
MELA,20120615,25.5,28.1,25.2,27.4,194500
MELI,20120615,67.65,68.96,67.41,68.47,246600
MEMP,20120615,17.22,17.26,16.75,16.82,34500
MENT,20120615,14.48,14.85,14.43,14.82,920000
MEOH,20120615,28.41,29.02,28.23,28.93,382100
MERC,20120615,5.89,6,5.64,5.96,51000
METR,20120615,11.59,12.07,11.59,11.95,46000
MFLX,20120615,24.25,24.89,24.17,24.79,36100
MFNC,20120615,5.65,5.65,5.65,5.65,0
MFRI,20120615,6.96,7.4,6.92,7.27,11500
MFRM,20120615,26.39,27.98,26.39,27.77,306100
MFSF,20120615,11,11,10.6,10.8,7500
MGEE,20120615,31.1533,31.8,31.0733,31.4733,166700
MGIC,20120615,5.88,5.97,5.84,5.94,94800
MGLN,20120615,41.62,42.55,41.31,42.37,220600
MGPI,20120615,3.47,3.75,3.42,3.62,76600
MGRC,20120615,25.5,25.65,25.31,25.53,121700
MGYR,20120615,4.44,4.53,4.44,4.53,400
MHGC,20120615,4.66,4.79,4.6,4.75,286600
MHLD,20120615,8.39,8.57,8.33,8.54,182500
MIDD,20120615,31.7333,32.18,31.2933,32.0833,132400
MIND,20120615,16.97,17.63,16.95,17.6,194400
MINI,20120615,13.76,14.02,13.72,13.89,385800
MITK,20120615,2.74,2.97,2.65,2.94,662200
MITL,20120615,4.16,4.21,3.93,4.2,42600
MKSI,20120615,27.47,28.28,27.33,27.94,411400
MKTX,20120615,28.97,29.1,28.36,28.91,291200
MLAB,20120615,44.25,45.07,43.81,45.07,55200
MLHR,20120615,16.56,16.93,16.54,16.57,914300
MLNK,20120615,2.71,3.31,2.71,3.29,1767100
MLNX,20120615,64.71,66.97,64.71,66.73,393500
MLVF,20120615,7.9,7.9,7.9,7.9,2000
MMLP,20120615,31.2,31.45,31,31.12,55900
MMSI,20120615,12.49,12.83,12.44,12.76,406300
MMYT,20120615,14.45,16.66,14.41,16.09,312900
MNDO,20120615,1.68,1.7,1.68,1.68,41300
MNKD,20120615,1.82,1.96,1.82,1.95,2111200
MNOV,20120615,1.59,1.65,1.56,1.64,52100
MNRK,20120615,8.0583,8.1417,7.5833,7.9417,22300
MNRO,20120615,32.72,33.17,32.5,32.95,515200
MNST,20120615,76.45,78.8,76.13,78.64,2185000
MNTA,20120615,14.91,15.6,14.8,15.55,1717500
MNTX,20120615,9.17,9.28,8.97,9.02,48100
MOBI,20120615,2,2,1.9,1.91,80300
MOCO,20120615,15.18,15.58,15.18,15.42,2200
MOFG,20120615,20.61,21,20.14,21,9600
MORN,20120615,57.21,57.85,57.2,57.36,143000
MOSY,20120615,3.03,3.1,3.03,3.09,116900
MPAA,20120615,4.19,4.19,4.06,4.12,73700
MPB,20120615,9.7,9.7,9.7,9.7,0
MPEL,20120615,11.33,11.49,11.2,11.33,4471600
MPET,20120615,1.14,1.19,1.13,1.18,61900
MPWR,20120615,19.31,19.53,18.94,19.48,323900
MRCY,20120615,12.04,12.76,11.97,12.72,171700
MRGE,20120615,2.36,2.52,2.36,2.51,682500
MRLN,20120615,14.36,14.73,14.35,14.7,65100
MRTN,20120615,14.2067,14.3467,14.1533,14.2267,63200
MRVL,20120615,11.57,11.7,11.5,11.52,9844400
MSBF,20120615,5.52,5.52,5.52,5.52,100
MSCC,20120615,17.75,18.28,17.58,18.27,721600
MSEX,20120615,18.34,18.7,18.34,18.59,52100
MSFG,20120615,11.51,11.79,11.21,11.74,76600
MSFT,20120615,29.59,30.08,29.49,30.02,62314300
MSLI,20120615,1.78,1.78,1.7,1.71,3400
MSON,20120615,2.23,2.23,2.19,2.19,3900
MSTR,20120615,119.78,125.45,119.03,124.33,172700
MTEX,20120615,6.18,6.49,5.93,6.12,18600
MTGE,20120615,23.76,23.82,23.67,23.81,1486200
MTRX,20120615,10.58,10.77,10.45,10.67,113200
MTSC,20120615,37.63,38.3,37.63,37.93,133300
MTSI,20120615,16.98,17.25,16.69,16.98,45000
MTSL,20120615,1.71,1.71,1.71,1.71,0
MTSN,20120615,1.78,1.83,1.7,1.8,313100
MU,20120615,5.77,5.9,5.69,5.89,27554100
MVIS,20120615,2.6,2.7,2.2,2.27,5027000
MXIM,20120615,25.79,26.01,25.78,25.79,2926900
MXWL,20120615,6.38,6.89,6.38,6.84,531700
MYGN,20120615,23.26,24.09,23.26,23.68,1228400
MYL,20120615,21.09,21.27,20.96,21.2,5413100
MYRG,20120615,16.13,16.48,16.13,16.42,95600
NAII,20120615,7.56,7.59,7.51,7.59,3900
NANO,20120615,15.92,15.92,15.64,15.77,244600
NATH,20120615,27.49,28.2,26.6,28.15,16900
NATI,20120615,25.9,26.31,25.84,26.25,378000
NATL,20120615,23.58,24.19,23.53,24,47000
NATR,20120615,14.44,15.09,14.36,15.06,43000
NAUH,20120615,3.73,3.94,3.73,3.75,60100
NAVG,20120615,48.6,48.86,48.29,48.59,76600
NBBC,20120615,4.22,4.22,4.15,4.21,41200
NBIX,20120615,7.28,7.52,7.08,7.38,1868600
NBN,20120615,8.55,8.55,8.45,8.5,26500
NBTB,20120615,20.42,20.72,20.3,20.64,784800
NCIT,20120615,3.62,3.76,3.56,3.72,93000
NCMI,20120615,13.53,13.82,13.36,13.5,367200
NCTY,20120615,6.01,6.03,5.29,5.3,102300
NDAQ,20120615,21.27,21.5,21.03,21.48,2025400
NDSN,20120615,52.23,52.39,51.42,51.51,335700
NECB,20120615,5.5,5.69,5.5,5.69,400
NEOG,20120615,28.5067,28.5733,28.2,28.2533,143500
NEON,20120615,6.2,6.25,6.01,6.14,473900
NEPT,20120615,3.81,3.9,3.81,3.85,176300
NEWP,20120615,11.83,12.11,11.83,12.06,377300
NEWS,20120615,11.96,12.04,11.61,12,127800
NEWT,20120615,6.65,6.65,6.25,6.6,8900
NFBK,20120615,13.06,13.5,13.05,13.42,66100
NFEC,20120615,1.05,1.15,1.05,1.06,7000
NFLX,20120615,9.0386,9.4186,8.9614,9.3986,4724200
NICE,20120615,37,37.18,36.75,37.17,83900
NICK,20120615,12.71,12.9,12.63,12.89,32200
NIHD,20120615,11,11.59,10.9,11.59,6862400
NILE,20120615,31.29,32.1,30.62,31.18,383100
NKSH,20120615,29.64,30.01,29.55,29.86,50700
NKTR,20120615,8.1,8.26,7.95,8.01,1719900
NLNK,20120615,15.08,15.93,15.08,15.82,151200
NLST,20120615,2.48,2.5,2.44,2.47,187400
NMRX,20120615,9.12,9.3,8.96,9.14,31700
NNBR,20120615,9.37,9.66,9.27,9.58,154900
NPBC,20120615,8.74,8.88,8.72,8.83,1372800
NRIM,20120615,21.95,22,20.98,21.62,32300
NSEC,20120615,8.39,9.25,8.22,8.22,19900
NSIT,20120615,14.82,15.14,14.73,15.13,320300
NSPH,20120615,40,41.4,39.4,41.2,386700
NSSC,20120615,2.97,2.97,2.89,2.96,12300
NSYS,20120615,3.5,3.5,3.5,3.5,0
NTAP,20120615,30.23,30.87,29.96,30.73,7788400
NTCT,20120615,19.91,20.89,19.91,20.81,363600
NTES,20120615,59.27,60.33,59.27,60.25,704200
NTGR,20120615,31.13,31.93,31.07,31.89,472200
NTIC,20120615,10.3,10.48,10.3,10.46,1100
NTK,20120615,49.75,50.75,48.94,49.7,62300
NTLS,20120615,19.59,19.96,19.5,19.64,215300
NTRI,20120615,10.61,10.91,10.61,10.85,470000
NTRS,20120615,43.74,44.41,43.51,44.35,1554300
NTWK,20120615,4.7,4.7,4.5,4.6,166100
NUAN,20120615,21.08,21.91,20.95,21.85,5819900
NURO,20120615,3.9,3.96,3.72,3.96,121300
NUTR,20120615,15.2,15.3,15.04,15.25,32200
NUVA,20120615,20.93,21.85,20.57,21.65,837900
NVAX,20120615,1.24,1.26,1.22,1.23,722100
NVDA,20120615,12.12,12.3,12.01,12.29,9637000
NVDQ,20120615,6.09,6.15,6.01,6.03,15700
NVEC,20120615,50.32,51.04,49.65,51.04,22100
NVGN,20120615,2.02,2.06,2.02,2.06,800
NVMI,20120615,8.07,8.23,8.04,8.23,47900
NVSL,20120615,7.3,7.45,7.25,7.45,32500
NWBI,20120615,11.28,11.33,11.12,11.14,1090100
NWFL,20120615,27.85,27.86,27.58,27.86,300
NWLI,20120615,133.4,135.96,133.4,135.65,6600
NWPX,20120615,23.43,23.97,22.89,23.83,220100
NWS,20120615,20.17,20.31,20.07,20.26,1920800
NWSA,20120615,19.93,20.1,19.77,20.07,28113400
NXPI,20120615,20.14,20.62,20.12,20.4,891600
NXST,20120615,6.51,6.61,6.35,6.49,104500
NXTM,20120615,15.06,15.66,14.92,15.62,745900
NYMT,20120615,6.85,6.86,6.8,6.82,141100
NYMX,20120615,6.89,7.25,6.64,7.1,135800
NYNY,20120615,1.95,2,1.9,1.94,2800
OBAS,20120615,6,6,6,6,0
OBCI,20120615,2.49,2.5,2.35,2.49,19100
OCC,20120615,3.72,3.95,3.71,3.88,15200
OCFC,20120615,14.4,14.43,14.34,14.4,84000
OCLR,20120615,2.58,2.63,2.52,2.61,509900
OCLS,20120615,5.04,5.11,4.69,4.97,21000
ODFL,20120615,28.3067,28.9467,28.3067,28.82,464300
OFED,20120615,12.25,12.25,12.25,12.25,0
OFIX,20120615,37,37.49,36.83,37.25,253200
OFLX,20120615,12.23,12.43,11.83,11.95,7500
OGXI,20120615,12.52,12.65,12.41,12.58,92200
OIIM,20120615,4.34,4.43,4.34,4.35,91400
OKSB,20120615,9.36,9.63,8.96,9.6,82000
OLBK,20120615,10.5,10.58,10.36,10.58,1800
OMAB,20120615,14,14.86,13.9,14.26,66100
OMCL,20120615,14.55,14.57,14.43,14.53,293100
OMER,20120615,12.8,13,12.56,12.9,130000
OMEX,20120615,3.22,3.3,3.15,3.29,834900
ONCY,20120615,3.6,3.6,3.35,3.36,243800
ONEQ,20120615,111.98,113.08,111.98,112.85,9100
ONFC,20120615,10.23,10.23,10.23,10.23,400
ONTY,20120615,3.85,4,3.85,3.92,647400
ONVI,20120615,3.65,3.69,3.51,3.64,6500
OPHC,20120615,3.2,3.2,2.92,3.12,24300
OPOF,20120615,11.1,11.45,10.95,11.45,4100
OPTT,20120615,2.01,2.06,2,2.01,30800
OPXA,20120615,1.64,2,1.64,1.84,51100
OPXAW,20120615,0.07,0.07,0.07,0.07,0
ORBC,20120615,3.17,3.28,3.17,3.23,130400
ORBK,20120615,9.15,9.44,9.15,9.35,215500
OREX,20120615,3.86,3.97,3.77,3.9,903900
ORIG,20120615,13.25,13.48,13.01,13.32,265200
ORIT,20120615,13.84,14.05,13.77,13.96,280700
ORLY,20120615,98.83,99.45,98.35,99.05,1418700
ORRF,20120615,7.53,7.76,7.53,7.59,35300
OSBC,20120615,1.38,1.39,1.28,1.39,15100
OSBCP,20120615,5.1,5.1,5.1,5.1,0
OSHC,20120615,11.91,12.4,11.91,12.4,3000
OSIR,20120615,8.28,9.4,8.21,9.18,1829000
OSIS,20120615,64.31,65,64.26,64.59,120400
OSM,20120615,23.17,23.3,22.56,22.8,12600
OSN,20120615,1.02,1.02,0.94,1,2000
OSTK,20120615,6.66,6.91,6.66,6.84,154700
OSUR,20120615,10.08,10.42,10.08,10.4,443800
OTEX,20120615,23.26,23.835,23.185,23.725,377700
OTIV,20120615,1.45,1.45,1.35,1.36,65300
OTTR,20120615,22.27,22.43,22.15,22.32,165200
OVBC,20120615,19.53,19.53,19.53,19.53,300
OVLY,20120615,7.01,7.01,6.6,6.6,2900
OVTI,20120615,13.78,14.18,13.78,14.11,1525900
OXGN,20120615,9.24,9.48,8.76,8.76,56800
OXLC,20120615,13.9,14.1,13.9,14,25800
OZRK,20120615,14.26,14.47,14.18,14.385,459500
PAAS,20120615,18.33,18.58,17.99,18.33,4519800
PACB,20120615,1.84,1.93,1.77,1.89,680900
PACW,20120615,22.72,23.53,22.59,23.48,247800
PAGG,20120615,26.75,26.9,26.72,26.88,21500
PANL,20120615,28.76,29.56,28.33,28.75,877000
PATK,20120615,8.7067,8.8733,8.34,8.6,166200
PAYX,20120615,31.78,32.11,31.67,32.03,3419900
PBCT,20120615,11.57,11.74,11.52,11.73,3157300
PBIB,20120615,1.76,1.76,1.76,1.76,400
PBIP,20120615,5.28,5.28,5.28,5.28,0
PBMD,20120615,3.76,3.82,3.76,3.81,800
PBSK,20120615,11.77,11.78,11.75,11.75,1600
PCAR,20120615,39.36,39.54,38.93,39.4,2346900
PCBK,20120615,8.82,8.99,8.74,8.86,80300
PCCC,20120615,9.27,9.36,9.14,9.34,45200
PCH,20120615,29.08,29.25,28.86,29.05,312100
PCLN,20120615,642,660,638.22,659.41,1572600
PCO,20120615,1.09,1.11,1.05,1.05,537500
PCOM,20120615,11.31,11.49,11.31,11.36,11600
PCRX,20120615,14.02,14.37,13.81,14.14,451500
PCTI,20120615,6.71,6.78,6.59,6.78,71700
PCYO,20120615,2.11,2.23,2.09,2.17,12400
PDCO,20120615,32.65,33.08,32.64,33.01,1093300
PDEX,20120615,1.97,2.04,1.89,2.04,3300
PDFS,20120615,8.8,8.98,8.78,8.96,106100
PDII,20120615,7.03,7.98,6.95,7.89,57900
PDLI,20120615,6.4,6.46,6.38,6.41,1448900
PEBK,20120615,7.99,7.99,7.77,7.97,3900
PEBO,20120615,18.96,20.17,18.96,20.03,61400
PEGA,20120615,15.075,15.42,14.88,15.32,200700
PEIX,20120615,9.3,9.6,9.15,9.6,318000
PENN,20120615,43.74,43.99,43.24,43.66,680600
PERF,20120615,8.18,8.2,8.09,8.15,16300
PERI,20120615,4.21,4.35,4.17,4.24,28300
PERY,20120615,19,19.7,18.95,19.69,166700
PESI,20120615,5.95,6,5.9,5.95,71000
PETS,20120615,11.64,11.96,11.59,11.78,290300
PFBC,20120615,12.48,12.48,12.24,12.24,67300
PFBI,20120615,7.33,7.33,6.82,7.31,4900
PFBX,20120615,9.05,9.05,9.05,9.05,0
PFIN,20120615,4.4,4.45,4.35,4.45,4700
PFLT,20120615,11.77,11.95,11.52,11.81,14100
PFPT,20120615,14.68,14.83,14.08,14.67,74400
PFSW,20120615,3,3.13,2.92,3.05,39900
PGC,20120615,15.59,15.95,15.53,15.95,15600
PGNX,20120615,8.03,8.14,7.95,8.11,145500
PGTI,20120615,2.91,2.92,2.83,2.85,47500
PHII,20120615,23.81,24.31,23.34,24.31,3300
PHIIK,20120615,25.95,26.09,24.75,26.03,57400
PHMD,20120615,12.67,14.98,12.19,13.56,779500
PICO,20120615,21.85,22.34,21.78,22.24,109200
PKBK,20120615,4.99,5,4.99,4.99,900
PKOH,20120615,18.99,19.07,18.59,18.81,38600
PLAB,20120615,5.77,6.01,5.77,6,327000
PLBC,20120615,3.01,3.05,2.79,3.01,4100
PLCE,20120615,44.02,44.28,43.6,43.98,507100
PLCM,20120615,10.43,10.53,10.21,10.49,2554500
PLNR,20120615,1.72,1.74,1.67,1.72,11000
PLPC,20120615,55.02,55.67,54.34,55.67,15800
PLTM,20120615,15.14,15.21,15.07,15.18,5400
PLUG,20120615,1.16,1.18,1.14,1.14,81100
PLUS,20120615,34,34,33.57,33.58,13800
PLXS,20120615,30.47,30.7,29.86,30.64,292500
PMBC,20120615,7.03,7.09,6.89,6.92,63000
PMCS,20120615,6.21,6.36,6.21,6.24,2996900
PMD,20120615,9.81,9.88,9.7,9.82,7000
PNBK,20120615,17,17.1,17,17,1300
PNFP,20120615,17.2,17.78,17.1,17.7,600400
PNNT,20120615,9.96,10.06,9.9,10.03,713300
PNQI,20120615,37.35,38.17,37.35,38.17,16600
PNRA,20120615,143.76,147.69,143.02,147.42,473900
PNRG,20120615,26.93,26.93,26.93,26.93,100
PNTR,20120615,2.8,2.9,2.51,2.75,1600
PODD,20120615,19.73,20.1,19.67,20.05,535600
POOL,20120615,37.25,38.02,37.18,37.97,332600
POPE,20120615,53.54,57.49,53.53,54.03,2600
POWI,20120615,38.39,39.12,38.18,39.01,247500
POWL,20120615,37.69,37.79,36.96,37.36,50100
POZN,20120615,7.12,7.3,7.09,7.26,375900
PPBI,20120615,7.72,7.75,7.61,7.75,6300
PPHM,20120615,0.49,0.52,0.49,0.51,942100
PRAA,20120615,24.1167,25.7033,24.08,25.45,314300
PRAN,20120615,1.5,1.55,1.5,1.54,28600
PRCP,20120615,5.05,5.12,4.91,5.11,4500
PRFT,20120615,11.4,11.68,11.38,11.66,243400
PRFZ,20120615,61.55,62.35,61.43,62.35,37200
PRGS,20120615,19.35,19.51,19.13,19.38,741400
PRGX,20120615,7.41,7.72,7.37,7.68,118600
PRIM,20120615,11.97,12.08,11.92,12.06,231700
PRKR,20120615,2.21,2.28,2.2,2.26,876100
PRMW,20120615,1.19,1.21,1.18,1.2,157600
PROV,20120615,11.21,11.5,11.07,11.5,26000
PRPH,20120615,1.02,1.12,1.01,1.12,6400
PRSC,20120615,13.72,13.89,13.58,13.6,108200
PRSS,20120615,13.97,14.74,13.78,14.01,81100
PRTS,20120615,4.41,4.43,4.34,4.34,56800
PRXI,20120615,25.8,26.5,25.4,25.9,122700
PRXL,20120615,27.77,28.67,27.65,28.52,637300
PSAU,20120615,35.68,35.9,35.59,35.87,3800
PSBH,20120615,4.5,4.5,4.5,4.5,0
PSCC,20120615,33.57,33.57,33.57,33.57,400
PSCD,20120615,28.98,29.34,28.94,29.34,8000
PSCE,20120615,29.4,30.2,29.4,30.09,9700
PSCF,20120615,28.58,28.88,28.52,28.88,15600
PSCH,20120615,33.45,34.17,33.45,34.17,69500
PSCI,20120615,27.45,27.6,27.45,27.6,2600
PSCM,20120615,25.86,25.86,25.86,25.86,100
PSCT,20120615,27.88,28.34,27.88,28.34,8600
PSCU,20120615,30.1,30.21,30.09,30.21,1400
PSDV,20120615,1.84,1.87,1.8,1.81,36100
PSEC,20120615,11.07,11.38,10.99,11.36,3214900
PSEM,20120615,8.3,8.67,8.3,8.63,231500
PSMT,20120615,62.23,62.6,61.15,62,496500
PSTB,20120615,4.43,4.54,4.34,4.53,170400
PSTI,20120615,2.41,2.46,2.36,2.42,84400
PSUN,20120615,1.52,1.62,1.52,1.57,555500
PTEN,20120615,13.92,14.13,13.66,14.08,4473400
PTIE,20120615,4.56,4.67,4.5,4.65,157000
PTNR,20120615,4.64,4.64,4.55,4.63,60100
PTNT,20120615,3.82,4.04,3.81,4.04,2600
PTSI,20120615,10.05,10.25,9.61,9.83,4500
PULB,20120615,7.19,7.33,7.08,7.33,4000
PVTB,20120615,14.47,14.94,14.41,14.84,1332600
PVTBP,20120615,26.18,26.18,26.06,26.1,2700
PWOD,20120615,38.23,38.86,37.95,38.11,12700
PWX,20120615,14,15.05,13.75,15.05,8400
PXLW,20120615,2.39,2.39,2.33,2.33,5500
PZZA,20120615,23.365,23.465,23.15,23.28,153000
QABA,20120615,24.05,24.27,24.05,24.27,800
QADA,20120615,13.04,13.75,12.84,13.34,29200
QADB,20120615,14.49,14.49,13.21,13.5,1900
QBAK,20120615,1.92,1.98,1.91,1.98,7500
QCCO,20120615,3.96,3.96,3.8,3.94,800
QCLN,20120615,8.72,8.83,8.72,8.81,2900
QCOM,20120615,56.39,57.16,55.62,56.5,30970200
QCRH,20120615,12.17,12.45,12.17,12.45,3200
QDEL,20120615,16.14,16.65,16.1,16.24,210400
QGEN,20120615,16.39,16.51,16.38,16.51,685000
QKLS,20120615,12.72,12.8,9.92,9.92,12700
QLGC,20120615,13.69,13.94,13.55,13.93,1673400
QLIK,20120615,21.59,22.85,21.58,22.77,1627400
QLTI,20120615,7.54,7.6,7.44,7.59,105000
QNST,20120615,8.94,9.06,8.92,9,220400
QQEW,20120615,24.48,24.78,24.48,24.78,23800
QQQ,20120615,62.37,63.08,62.36,62.99,41536000
QQQC,20120615,13.76,13.8,13.76,13.8,600
QQQX,20120615,14.56,14.69,14.55,14.62,38600
QQXT,20120615,22.98,23.07,22.97,23.07,10700
QSII,20120615,27.45,27.7,26.92,27.31,768700
QTEC,20120615,24.66,24.95,24.65,24.95,24200
QTWW,20120615,3,3.04,2.84,2.84,1136900
QUIK,20120615,2.3,2.36,2.3,2.35,432600
RADA,20120615,1.26,1.26,1.22,1.22,6400
RAIL,20120615,20.97,21.75,20.78,21.38,151500
RAND,20120615,2.74,2.8,2.7,2.8,6700
RAVN,20120615,33.63,33.96,33.59,33.605,83300
RBCAA,20120615,21.12,21.56,21,21.45,50500
RBCN,20120615,9.8,9.85,9.56,9.83,169900
RBPAA,20120615,1.62,1.62,1.46,1.59,2600
RCII,20120615,34.72,35.39,34.68,35.26,716700
RCKY,20120615,13.05,13.14,12.53,12.58,11400
RCMT,20120615,5.49,5.53,5.46,5.53,9100
RCON,20120615,1.96,2.05,1.96,1.99,21600
RDCM,20120615,4.2,4.2,4.2,4.2,0
RDEN,20120615,36.57,37.08,36.33,37.04,226100
RDI,20120615,5.56,5.63,5.36,5.63,82500
RDIB,20120615,5.32,5.32,5.32,5.32,700
RDNT,20120615,2.64,2.86,2.54,2.8,247400
RDWR,20120615,18.58,18.755,18.47,18.57,144200
RECN,20120615,11.72,11.86,11.68,11.73,862300
REDF,20120615,3.98,4.09,3.81,3.85,80200
REFR,20120615,2.93,3.07,2.82,2.97,11100
REGI,20120615,7.14,7.2,6.94,7.05,40700
REGN,20120615,111.35,114.38,110,113.85,1347100
REIS,20120615,8.54,8.88,8.3,8.7,14000
RELL,20120615,11.79,11.96,11.78,11.81,68100
RELV,20120615,1.71,1.88,1.66,1.78,29600
RENT,20120615,18.84,19.56,18.67,19.49,59100
REXI,20120615,6.28,6.4,6.11,6.21,29400
REXX,20120615,10.27,10.79,10.16,10.76,1811800
RFIL,20120615,3.68,3.74,3.5,3.74,23800
RGCO,20120615,17.96,17.97,17.75,17.75,700
RGEN,20120615,4.12,4.22,4.07,4.15,185900
RGLD,20120615,78.2,78.2,76.64,77.49,2973200
RICK,20120615,8.4,8.62,8.37,8.59,17900
RIGL,20120615,8.28,8.66,8.28,8.42,747800
RITT,20120615,2.95,3.4,2.95,3.29,43100
RIVR,20120615,16,16,16,16,0
RJET,20120615,5.59,5.66,5.49,5.57,469700
RLOC,20120615,11.09,11.25,10.9,11.01,92300
RLOG,20120615,8.42,8.48,8.24,8.48,43100
RMBS,20120615,5.36,6.18,5.36,6.09,5793200
RMCF,20120615,10.53,10.53,10.26,10.5,110300
RMTI,20120615,9.88,10.26,9.82,10.23,83600
RNET,20120615,16.39,16.52,16.07,16.39,44700
RNST,20120615,14.97,15.35,14.95,15.28,121500
RNWK,20120615,8.71,8.76,8.41,8.45,498800
ROCK,20120615,9.9,10.23,9.77,10.2,214300
ROIA,20120615,0.9,0.93,0.9,0.91,1900
ROIAK,20120615,0.97,1.05,0.85,0.91,52200
ROIC,20120615,12.14,12.24,12.09,12.2,318700
ROIQ,20120615,9.59,9.59,9.59,9.59,0
ROIQW,20120615,0.63,0.63,0.63,0.63,0
ROLL,20120615,46.41,46.79,46.09,46.66,98900
ROSG,20120615,9.82,10,9.29,9.43,382800
ROST,20120615,32.78,33.375,32.75,33.305,2626600
ROVI,20120615,21.2,21.29,20.92,21.14,1628300
ROYL,20120615,3.06,3.16,3.06,3.11,91100
RP,20120615,17.64,18.97,17.53,18.92,410700
RPRX,20120615,7.89,8,7.79,7.89,115100
RPTP,20120615,5.78,5.92,5.71,5.82,494800
RPXC,20120615,14.55,14.94,14.55,14.81,241600
RRD,20120615,10.52,10.92,10.5,10.87,2124000
RRGB,20120615,29.18,29.99,29.18,29.77,177700
RSTI,20120615,18.56,19.07,18.5,18.99,227500
RSYS,20120615,6.32,6.38,6.11,6.35,136500
RTIX,20120615,3.62,3.79,3.6,3.76,270400
RUSHA,20120615,16.05,16.87,16.05,16.83,212600
RUSHB,20120615,13.26,13.81,13.1,13.81,4200
RUTH,20120615,6.36,6.42,6.29,6.38,156600
RVSB,20120615,1.28,1.33,1.28,1.33,3800
RYAAY,20120615,29.92,30.15,29.72,30.04,187700
SAAS,20120615,4.68,4.77,4.68,4.74,170300
SAFM,20120615,52.53,53.17,52.42,52.62,277400
SAFT,20120615,40.56,41.43,40.44,41.06,59800
SAIA,20120615,14.6733,14.6733,14.1867,14.4733,146200
SALM,20120615,5.31,5.58,5.27,5.46,71900
SANM,20120615,6.97,7.21,6.93,7.2,527400
SANW,20120615,5.82,5.87,5.75,5.87,22400
SASR,20120615,17.14,17.7,17.08,17.63,72900
SATS,20120615,26.16,26.86,26.09,26.83,120700
SAVE,20120615,18.95,19.2,18.78,19.03,581800
SBAC,20120615,53.52,53.81,53.21,53.72,1364700
SBBX,20120615,5.02,5.02,5.02,5.02,0
SBCF,20120615,7.15,7.25,7.05,7.05,226900
SBGI,20120615,8.25,8.39,8.11,8.35,481400
SBLK,20120615,11.25,11.25,10.95,11.1,73500
SBNY,20120615,59.52,60.59,58.99,60.45,529400
SBNYW,20120615,35.25,35.25,35.25,35.25,0
SBRA,20120615,16.2,16.4,16.08,16.34,4410500
SBSA,20120615,3.27,3.55,3.23,3.52,57300
SBSI,20120615,19.7905,20.2286,19.6476,20.1524,74900
SBUX,20120615,25.885,26.295,25.775,26.27,10054300
SCHL,20120615,26.69,27.21,26.69,27,274000
SCHN,20120615,23.76,25.01,23.56,24.41,1243000
SCLN,20120615,6.87,6.99,6.78,6.99,596400
SCMP,20120615,6.99,7.12,6.95,7.11,39900
SCON,20120615,7.8,7.92,7.2,7.56,78500
SCOR,20120615,16.99,17.48,16.86,17.4,299000
SCSC,20120615,30.34,31.38,29.97,30.97,194000
SCSS,20120615,20.65,21.76,20.65,21.65,2278800
SCVL,20120615,20.43,21.15,20.43,20.78,84200
SEAC,20120615,8.07,8.15,7.99,8.13,238300
SEED,20120615,1.53,1.62,1.52,1.53,56600
SEIC,20120615,18.26,18.81,18.16,18.71,984700
SENEA,20120615,23.94,25.16,23.75,25.05,43900
SENEB,20120615,24.79,24.87,24.79,24.84,900
SEV,20120615,6.6,6.6,6.6,6.6,0
SFLY,20120615,25.42,26.88,25.01,26.77,1364800
SFNC,20120615,23.39,23.67,23.39,23.49,87600
SFST,20120615,8,8,8,8,0
SGC,20120615,11.12,11.25,11.01,11.24,1000
SGEN,20120615,25.17,25.78,25.15,25.61,2029200
SGI,20120615,5.87,6.07,5.83,6.06,373100
SGMA,20120615,3.75,3.75,3.74,3.74,300
SGMO,20120615,4.75,5.1,4.74,5.07,509500
SGMS,20120615,8.84,8.93,8.71,8.88,453400
SGNT,20120615,17.65,18.8,17.65,18.7,75700
SGRP,20120615,1.25,1.25,1.25,1.25,300
SGYP,20120615,4.81,4.81,4.73,4.74,273400
SGYPU,20120615,11.16,11.16,11.16,11.16,0
SGYPW,20120615,2.2,2.2,2.2,2.2,0
SHBI,20120615,6.27,6.28,6.27,6.28,300
SHEN,20120615,11.99,12.62,11.99,12.59,137100
SHIP,20120615,2.13,2.25,2.1,2.18,11800
SHLD,20120615,49.94,51.42,49.06,51.08,1082200
SHLM,20120615,17.9,18.27,17.79,18.21,254700
SHLO,20120615,10.5,10.87,10.5,10.81,16800
SHOO,20120615,24.8267,25.5,24.3067,25.3733,916600
SHOR,20120615,3.85,3.99,3.81,3.96,227400
SIAL,20120615,71.32,72,70.69,71.7,608400
SIBC,20120615,12.28,12.28,12.28,12.28,0
SIEB,20120615,1.6,1.6,1.6,1.6,200
SIFI,20120615,11.37,11.5,11.36,11.48,21800
SIFY,20120615,2.15,2.2,1.95,1.97,567600
SIGI,20120615,17.17,17.32,17.14,17.25,304800
SIGM,20120615,6.22,6.34,6.17,6.28,303200
SILC,20120615,13.74,14.04,13.72,13.99,13600
SIMO,20120615,13.5,13.62,13.2,13.27,510900
SINA,20120615,53.34,53.38,52.1,52.89,2711400
SINO,20120615,2.49,2.5,2.49,2.5,1000
SIRI,20120615,1.85,1.87,1.82,1.87,37764300
SIRO,20120615,44.52,44.97,44.21,44.8,258400
SIVB,20120615,56.64,57.7,56.42,57.27,686400
SIVBO,20120615,25.44,25.45,25.43,25.43,1700
SKBI,20120615,2.06,2.15,2.01,2.15,11400
SKUL,20120615,12.87,12.94,12.54,12.66,392400
SKYW,20120615,6.77,6.9,6.65,6.7,1005900
SKYY,20120615,17.93,18.39,17.93,18.39,20200
SLAB,20120615,36.15,36.97,35.85,36.88,330500
SLGN,20120615,44.47,44.98,44.47,44.6,203100
SLM,20120615,5.2143,5.3821,5.1321,5.3607,8878500
SLMAP,20120615,45.05,45.69,44.83,45,3200
SLMBP,20120615,43.99,43.99,43.99,43.99,100
SLP,20120615,4.07,4.2,4.01,4.03,8600
SLRC,20120615,21.45,21.7,21.38,21.4,364100
SLTC,20120615,4.14,4.14,4.14,4.14,0
SMBC,20120615,11,11.45,10.89,11.45,5000
SMCI,20120615,14.93,15.11,14.85,14.93,246300
SMED,20120615,3.01,3.07,3.01,3.06,7800
SMIT,20120615,3.41,3.41,3.41,3.41,100
SMMF,20120615,6.29,6.29,5.96,5.96,1200
SMRT,20120615,7.59,7.82,7.58,7.75,154700
SMSI,20120615,1.68,1.78,1.68,1.75,249800
SMT,20120615,1.58,1.61,1.56,1.56,197700
SMTC,20120615,23.79,24.06,23.77,23.96,601000
SMTX,20120615,3.08,3.17,3.08,3.15,11100
SNAK,20120615,6.42,6.47,6.15,6.4,171100
SNBC,20120615,12.9,13.1,12.55,13,179700
SNCR,20120615,17.2,18.31,17.2,18.21,426500
SNDK,20120615,35.34,36.87,35.31,36.85,6981900
SNFCA,20120615,2.4,2.4,2.17,2.4,28800
SNHY,20120615,21.6,22.76,21.54,22.67,121700
SNMX,20120615,2.07,2.21,1.96,2.1,224700
SNPS,20120615,28.82,29.08,28.79,29.02,816800
SNSS,20120615,2.7,2.71,2.65,2.7,158600
SNTA,20120615,5.75,5.88,5.7,5.76,802700
SOCB,20120615,2.27,2.32,2.24,2.24,12400
SOCL,20120615,13.1,13.48,13.1,13.34,30200
SODA,20120615,34.18,35.5,34.1,34.55,664300
SOFO,20120615,7.37,7.4,7.21,7.28,4400
SOHU,20120615,43.42,43.8,43.1,43.62,640100
SONA,20120615,6.9,6.9,6.83,6.85,900
SONC,20120615,8.71,8.92,8.71,8.89,763800
SONS,20120615,11.5,11.8,11.25,11.25,3740900
SORL,20120615,2.79,2.82,2.71,2.81,72400
SOXX,20120615,50.19,51.03,50.19,50.98,142400
SPAN,20120615,17.35,17.75,17.35,17.75,2500
SPAR,20120615,4.62,4.8,4.54,4.78,173600
SPEX,20120615,13.2,14.8,12.6,12.6,16700
SPIL,20120615,4.93,5.01,4.92,5,894800
SPLK,20120615,31.84,33.04,31.18,32.73,396700
SPLS,20120615,12.66,12.68,12.55,12.67,7485800
SPNC,20120615,11.05,11.1,10.82,10.99,228200
SPNS,20120615,3.99,4.04,3.95,3.95,63700
SPPI,20120615,12.08,12.67,11.8,12.52,2376500
SPRO,20120615,1.9,2.39,1.8,2.21,28400
SPRT,20120615,2.48,2.7,2.48,2.69,293400
SPSC,20120615,27.65,27.77,27.2,27.22,61300
SPTN,20120615,17.56,17.85,17.44,17.5,132100
SPU,20120615,1.55,1.55,1.54,1.54,7700
SPWR,20120615,4.73,4.88,4.66,4.85,1342500
SQI,20120615,17.32,17.55,17.04,17.43,122300
SQNM,20120615,3.67,3.85,3.61,3.77,2471300
SQQQ,20120615,207.76,207.8,200.72,201.08,1495900
SRCE,20120615,21.47,21.72,21.15,21.3,94000
SRCL,20120615,88.07,88.63,87.32,87.77,618800
SRDX,20120615,15.38,15.7,15.32,15.69,113100
SREV,20120615,12.73,12.97,12.47,12.91,477500
SSBI,20120615,5.95,5.95,5.95,5.95,100
SSFN,20120615,4.87,4.87,4.87,4.87,0
SSH,20120615,6.33,6.33,6.33,6.33,0
SSNC,20120615,22.92,23.35,22.73,23.19,336400
SSRI,20120615,12.72,12.88,12.19,12.35,2654200
SSYS,20120615,44.65,46.69,44.65,46.49,285900
STAA,20120615,8.03,8.07,7.9,8.02,160000
STB,20120615,6.47,6.52,6.36,6.44,117000
STBA,20120615,17.71,18.1,17.64,18.04,227900
STBZ,20120615,14.89,15.26,14.87,15.11,390400
STEM,20120615,0.63,0.68,0.62,0.68,43600
STFC,20120615,14.21,14.58,13.87,14.32,46600
STKL,20120615,5.73,5.8,5.71,5.79,76000
STLD,20120615,10.6,11.04,10.59,11.02,3416100
STLY,20120615,3.89,3.94,3.89,3.94,2300
STMP,20120615,23.12,23.45,22.69,23.31,250500
STNR,20120615,48.27,48.61,48.22,48.46,66700
STPP,20120615,35.4,35.4,35.36,35.36,2200
STRA,20120615,90.51,92.23,89.2,91.22,145300
STRL,20120615,9.49,9.84,9.42,9.8,63500
STRM,20120615,3.5,3.53,3.4,3.43,87900
STRS,20120615,8.05,8.41,8.05,8.41,1300
STRT,20120615,20.26,20.8,20.26,20.8,1000
STX,20120615,23.64,23.7,23.32,23.57,7511400
STXS,20120615,3,3.2,2.6,3.1,377600
SUBK,20120615,11.7,12.09,11.58,11.89,43400
SUMR,20120615,2.79,2.82,2.74,2.8,148600
SUNS,20120615,16.69,16.97,16.53,16.77,40800
SUPN,20120615,5.06,5.14,4.81,5.01,51100
SURG,20120615,4,4.09,3.88,3.96,167200
SVA,20120615,2.02,2.06,2.01,2.01,99400
SVBI,20120615,3.29,3.29,3.29,3.29,200
SVVC,20120615,18.21,18.35,17.89,18.35,111500
SWHC,20120615,6.48,6.67,6.36,6.57,1125100
SWIR,20120615,9.13,9.28,9.13,9.16,85700
SWKS,20120615,27.14,28.22,27.01,28.1,4626700
SWSH,20120615,22,22.3,21.3,21.6,374800
SYBT,20120615,22.84,23.11,22.61,22.94,49700
SYKE,20120615,15.45,15.55,15.08,15.14,325400
SYMC,20120615,14.6,14.78,14.5,14.76,9310300
SYMX,20120615,1.2,1.26,1.13,1.13,105200
SYNA,20120615,26.02,26.23,25.8,26.18,391500
SYNC,20120615,12.3,13.25,12.22,13.1,659800
SYNL,20120615,10.79,11.42,10.55,11.42,4800
SYNT,20120615,27.9,29.005,27.9,28.94,118100
SYPR,20120615,6.58,6.71,6.4,6.46,74100
SYUT,20120615,5.36,5.36,4.5,4.5,198800
SZYM,20120615,12.31,12.6,12.05,12.51,633200
TACT,20120615,7.93,7.97,7.53,7.94,13700
TAIT,20120615,1.05,1.05,1.05,1.05,900
TASR,20120615,5.17,5.2,5.06,5.07,416300
TAST,20120615,5.49,5.72,5.49,5.71,262800
TATT,20120615,4.35,4.38,4.25,4.38,1400
TAXI,20120615,10.5,10.59,10.4,10.56,141100
TAYD,20120615,9.5,9.5,9.19,9.5,1500
TBBK,20120615,8.48,8.53,8.45,8.52,129000
TBNK,20120615,21.73,22.37,21.73,22.19,79200
TCBI,20120615,39.13,39.41,38.63,38.98,555000
TCBK,20120615,15.22,15.51,15.12,15.2,113800
TCCO,20120615,8.13,8.44,8.13,8.44,400
TCPC,20120615,14.2,14.35,14.02,14.29,23700
TCRD,20120615,12.8,13.08,12.78,13.03,67100
TCX,20120615,4.6,4.64,4.08,4.36,605900
TEAR,20120615,3.1,3.15,2.83,3,124100
TECD,20120615,46.68,47.1,46.41,46.81,636200
TECH,20120615,67.38,68.32,66.8,67.93,127500
TESO,20120615,10.89,11.04,10.74,10.97,230000
TESS,20120615,20.36,20.5,20.22,20.33,52700
TFM,20120615,51.37,52,51.14,51.77,1544400
TFSL,20120615,9.4,9.45,9.37,9.39,342000
TGA,20120615,9.58,9.73,9.46,9.63,97700
THFF,20120615,27.79,28.29,27.78,27.96,46600
THLD,20120615,6.23,6.4,6.23,6.37,766600
THOR,20120615,31.58,31.98,31.28,31.9,637400
THRM,20120615,11.49,11.99,11.45,11.9,190600
THRX,20120615,18.54,18.96,18.22,18.79,557700
THTI,20120615,2.07,2.14,1.91,1.93,8800
TICC,20120615,9.33,9.45,9.28,9.43,257600
TIGR,20120615,2.13,2.19,2.12,2.19,2600
TINY,20120615,3.47,3.67,3.45,3.65,163100
TISA,20120615,3.81,3.95,3.78,3.85,33500
TITN,20120615,26.05,26.92,25.72,26.82,344100
TIVO,20120615,8.05,8.18,8.01,8.09,1650000
TLF,20120615,5.1,5.1,5.1,5.1,0
TNAV,20120615,5.98,6.15,5.95,6.11,102200
TNGO,20120615,20.39,21.28,19.96,21.03,489600
TOPS,20120615,8.82,8.82,8.82,8.82,0
TORM,20120615,17,17.17,16.92,17.17,7900
TOWN,20120615,12.98,13.42,12.91,13.42,141600
TQQQ,20120615,23.165,23.935,23.15,23.855,1762800
TRAK,20120615,26.41,28.19,26.23,27.93,521100
TREE,20120615,9.03,9.06,8.85,8.98,31300
TRIB,20120615,11.21,11.48,11.21,11.48,24400
TRIP,20120615,44.18,44.45,43.5,44.38,1995800
TRMB,20120615,22.89,23.5,22.64,23.41,1162600
TRMK,20120615,23.77,24.23,23.65,23.95,835200
TRNS,20120615,7.7,7.7,7.39,7.51,17400
TRNX,20120615,21.95,22.64,21.95,22.5,63700
TROV,20120615,3.7,3.85,3.25,3.25,53000
TROVW,20120615,0.63,0.65,0.63,0.65,1000
TROW,20120615,59.86,60.81,59.6,60.79,2470900
TRS,20120615,19.41,20.18,19.27,20.07,273200
TRST,20120615,5.28,5.39,5.26,5.38,479800
TSBK,20120615,4.99,4.99,4.99,4.99,200
TSCO,20120615,43.555,44.025,43.285,43.955,1206900
TSEM,20120615,10.95,11.25,10.8,11.1,391100
TSLA,20120615,29.39,29.95,28.81,29.91,646700
TSRA,20120615,13.82,14.4,13.79,14.26,503500
TSRI,20120615,3.92,3.92,3.92,3.92,14300
TST,20120615,1.52,1.58,1.48,1.48,177900
TSYS,20120615,1.37,1.43,1.34,1.38,580300
TTEC,20120615,15.22,15.54,15.03,15.51,272500
TTEK,20120615,25.01,25.62,25.01,25.35,489300
TTGT,20120615,5.22,5.49,5.18,5.46,48500
TTHI,20120615,1.92,1.99,1.83,1.85,103500
TTMI,20120615,8.84,9.08,8.77,8.83,382200
TTWO,20120615,10.03,10.09,9.61,10,3549700
TUES,20120615,4.4,4.5,4.32,4.4,247000
TW,20120615,59.75,60.92,59.75,60.31,354100
TWER,20120615,3.79,3.85,3.7,3.76,372300
TWIN,20120615,17.09,17.11,16.55,17.08,77400
TWMC,20120615,3.14,3.14,2.9,3.04,5300
TXN,20120615,27.91,28,27.66,27.86,13562600
TXRH,20120615,17.89,18.03,17.81,17.94,790200
TYPE,20120615,14.36,14.73,14.19,14.69,167100
TZOO,20120615,22.03,22.2,21.74,22.13,241400
UACL,20120615,13.42,13.69,13.42,13.54,17300
UBCP,20120615,9.25,9.25,8.79,9.25,5500
UBFO,20120615,2.31,2.38,2.25,2.38,3100
UBNK,20120615,13.7,13.76,13.57,13.62,123500
UBNT,20120615,13.38,13.4,12.68,13.1,1169400
UBOH,20120615,8.8,8.8,8.8,8.8,400
UBSH,20120615,14.1,14.54,13.91,14.5,128900
UBSI,20120615,25.06,25.28,24.79,25.26,507200
UCBA,20120615,6,6,6,6,0
UCBI,20120615,8.64,8.93,8.54,8.73,487400
UCFC,20120615,2.58,2.79,2.58,2.68,131200
UCTT,20120615,6.39,6.58,6.22,6.53,110700
UEIC,20120615,12.19,12.41,12.09,12.16,160700
UEPS,20120615,8.57,9.22,8.57,9.18,102400
UFCS,20120615,21.48,21.91,21.38,21.65,105400
UFPI,20120615,38.5,38.99,38.25,38.31,378600
UFPT,20120615,16.15,16.15,15.52,16.14,15100
UG,20120615,19.73,20.2,19.7,20.2,5300
UHAL,20120615,88.21,89.81,87.94,88.8,55800
ULBI,20120615,4.06,4.06,3.97,4.05,6600
ULTA,20120615,93.07,96,92.66,95.84,1278900
ULTI,20120615,84.83,87.6,84.69,87.4,271700
ULTR,20120615,1.41,1.44,1.4,1.41,81600
UMBF,20120615,46.98,47.4,46.89,47.21,588200
UMPQ,20120615,12.29,12.52,12.19,12.45,1037700
UNAM,20120615,9.65,10.99,9.63,9.71,44000
UNB,20120615,18.9,18.99,18.9,18.97,1900
UNFI,20120615,51.01,51.44,50.61,51.13,589900
UNIS,20120615,4.6,4.66,4.57,4.6,563300
UNTD,20120615,3.88,4.04,3.85,4.04,935200
UNTY,20120615,6.07,6.07,5.91,5.92,1400
UNXL,20120615,5.66,5.79,5.54,5.78,43000
UPIP,20120615,2.61,2.62,2.53,2.53,559000
URBN,20120615,26.76,27.58,26.63,27.51,2617700
URRE,20120615,6.6,6.7,6.5,6.6,410800
USAK,20120615,5.25,5.25,4.78,4.9,27400
USAP,20120615,39.95,40.14,39.01,39.49,63200
USAT,20120615,1.33,1.38,1.33,1.34,57600
USATP,20120615,16.08,16.08,16.08,16.08,0
USBI,20120615,5.2,5.23,4.99,5.23,2500
USCR,20120615,4.61,4.61,4.38,4.59,1200
USEG,20120615,2.13,2.22,2.09,2.2,162100
USLM,20120615,45.23,46.68,45.11,46.28,6400
UTEK,20120615,30.18,31.19,30.02,31.02,157000
UTHR,20120615,45.99,47.91,45.87,47.78,1273300
UTIW,20120615,15.24,15.4,14.98,15.28,490700
UTMD,20120615,33.03,33.95,33.03,33.04,24000
UTSI,20120615,3.51,3.57,3.21,3.24,3797200
UVSP,20120615,15.77,16.53,15.72,16.14,63100
VALU,20120615,12.32,12.8,12,12.17,2900
VASC,20120615,11.98,12.48,11.98,12.43,119000
VBFC,20120615,20,20,20,20,1800
VCIT,20120615,85,85.1,84.93,85.1,129300
VCLT,20120615,88.85,89.07,88.57,88.9,199800
VCSH,20120615,78.95,78.97,78.87,78.96,186400
VDSI,20120615,7.54,7.84,7.38,7.69,256900
VECO,20120615,32.55,33.36,32.46,33.28,591600
VGIT,20120615,66.31,66.37,66.3,66.36,7200
VGLT,20120615,78.5,78.5,78.15,78.31,3500
VGSH,20120615,60.91,60.95,60.91,60.95,27700
VIA,20120615,52.41,53.15,52.12,52.72,6600
VIAB,20120615,47.04,47.72,46.53,47.67,6814000
VICL,20120615,3,3.12,2.96,3.1,602100
VICR,20120615,6.29,6.52,6.23,6.48,122400
VIMC,20120615,1,1.04,0.97,0.97,41100
VIRC,20120615,1.6,1.73,1.6,1.73,700
VISN,20120615,17.6,18.6,16.6,16.6,266100
VIVO,20120615,19.22,19.78,19.14,19.66,227000
VLGEA,20120615,28.53,29.25,28.26,29.07,28500
VMBS,20120615,52.37,52.39,52.37,52.37,39400
VNDA,20120615,4.13,4.3,4.09,4.26,133100
VNET,20120615,9.89,10.95,9.89,10.95,294400
VNQI,20120615,45.57,45.84,45.51,45.72,19900
VOD,20120615,27.38,27.55,27.2,27.54,10374700
VONE,20120615,60.91,61.25,60.91,61.25,1000
VONG,20120615,64.02,64.3,64.02,64.3,800
VONV,20120615,58.43,58.43,58.43,58.43,100
VOXX,20120615,9.56,9.69,9.31,9.4,182900
VRA,20120615,23.55,23.76,23.42,23.62,475900
VRML,20120615,2.32,2.5,2.23,2.35,741900
VRNT,20120615,27.7,28.32,27.59,28.15,177700
VRSK,20120615,48.34,48.61,48.01,48.55,907800
VRSN,20120615,42.18,42.62,42.04,42.33,1973800
VRTA,20120615,4,4,4,4,2500
VRTB,20120615,4.96,4.96,4.72,4.84,5700
VRTS,20120615,70.01,72.5,70,71.54,37000
VRTU,20120615,14.52,14.74,14,14.06,101100
VRTX,20120615,56.14,56.96,55.78,56.54,2610100
VSAT,20120615,36.4,37.34,35.99,36.99,509600
VSCP,20120615,8.9,9.1,8,8.1,185400
VSEC,20120615,24.63,25.06,24.51,24.98,11400
VSTM,20120615,10.24,10.73,9.97,10.2,17700
VTHR,20120615,61.02,61.02,61.02,61.02,200
VTWG,20120615,62.87,63.69,62.82,63.69,1800
VTWO,20120615,60.66,61.14,60.58,61.14,1800
VTWV,20120615,58.08,58.77,58.08,58.77,1900
VVUS,20120615,25.33,25.97,25.29,25.74,2317700
VXUS,20120615,40.88,41.17,40.81,41.17,126800
WABC,20120615,45.53,46.52,45.35,46.03,473300
WAFD,20120615,15.74,15.98,15.69,15.88,467400
WAFDW,20120615,3.75,3.75,3.75,3.75,800
WASH,20120615,22.91,23.57,22.91,23.35,60200
WAVX,20120615,3.68,3.8,3.6,3.68,358400
WAYN,20120615,8.45,8.53,8.45,8.45,5100
WBKC,20120615,16.25,16.25,16.25,16.25,0
WBMD,20120615,20.82,21.06,20.57,21,437800
WDC,20120615,30.31,30.73,30.16,30.69,2971600
WDFC,20120615,49.05,49.81,49,49.56,112900
WEBK,20120615,13.42,14.21,13.37,14.21,13700
WEN,20120615,4.44,4.52,4.41,4.51,3061400
WERN,20120615,24.38,24.38,24.09,24.13,432600
WETF,20120615,6.66,6.94,6.6,6.74,427900
WEYS,20120615,22.93,23.43,22.82,23.05,35000
WFD,20120615,7.29,7.37,7.25,7.32,96500
WFM,20120615,45.92,47.5,45.825,47.235,3167700
WIBC,20120615,5.17,5.23,5.11,5.19,500200
WIFI,20120615,10.73,10.96,10.73,10.9,104200
WILC,20120615,4.55,4.58,4.5,4.56,6100
WILN,20120615,4.95,4.98,4.89,4.95,31500
WIN,20120615,9.49,9.5,9.41,9.47,11779900
WINA,20120615,56.45,59.87,55.52,59.87,21700
WIRE,20120615,24.96,25.19,24.96,25.05,108100
WLB,20120615,7.96,8.57,7.79,8.43,70700
WLDN,20120615,1.76,1.76,1.76,1.76,200
WLFC,20120615,12.6,12.75,12.47,12.7,21100
WMAR,20120615,10.66,10.9,10.54,10.87,56800
WMGI,20120615,20.3,21.06,20.17,20.7,585500
WOOD,20120615,36.14,36.48,36.13,36.48,9400
WOOF,20120615,20.55,20.79,20.32,20.49,568000
WPCS,20120615,127.82,127.82,127.82,127.82,1900
WPPGY,20120615,58.09,58.98,58.09,58.89,64700
WPRT,20120615,29.18,29.5,28.62,28.99,966800
WRES,20120615,2.45,2.61,2.42,2.58,449500
WRLD,20120615,65.19,66.71,65.01,66.14,227300
WSBC,20120615,20.28,20.79,20.15,20.73,114800
WSBF,20120615,3.8,3.8,3.58,3.61,22200
WSCI,20120615,4.86,5,4.84,5,12000
WSFS,20120615,12.85,13.0567,12.5567,12.8733,41900
WSTG,20120615,12.51,12.9,12.4,12.9,10900
WSTL,20120615,2.19,2.22,2.17,2.22,214200
WTBA,20120615,9.49,9.59,9.35,9.55,49300
WTFC,20120615,34.11,35.04,34.07,34.88,213100
WTFCW,20120615,15.9,16.55,15.9,16.54,300
WVFC,20120615,7.31,7.31,7.31,7.31,0
WVVI,20120615,3.44,3.45,3.4,3.44,5400
WWD,20120615,38.01,38.18,37.46,37.54,523400
WWWW,20120615,17,17.43,16.91,17.35,739700
WYNN,20120615,99.99,100.56,99.07,99.53,1832900
XBKS,20120615,3.98,3.98,3.51,3.97,14800
XLNX,20120615,32.15,32.62,32.02,32.55,3355900
XNPT,20120615,5.7,5.88,5.65,5.79,894600
XOMA,20120615,2.63,2.68,2.59,2.66,443600
XRAY,20120615,37.23,37.87,37.22,37.77,1386500
XXIA,20120615,11.35,11.73,11.29,11.69,421400
YHOO,20120615,15.44,15.44,15.33,15.36,11716800
YNDX,20120615,16.98,17.68,16.79,17.56,3203900
YOD,20120615,5.35,5.65,5.05,5.05,23200
YORW,20120615,17.32,17.48,17.11,17.33,61700
YRCW,20120615,7.57,7.57,7.01,7.3,216800
Z,20120615,33.05,34.61,32.83,34.36,901600
ZAGG,20120615,10.17,10.21,9.86,10.05,1071200
ZAZA,20120615,42.9,50,41.3,43.9,1034700
ZBRA,20120615,32.3,32.5,32.11,32.29,336300
ZEUS,20120615,15.7,16.45,15.7,16.37,91100
ZGNX,20120615,16.24,16.4,15.84,16,198700
ZHNE,20120615,0.8,0.8,0.77,0.78,13500
ZINC,20120615,9.43,9.62,9.23,9.47,536000
ZION,20120615,18.34,18.78,18.22,18.7,3040100
ZIONW,20120615,2.98,3.05,2.98,3,50400
ZIOP,20120615,5.7,5.8,5.64,5.68,1731300
ZIXI,20120615,2.48,2.63,2.47,2.63,358100
ZLTQ,20120615,5.04,5.5,5.03,5.4,229300
ZN,20120615,1.89,1.9,1.81,1.87,130700
ZNGA,20120615,5.1,5.6,5.05,5.56,35735300
ZUMZ,20120615,37.36,38.55,37.06,38.49,579400
