AAME,20120327,2.66,2.7,2.61,2.66,6300
AAON,20120327,9.4889,9.56,9.3778,9.4,42900
AAPL,20120327,86.5971,88.04,86.58,87.7829,21683100
AAWW,20120327,50.16,50.16,48.64,48.79,432700
AAXJ,20120327,57.15,57.2,56.86,56.91,139100
ABAX,20120327,29.56,29.98,29.22,29.79,115000
ABCB,20120327,13.35,13.49,13.2,13.24,33100
ABCD,20120327,2.8,2.8,2.66,2.69,25400
ABCO,20120327,44.575,45.025,44.245,44.78,99900
ABIO,20120327,5.64,5.64,5.4,5.46,121800
ABMD,20120327,23.49,23.49,22.7,22.71,423100
ABTL,20120327,4.9,5,4.7,4.8,105600
ACAD,20120327,2.18,2.23,2.15,2.2,483400
ACAS,20120327,8.95,8.99,8.78,8.78,1783200
ACAT,20120327,42.93,43.73,42.75,42.76,172000
ACET,20120327,9.6,9.6,9.5,9.53,168600
ACFC,20120327,2.39,2.39,2.25,2.35,3700
ACGL,20120327,36.96,37.15,36.84,36.87,512300
ACHC,20120327,15.8,16.32,15.8,16.19,55200
ACHN,20120327,10.25,10.33,10.08,10.09,659500
ACIW,20120327,13.9033,13.9967,13.8333,13.8533,387300
ACLS,20120327,1.82,1.84,1.76,1.78,344200
ACNB,20120327,14.33,14.6,14.33,14.6,3300
ACOR,20120327,27.35,27.71,26.95,26.99,206800
ACPW,20120327,4.45,4.5,4.3,4.45,226200
ACRX,20120327,3.21,3.5,3.21,3.39,2500
ACTG,20120327,42.75,42.83,42.05,42.61,303100
ACTS,20120327,1.71,1.73,1.67,1.73,26200
ACUR,20120327,3.83,3.84,3.67,3.67,64400
ACWI,20120327,47.53,47.65,47.36,47.39,503300
ACWX,20120327,41.36,41.41,41.1,41.13,142400
ACXM,20120327,14.78,14.92,14.62,14.62,305500
ADAT,20120327,1.4,1.58,1.4,1.5,158400
ADBE,20120327,34.33,34.71,34.28,34.63,4376000
ADEP,20120327,4.2,4.8,4.2,4.8,39500
ADI,20120327,40.43,40.6,40.33,40.38,1675500
ADP,20120327,48.9464,49.0254,48.683,48.9377,1673200
ADRA,20120327,26.08,26.11,25.92,26,2600
ADRD,20120327,20.7,20.7,20.5,20.5,12600
ADRE,20120327,43.07,43.18,42.84,42.87,26100
ADRU,20120327,20.29,20.29,20.17,20.17,1700
ADSK,20120327,42.27,42.6,41.89,42.19,3371500
ADTN,20120327,31.18,31.59,30.95,31.2,1284300
ADUS,20120327,4.85,4.85,4.75,4.79,11800
AEGN,20120327,18.4,18.51,18.14,18.16,99300
AEGR,20120327,14.55,15.03,13.87,14.5,59200
AEHR,20120327,0.73,0.73,0.73,0.73,2000
AEIS,20120327,13.28,13.48,13.1,13.4,278000
AEPI,20120327,34.87,35.27,31.86,34.14,11800
AETI,20120327,5.07,5.12,4.83,5.06,23300
AEY,20120327,2.44,2.44,2.4,2.43,4000
AEZS,20120327,12.3,12.48,11.46,11.64,2446800
AFAM,20120327,25.75,25.96,25.3,25.58,100700
AFCB,20120327,14.94,14.94,14.94,14.94,0
AFFX,20120327,4.38,4.43,4.31,4.32,462100
AFOP,20120327,4.625,4.785,4.625,4.785,28800
AFSI,20120327,27.16,27.37,26.97,27.29,179700
AGEN,20120327,6.13,6.13,5.66,5.72,328300
AGII,20120327,30.26,30.52,30.02,30.1,84600
AGNC,20120327,29.54,29.59,29.3,29.32,4628000
AGYS,20120327,9.31,9.48,9.18,9.21,55700
AHGP,20120327,48.64,49.95,47.98,48,73200
AHPI,20120327,3.37,3.37,3.27,3.32,1100
AIMC,20120327,19.82,19.82,19.41,19.53,72000
AINV,20120327,6.95,6.98,6.91,6.92,1575700
AIRM,20120327,30.0333,30.1167,29.4967,29.8933,58300
AIRT,20120327,9.52,9.55,9.39,9.48,4300
AIXG,20120327,18.38,18.39,17.93,18.16,151300
AKAM,20120327,37.85,37.97,37.59,37.68,2188100
AKRX,20120327,12.36,12.47,12.13,12.15,1497500
ALCO,20120327,23.88,24.29,23.62,23.63,7700
ALGN,20120327,28.37,28.5,27.94,28.13,1001400
ALGT,20120327,54.36,54.85,53.47,53.87,154100
ALIM,20120327,3.67,4.08,3.65,3.89,441400
ALKS,20120327,17,17.27,16.79,16.98,741500
ALLB,20120327,11.4,11.4,11.4,11.4,1300
ALLT,20120327,22.16,23.08,22.05,22.89,721800
ALNY,20120327,11.41,11.58,11.28,11.33,320900
ALOG,20120327,68.13,68.7,68.13,68.22,58300
ALOT,20120327,8.39,8.4,8.35,8.35,600
ALSK,20120327,3.39,3.39,3.3,3.3,395600
ALTR,20120327,39.19,39.62,39.17,39.34,4836600
ALXA,20120327,6.2,6.5,6.1,6.1,2108400
ALXN,20120327,93.98,94.41,92.99,93.28,1293200
AMAG,20120327,16.24,16.7,16.01,16.11,185900
AMAT,20120327,12.95,12.99,12.81,12.82,13512800
AMCC,20120327,7.09,7.23,7.05,7.16,488100
AMCN,20120327,3.45,3.5,3.31,3.38,58500
AMCX,20120327,44.55,44.59,44.07,44.14,180800
AMD,20120327,8.25,8.35,8.17,8.19,9801900
AMED,20120327,14.46,14.73,14.24,14.3,327000
AMGN,20120327,67.71,68.34,67.64,67.81,5209800
AMIC,20120327,4.55,4.55,4.55,4.55,100
AMKR,20120327,6.38,6.45,6.31,6.4,1100200
AMNB,20120327,21.16,21.6,20.9,21.52,4400
AMOT,20120327,7.39,7.49,7.26,7.26,5200
AMOV,20120327,24.35,24.66,24.35,24.55,2000
AMRB,20120327,7.2,7.27,7.2,7.27,1800
AMRI,20120327,3.09,3.11,2.9,2.92,87900
AMRN,20120327,11.8,11.97,11.38,11.55,5104100
AMRS,20120327,5.71,6,5.6,5.63,766000
AMSC,20120327,42.3,42.7,41.1,41.3,183400
AMSF,20120327,24.88,25.12,24.41,24.75,86900
AMSG,20120327,28.12,28.19,27.84,27.92,168600
AMSWA,20120327,9.01,9.01,8.81,8.84,100000
AMWD,20120327,18.54,19.13,18.52,18.63,34200
AMZN,20120327,203.8,209.85,202.88,205.44,9600700
ANAC,20120327,6.54,6.58,6.38,6.38,26300
ANAD,20120327,2.51,2.55,2.45,2.46,256200
ANAT,20120327,73.74,73.99,73.25,73.56,9100
ANCB,20120327,9,9.1,9,9.1,22300
ANCI,20120327,1.56,1.56,1.56,1.56,0
ANCX,20120327,10.58,10.7,10.41,10.65,4200
ANDE,20120327,32.1,32.5267,32.0933,32.1133,89800
ANGI,20120327,17.54,17.97,17.5,17.9,128200
ANGO,20120327,12.62,12.71,12.45,12.47,63800
ANIK,20120327,12.44,12.73,12.44,12.6,42300
ANSS,20120327,65.7,66.56,65.44,66.13,248500
ANTH,20120327,19.2,19.2,18,18.08,444100
AOSL,20120327,10.22,10.39,10.1,10.1,36000
APEI,20120327,38.45,38.74,37.9,38.03,398900
APOG,20120327,13.51,13.51,13.12,13.14,115300
APOL,20120327,40.22,40.45,39.24,39.54,11190600
APPY,20120327,4.38,4.38,4.32,4.38,8400
APRI,20120327,2.91,2.92,2.69,2.72,354900
APWC,20120327,3.45,3.45,3.35,3.45,2100
ARAY,20120327,7.38,7.45,7.13,7.14,513600
ARCC,20120327,16.4,16.43,16.33,16.42,1027500
ARCI,20120327,4.55,4.69,4.55,4.58,7500
ARCW,20120327,1.428,1.428,1.348,1.352,700
AREX,20120327,36.97,37.7,36.82,36.95,316800
ARIA,20120327,16.4,16.74,16.09,16.09,3141300
ARII,20120327,25.39,25.5,24.23,24.23,82300
ARKR,20120327,16.24,16.24,16.15,16.19,2600
ARLP,20120327,33.92,33.92,33.25,33.39,88400
ARMH,20120327,28.61,28.8,28.59,28.64,1649800
ARNA,20120327,3.1,3.47,3.03,3.26,56007500
AROW,20120327,24.72,24.76,24.41,24.48,9800
ARQL,20120327,7.44,7.53,7.31,7.31,291300
ARRS,20120327,11.13,11.17,10.96,11.03,800500
ARRY,20120327,3.29,3.33,3.25,3.26,567700
ARTNA,20120327,19.13,19.25,19.01,19.12,11000
ARTW,20120327,7.19,7.19,7,7.18,6700
ARTX,20120327,1.28,1.35,1.28,1.34,25700
ARWR,20120327,6.1,6.1,5.98,6.05,6000
ASBB,20120327,12.98,13,12.98,13,500
ASBI,20120327,4.69,4.9,4.69,4.9,1200
ASCMA,20120327,49.96,50.12,48.84,48.86,24200
ASEI,20120327,70.45,70.94,69.55,69.7,66600
ASFI,20120327,7.92,8.2,7.91,8.2,31900
ASML,20120327,49.06,49.24,48.83,49,1468600
ASNA,20120327,22.495,22.62,22.4,22.53,800100
ASPS,20120327,63.8,64.1,62.54,63.04,90500
ASRV,20120327,2.75,2.75,2.59,2.68,7800
ASRVP,20120327,25.4,25.4,25.4,25.4,300
ASTC,20120327,0.75,0.79,0.75,0.79,57200
ASTE,20120327,38.31,38.37,36.75,38,105400
ASTI,20120327,6.5,6.8,6.4,6.4,76900
ASUR,20120327,5.4733,5.4733,5.2067,5.3333,8000
ASYS,20120327,8.3,8.37,8.3,8.31,67600
ATAI,20120327,6.5,6.58,6.48,6.51,17100
ATAX,20120327,5.45,5.57,5.45,5.5,103600
ATEC,20120327,2.22,2.3,2.22,2.29,279700
ATHN,20120327,76.5,76.61,74.63,74.72,432400
ATHX,20120327,1.7,1.7,1.64,1.67,33200
ATLO,20120327,22.76,23.12,22.73,22.96,7200
ATML,20120327,10.49,10.64,10.38,10.39,3970100
ATNI,20120327,38.77,38.83,37.91,37.91,18000
ATNY,20120327,3.56,3.65,3.5,3.57,25300
ATRC,20120327,9.92,10.38,9.8,10.24,42700
ATRI,20120327,221.29,222,213.21,213.56,4700
ATRM,20120327,7.8,7.8,7.5,7.8,2300
ATRO,20120327,30.5,30.55,29.8333,29.8333,17100
ATSG,20120327,5.76,5.82,5.64,5.65,160400
ATVI,20120327,12.78,12.92,12.76,12.86,12967000
AUBN,20120327,20.64,20.86,20.64,20.86,200
AUDC,20120327,2.97,2.98,2.79,2.83,409100
AVAV,20120327,26.92,27.1,26.74,26.86,298400
AVEO,20120327,13.02,13.14,12.94,12.95,208400
AVGO,20120327,38.69,39.02,38.38,38.78,1759600
AVHI,20120327,12.21,12.76,12.21,12.53,85700
AVID,20120327,11.61,11.74,11.18,11.22,133900
AVNW,20120327,3.05,3.09,2.99,2.99,217900
AWAY,20120327,25.49,25.94,25.21,25.54,247700
AWRE,20120327,3.93,3.93,3.85,3.93,1700
AXAS,20120327,3.27,3.35,3.2,3.25,913400
AXTI,20120327,6.51,6.8,6.38,6.65,348000
AZPN,20120327,21.13,21.15,20.87,20.87,353200
BABY,20120327,11.63,12.01,11.63,11.9,122200
BAMM,20120327,3.39,3.43,3.22,3.39,21400
BANF,20120327,43.38,43.71,43.35,43.39,10000
BANFP,20120327,28.34,28.34,28.34,28.34,0
BANR,20120327,22.5,22.74,22.37,22.37,110900
BASI,20120327,1.3,1.34,1.3,1.34,12900
BBBY,20120327,67.47,68.2,67.24,67.37,2385800
BBCN,20120327,11.04,11.15,10.95,11.07,398000
BBEP,20120327,19.2,19.24,18.91,18.91,397800
BBGI,20120327,4.31,4.31,4.31,4.31,0
BBOX,20120327,26.11,26.47,25.95,25.98,71100
BBRG,20120327,20.18,20.46,19.96,20.06,153800
BBRY,20120327,13.96,14.27,13.8,13.89,14581600
BBSI,20120327,20.07,20.33,19.65,19.98,50000
BCBP,20120327,9.8,9.89,9.78,9.85,1800
BCOM,20120327,10.11,10.2,10.1,10.1,800
BCOV,20120327,21.98,22.49,21.7,22.33,138100
BCPC,20120327,29.4,29.88,29.25,29.66,175800
BCRX,20120327,5.28,5.28,5.11,5.21,359300
BDE,20120327,9.7,9.9,9.6,9.6,44800
BDGE,20120327,22.16,22.49,21.89,22.01,3600
BDMS,20120327,17.7,17.7,17.7,17.7,200
BDSI,20120327,2.23,2.34,2.18,2.33,256200
BEAT,20120327,3.17,3.17,3.12,3.14,40100
BEAV,20120327,48.03,48.48,47.37,47.64,723900
BEBE,20120327,9.46,9.51,9.28,9.29,149600
BECN,20120327,26.47,27.22,26.33,26.93,731800
BELFA,20120327,20.58,21,20.58,20.77,1300
BELFB,20120327,19.28,20.1,19.19,19.51,35100
BFIN,20120327,6.99,7.03,6.97,7,100400
BGCP,20120327,7.51,7.55,7.35,7.4,848700
BGFV,20120327,8.35,8.5,8.31,8.39,43700
BGMD,20120327,6.18,6.34,5.7,6.26,12300
BIB,20120327,12.22,12.22,11.9713,11.9713,7800
BICK,20120327,26.79,26.8,26.64,26.66,11800
BIDU,20120327,150.27,154.15,148.5,150.02,7585500
BIIB,20120327,126.34,127.85,125.81,126.23,1899900
BIOC,20120327,5.61,5.61,5.59,5.61,200
BIOD,20120327,2.52,2.56,2.36,2.4,234800
BIOS,20120327,6.71,6.76,6.64,6.64,75000
BIS,20120327,90.68,91.2,90.44,90.92,2100
BJRI,20120327,50.43,50.75,49.99,50.29,248100
BKCC,20120327,10.05,10.19,10.03,10.05,372000
BKEP,20120327,6.6,6.68,6.5,6.5,54600
BKEPP,20120327,8.5,8.5,8.5,8.5,600
BKMU,20120327,4.23,4.25,4.18,4.22,85600
BKSC,20120327,11.42,11.42,11.42,11.42,200
BLDP,20120327,1.49,1.49,1.45,1.48,248000
BLDR,20120327,4.44,4.55,4.23,4.48,608500
BLIN,20120327,5.45,5.65,5.15,5.3,87500
BLKB,20120327,33.84,33.89,33.25,33.71,202300
BLMT,20120327,11.21,11.21,11.2,11.2,400
BLRX,20120327,2.91,3.18,2.91,3.14,59300
BMRC,20120327,40.44,40.44,39.28,39.8,7600
BMRN,20120327,35.3,35.41,34.88,35.02,503900
BMTC,20120327,22.99,23.2,22.51,22.59,17900
BNCL,20120327,9.23,9.23,8.99,9.01,35800
BNCN,20120327,7.59,7.74,7.32,7.74,7300
BNSO,20120327,1.2,1.2,1.2,1.2,0
BOBE,20120327,38.25,38.41,37.8,37.8,110100
BOCH,20120327,4.5,4.59,4.36,4.36,13800
BOFI,20120327,17.28,17.5,17.28,17.37,23100
BOKF,20120327,57.24,57.34,56.52,56.54,72300
BONA,20120327,5.31,5.42,5.3,5.31,14500
BONT,20120327,9.25,9.79,9.22,9.61,488100
BOOM,20120327,22.72,22.89,21.85,21.86,52500
BOSC,20120327,4.24,4.4,4.24,4.4,300
BOTJ,20120327,5.81,5.81,5.8,5.8,200
BPFH,20120327,10.09,10.1,9.97,9.98,433600
BPFHW,20120327,4.37,4.37,4.37,4.37,100
BPOP,20120327,21.2,21.3,20.7,20.8,6131500
BPOPM,20120327,20.03,20.38,19.93,20,41300
BPOPN,20120327,21.73,21.84,21.55,21.83,9500
BRCD,20120327,5.75,5.83,5.75,5.82,4838700
BRCM,20120327,39,39.66,38.94,38.95,9020200
BREW,20120327,6.65,6.85,6.4,6.76,29600
BRID,20120327,8.39,8.39,8.39,8.39,0
BRKL,20120327,9.55,9.55,9.41,9.43,234200
BRKR,20120327,15.78,15.91,15.36,15.54,775100
BRKS,20120327,12.34,12.46,12.15,12.31,278200
BSET,20120327,9.04,9.18,9.04,9.16,42900
BSFT,20120327,39.9,40.9,39.9,40.08,316900
BSPM,20120327,2.22,2.22,1.89,1.89,804300
BSQR,20120327,3.34,3.36,3.25,3.33,10900
BSRR,20120327,10.21,10.21,9.98,10.03,8700
BSTC,20120327,16,16.34,15.94,16.12,10400
BUR,20120327,6.49,6.49,6.49,6.49,0
BUSE,20120327,5.04,5.1,5,5.03,83400
BV,20120327,18.61,20.4,18.52,19.73,259600
BVSN,20120327,26.77,28.8,26.3,27.7,631500
BWEN,20120327,5.2,5.3,5,5.2,323100
BWINA,20120327,22.75,22.75,22.75,22.75,0
BWINB,20120327,23.3,23.58,23.05,23.23,9600
BWLD,20120327,92.97,94.81,92.14,92.21,752200
BYFC,20120327,1.39,1.39,1.39,1.39,100
CA,20120327,27.88,28,27.77,27.88,2971400
CAAS,20120327,6.9,6.97,6.56,6.6,163500
CAC,20120327,36.12,37,36.12,36.78,7100
CACB,20120327,5.9,6.09,5.67,6,2800
CACC,20120327,106.21,106.7,102.28,102.51,64900
CADC,20120327,28.68,29.04,28.68,28.68,33300
CAKE,20120327,30.5,30.5,29.9,29.91,668200
CALD,20120327,8.2,8.24,8,8.2,245900
CALI,20120327,6,6,6,6,0
CALL,20120327,24.83,25,22.7,22.97,674600
CALM,20120327,19.78,20.585,19.51,20.4,261500
CAMP,20120327,4.96,4.97,4.74,4.81,89600
CAMT,20120327,2.49,2.5,2.42,2.5,39200
CAR,20120327,14.48,14.57,14.07,14.08,1549500
CARB,20120327,10.82,11.2,10.8,11.02,250000
CART,20120327,2.3,2.3,2.29,2.29,1200
CARV,20120327,7.35,7.35,7.2,7.23,5600
CARZ,20120327,27.99,28.09,27.99,28.08,1000
CASH,20120327,20.53,20.55,20.4,20.55,2800
CASM,20120327,2.09,2.24,2.04,2.22,3100
CASS,20120327,40.35,41.89,40.35,41.28,17100
CASY,20120327,55.25,56.28,55.01,55.81,230900
CATM,20120327,26.96,27.24,25.96,26.1,596900
CATY,20120327,18.2,18.26,17.81,17.83,305500
CAVM,20120327,32.65,32.86,32.1,32.13,877200
CBAK,20120327,5.25,5.55,5.2,5.25,331000
CBAN,20120327,3.89,3.89,3.89,3.89,0
CBLI,20120327,59.2,59.4,57.6,58.4,72800
CBMX,20120327,16.3,16.3,16,16,1200
CBNJ,20120327,8.41,8.45,8.04,8.1,12100
CBNK,20120327,14.11,14.38,14.06,14.06,3700
CBOE,20120327,29.21,29.37,28.71,28.72,817200
CBPO,20120327,9.29,9.31,9.15,9.25,20600
CBRL,20120327,56.59,56.59,55.87,55.96,135300
CBSH,20120327,40.57,40.66,40.28,40.32,187600
CCBG,20120327,7.61,7.65,7.32,7.37,38600
CCCL,20120327,3.84,4.05,3.84,4.05,29400
CCIH,20120327,6.02,6.11,5.93,6.04,48900
CCMP,20120327,40.07,40.07,39.42,39.46,151200
CCNE,20120327,17.05,17.32,16.92,17.06,18200
CCOI,20120327,19.86,20.23,19.7,19.71,321100
CCRN,20120327,5.11,5.18,5.02,5.04,133800
CCUR,20120327,3.6,3.65,3.6,3.65,600
CCXI,20120327,11.05,11.38,10.78,11.33,12600
CDNS,20120327,12.1,12.22,12.05,12.14,1756100
CDTI,20120327,4.6,4.63,4.15,4.18,404400
CDXS,20120327,3.81,3.82,3.68,3.68,48700
CDZI,20120327,10.11,10.11,9.64,9.67,18900
CECE,20120327,7.9,7.9,7.5,7.71,43600
CECO,20120327,8.82,8.84,8.38,8.42,1233800
CELG,20120327,39.415,39.415,38.95,39.02,2478600
CELGZ,20120327,1.95,1.95,1.95,1.95,0
CEMP,20120327,7.5,7.7,7.4,7.6,22200
CENT,20120327,9.25,9.25,9.16,9.17,49000
CENTA,20120327,9.54,9.59,9.4,9.41,114700
CENX,20120327,9.39,9.49,9.02,9.04,978200
CERE,20120327,129.36,131.2,121.68,125.44,17200
CERN,20120327,39.075,39.145,38.055,38.08,1207700
CERS,20120327,4.15,4.2,4.11,4.13,359600
CETV,20120327,7.42,7.53,7.29,7.3,206300
CEVA,20120327,23.1,23.73,23.02,23.22,200100
CFBK,20120327,3.7,3.7,3.7,3.7,100
CFFI,20120327,29.71,30.45,29.71,30.44,2800
CFFN,20120327,11.82,11.94,11.78,11.85,672200
CFNB,20120327,15.56,15.67,15.06,15.29,3400
CFNL,20120327,11.32,11.39,11.2,11.22,130100
CGEN,20120327,5.98,6.02,5.9,5.91,77400
CGNX,20120327,22.015,22.19,21.875,21.89,111000
CHCI,20120327,1.73,1.82,1.71,1.72,22400
CHCO,20120327,35.53,35.71,35.17,35.19,23400
CHDN,20120327,57,57.91,56.43,57.08,33600
CHEF,20120327,22.55,22.98,22.16,22.67,30100
CHEV,20120327,8.7,8.7,8.55,8.55,3900
CHFC,20120327,23.38,23.45,23.12,23.17,38200
CHFN,20120327,9.1,9.44,9.09,9.22,4800
CHKE,20120327,11.73,11.84,11.34,11.34,51900
CHKP,20120327,64.2,64.46,63.47,63.47,1354600
CHLN,20120327,6.65,6.8,6.4,6.5,13600
CHNR,20120327,7.85,7.85,7.85,7.85,100
CHOP,20120327,38.4,39,37,37.7,129900
CHRS,20120327,5.45,5.74,5.38,5.41,4563700
CHRW,20120327,65.14,65.37,64.64,65.35,746000
CHSCP,20120327,29.51,29.69,29.25,29.52,8300
CHTR,20120327,64.54,64.88,63.83,63.98,145300
CIDM,20120327,1.82,1.82,1.71,1.75,38400
CINF,20120327,35.4,35.47,35.22,35.24,509400
CISG,20120327,6.53,6.68,6.51,6.55,45900
CIZN,20120327,19.45,19.45,19.45,19.45,0
CJJD,20120327,1.24,1.3,1.23,1.29,35600
CKEC,20120327,13.5,13.75,13.38,13.7,139800
CLBH,20120327,4.18,4.2,4.18,4.2,1200
CLCT,20120327,16.67,17.13,16.52,16.61,15300
CLDX,20120327,5.13,5.47,5.12,5.3,1493000
CLFD,20120327,5.53,5.56,5.4,5.43,18400
CLMS,20120327,13.03,13.1,12.96,12.98,241200
CLMT,20120327,26.35,26.44,26.16,26.31,205800
CLNE,20120327,23.54,23.58,22.75,23,1553800
CLNT,20120327,2,2,1.88,1.88,20900
CLRO,20120327,4.49,4.49,4.49,4.49,1500
CLSN,20120327,1.89,2,1.89,1.91,202700
CLUB,20120327,12.55,12.78,12.5,12.56,92300
CLVS,20120327,26,26.44,25.25,25.47,24300
CLWT,20120327,4.32,4.5,4.05,4.5,7800
CMCO,20120327,17.45,17.77,17.24,17.32,63300
CMCSA,20120327,30.27,30.41,30.14,30.17,11838100
CMCSK,20120327,29.81,30,29.79,29.83,2751200
CME,20120327,59.494,59.658,58.662,58.82,465600
CMLS,20120327,3.64,3.7,3.6,3.62,179600
CMTL,20120327,33.69,33.94,33.33,33.34,149100
CNBKA,20120327,28.5,28.86,28.16,28.51,6500
CNET,20120327,1.02,1.02,1,1.01,4600
CNIT,20120327,1.32,1.32,1.25,1.26,42600
CNMD,20120327,30.37,30.56,30.15,30.38,84600
CNOB,20120327,10.29,10.39,10.19,10.25,23300
CNSL,20120327,19.68,19.92,19.67,19.8,200100
CNTF,20120327,1.5,1.58,1.49,1.53,119200
CNTY,20120327,3.02,3.1,3.01,3.07,30500
CNYD,20120327,9.9,9.9,9.5,9.8,1600
COBZ,20120327,7.11,7.23,7.02,7.12,118100
COHR,20120327,59.58,59.7,59.04,59.04,52800
COHU,20120327,12.24,12.24,11.53,11.57,59100
COKE,20120327,62.68,63.1,62.47,62.68,8500
COLB,20120327,22.91,23.07,22.66,22.69,128100
COLM,20120327,23.895,24.14,23.895,23.98,200100
CONN,20120327,16.24,16.45,15.72,15.74,108800
COOL,20120327,18.2,18.48,17.99,18.06,370000
CORE,20120327,20.85,20.915,20.54,20.685,27800
CORT,20120327,3.96,4.01,3.85,3.98,376800
COSI,20120327,5,5.04,4.92,4.96,111000
COST,20120327,91.53,91.78,90.97,91.28,1310700
COWN,20120327,2.87,2.91,2.85,2.86,247000
CPGI,20120327,4.8,4.8,4.45,4.5,4300
CPHC,20120327,10.21,10.38,10.21,10.21,500
CPHD,20120327,44.5,44.5,43.09,43.13,374600
CPIX,20120327,7.54,7.57,7.5,7.51,36800
CPLA,20120327,37.84,37.87,36.27,36.43,291900
CPLP,20120327,8.07,8.2,7.92,7.99,272500
CPRT,20120327,26.79,26.79,26.505,26.545,186000
CPRX,20120327,1.1,1.17,1.1,1.13,141200
CPSI,20120327,57.35,58.3,56.75,57.24,106000
CPSS,20120327,1.52,1.52,1.45,1.45,11200
CPST,20120327,1.09,1.1,1.05,1.05,2133200
CRAI,20120327,26.11,26.11,25.43,25.5,30900
CRAY,20120327,7.69,7.8,7.52,7.52,176600
CRDC,20120327,2.03,2.08,2.03,2.05,34600
CRDS,20120327,5.61,5.86,5.61,5.67,33700
CREE,20120327,31.63,31.87,31.46,31.51,1488100
CREG,20120327,1.2,1.21,1.2,1.2,16200
CRESY,20120327,13.1,13.39,13.01,13.23,116100
CRIS,20120327,4.63,5.01,4.6,4.91,2127600
CRME,20120327,4.05,4.05,3.8,3.8,1017000
CRMT,20120327,45.79,46,45.44,45.72,62700
CRNT,20120327,9.49,9.53,9.28,9.3,57700
CROX,20120327,22.05,22.4,21.22,21.27,3127100
CRUS,20120327,24.61,24.69,24.26,24.3,1347700
CRVL,20120327,20.56,20.82,20.345,20.415,43200
CRWN,20120327,1.61,1.64,1.57,1.58,111000
CRWS,20120327,4.8,5.35,4.8,5.35,212200
CRZO,20120327,30.23,30.23,28.71,28.92,1659400
CSBK,20120327,10.35,10.49,10.25,10.3,33400
CSCD,20120327,4.59,4.59,4.37,4.4,5900
CSCO,20120327,20.93,21.05,20.88,20.91,44476300
CSFL,20120327,8.05,8.22,7.99,8.02,38100
CSGP,20120327,69.38,69.74,69,69.08,93100
CSGS,20120327,15.75,15.75,15.59,15.59,145300
CSII,20120327,9.6,9.68,9.38,9.39,135200
CSIQ,20120327,3.34,3.39,3.24,3.27,312700
CSOD,20120327,22.03,22.03,21.7,21.76,224700
CSPI,20120327,4.09,4.09,4.09,4.09,0
CSTE,20120327,11.24,11.25,11.1,11.2,132300
CSUN,20120327,1.95,1.98,1.87,1.93,15300
CSWC,20120327,23.955,24.05,23.5675,23.875,2100
CTAS,20120327,39.81,39.9,39.59,39.78,586000
CTBI,20120327,32.14,32.59,31.95,32.25,47200
CTCM,20120327,11.95,11.96,11.77,11.79,948200
CTCT,20120327,29.89,30.53,29.82,30.17,360400
CTHR,20120327,4.74,4.85,4.74,4.81,18600
CTIB,20120327,4.57,4.77,4.51,4.71,2100
CTIC,20120327,6.75,6.9,6.65,6.8,1956000
CTRN,20120327,12.46,12.5,12.1,12.11,45400
CTRP,20120327,23.15,23.72,23,23.09,3616800
CTSH,20120327,38.97,39,38.67,38.705,1428900
CTWS,20120327,29.3,29.99,29.15,29.15,22900
CTXS,20120327,80.35,80.7,79.09,79.36,1484000
CU,20120327,32.09,32.46,31.84,31.85,8300
CUBA,20120327,7.47,7.5,7.35,7.4,36600
CUI,20120327,4.73,4.83,4.65,4.67,9100
CUTR,20120327,9.16,9.34,9.14,9.21,30400
CVBF,20120327,11.83,11.95,11.69,11.69,1412200
CVCO,20120327,46.57,47.42,45.02,45.75,15900
CVCY,20120327,6.79,6.8,6.75,6.8,7500
CVGI,20120327,12.58,12.71,12.2,12.23,215400
CVGW,20120327,28,28,27.46,27.48,37300
CVLT,20120327,52.54,52.67,51.7,51.71,287200
CVLY,20120327,10.96,11,10.93,11,3000
CVTI,20120327,3.34,3.37,3.23,3.3,9800
CVV,20120327,13.2,13.95,13.2,13.26,315900
CWBC,20120327,2.55,2.57,2.55,2.55,1500
CWCO,20120327,7.91,8,7.78,7.82,69200
CWST,20120327,6.63,6.65,6.49,6.51,45900
CXDC,20120327,5.67,5.7,5.3,5.48,166800
CY,20120327,15.96,16.1,15.83,15.83,2093200
CYAN,20120327,10.22,10.22,9.32,9.63,114100
CYBE,20120327,9.16,9.16,9,9.08,6400
CYBX,20120327,37.99,39.22,37.99,38.87,180900
CYCC,20120327,4.55,5.04,4.55,4.83,389800
CYCCP,20120327,2.53,2.53,2.53,2.53,0
CYNO,20120327,18.05,18.05,17.84,17.85,16000
CYOU,20120327,29,29.39,28.8,29.08,204900
CYTK,20120327,7.02,7.02,6.72,6.96,68000
CYTR,20120327,2.87,2.94,2.66,2.66,1788900
CYTX,20120327,2.67,2.7,2.65,2.68,240400
CZFC,20120327,7.93,7.93,7.93,7.93,0
CZNC,20120327,20.48,21,20.48,20.86,16200
CZR,20120327,12.65,13.25,12.55,12.98,382700
CZWI,20120327,6.1,6.1,6.1,6.1,5000
DAEG,20120327,1.52,1.55,1.5,1.5,31800
DAIO,20120327,4.03,4.04,3.95,4.03,1800
DAKT,20120327,8.74,8.91,8.71,8.73,169100
DARA,20120327,7.45,7.85,7.15,7.15,66700
DATE,20120327,5.3,5.63,5.3,5.44,76900
DAVE,20120327,11.45,11.45,11.2,11.35,19100
DCIX,20120327,6.13,6.13,6.01,6.05,165200
DCOM,20120327,14.92,14.92,14.63,14.63,83200
DCTH,20120327,52.32,52.8,51.2,51.36,304500
DENN,20120327,4.35,4.37,4.23,4.24,173700
DEPO,20120327,6.55,6.7,6.49,6.5,245100
DEST,20120327,18.99,19.15,18.87,18.89,17700
DFVS,20120327,43.77,43.77,43.77,43.77,0
DGAS,20120327,18.985,19.1,18.86,18.985,1700
DGICA,20120327,13.98,14.03,13.67,13.79,12100
DGICB,20120327,17.89,17.89,17.89,17.89,100
DGII,20120327,11.01,11.1,10.85,11,172900
DGLY,20120327,0.48,0.5,0.47,0.5,66700
DHIL,20120327,73.95,74.25,73.35,73.7,3100
DHRM,20120327,2.5,2.5,2.36,2.45,5200
DIOD,20120327,24.38,24.71,24.07,24.2,244800
DISCA,20120327,48.9,49.53,48.75,49.5,1869200
DISCB,20120327,48.7,48.7,48.7,48.7,0
DISCK,20120327,23.14,23.275,23.05,23.075,599200
DISH,20120327,33.09,33.1,32.5,32.53,1481400
DJCO,20120327,79.4,79.4,79.4,79.4,0
DLBL,20120327,63.36,63.4,63.31,63.31,4700
DLBS,20120327,35.66,35.67,35.21,35.21,6000
DLTR,20120327,48,48.07,47.685,47.825,740500
DMLP,20120327,25,25.19,24.8,24.81,44700
DMND,20120327,23.72,23.77,22.95,22.99,910900
DMRC,20120327,28.63,28.63,28.04,28.15,15800
DNBF,20120327,13.9,13.9,13.86,13.86,1000
DNKN,20120327,30.45,30.84,30.21,30.38,677200
DORM,20120327,24.895,25.425,24.785,25.03,79200
DRAD,20120327,2.14,2.14,2.07,2.12,30100
DRAM,20120327,4.32,4.38,4.02,4.08,4300
DRRX,20120327,0.86,0.87,0.83,0.85,311900
DRWI,20120327,4.28,4.33,4.22,4.24,90900
DRYS,20120327,3.43,3.43,3.29,3.31,7610100
DSCI,20120327,9.33,9.4,9.23,9.27,811700
DSCO,20120327,2.78,2.79,2.65,2.66,1156300
DSGX,20120327,8.36,8.42,8.29,8.42,16700
DSPG,20120327,6.44,6.56,6.44,6.47,107100
DSWL,20120327,2.42,2.43,2.35,2.41,3200
DTLK,20120327,9.51,9.63,9.47,9.51,62800
DTSI,20120327,30.62,31.32,30.39,30.84,138500
DTUS,20120327,41.81,41.81,41.77,41.77,2500
DTYL,20120327,64.93,64.93,64.93,64.93,100
DTYS,20120327,34.04,34.04,33.53,33.6,48900
DVAX,20120327,47.3,47.9,46.6,47,1487500
DWA,20120327,18.59,18.59,18.08,18.3,1155000
DWCH,20120327,13.35,13.51,13.01,13.31,21300
DWSN,20120327,35.02,35.43,34.3,34.5,62000
DXCM,20120327,10.82,10.99,10.71,10.72,375000
DXPE,20120327,45.19,45.76,44.39,44.47,86500
DXYN,20120327,4,4,3.95,3.95,13900
DYAX,20120327,1.54,1.6,1.51,1.57,188400
DYNT,20120327,3.85,3.85,3.85,3.85,38100
DYSL,20120327,1.94,2,1.85,2,7000
EA,20120327,17.25,17.64,16.99,17.02,4394400
EAGLU,20120327,10.15,10.15,10.15,10.15,19300
EBAY,20120327,38.1,38.18,37.75,37.87,8786100
EBIX,20120327,23.89,24.04,23.49,23.87,523800
EBMT,20120327,9.9,9.97,9.9,9.97,2600
EBSB,20120327,5.5556,5.5556,5.4616,5.4902,5100
EBTC,20120327,16.51,16.77,16.39,16.77,10000
ECHO,20120327,16.9,17.04,16.64,16.74,84300
ECOL,20120327,21.6,21.71,21.44,21.53,63400
ECPG,20120327,22.26,22.7,22.24,22.38,82000
ECTE,20120327,19.6,20.6,19.4,20.4,78800
ECYT,20120327,5.53,5.83,5.47,5.56,704000
EDAP,20120327,1.9,1.98,1.85,1.88,58600
EDGW,20120327,3.75,3.94,3.7,3.73,54500
EDUC,20120327,4.95,4.98,4.95,4.98,1000
EEFT,20120327,20.15,20.47,19.85,20.37,255700
EEI,20120327,14.61,14.88,14.58,14.81,4700
EEMA,20120327,54.44,54.44,54.44,54.44,0
EEML,20120327,56.84,56.85,56.54,56.54,1100
EFII,20120327,16.89,16.98,16.5,16.5,151500
EFSC,20120327,12.19,12.3,11.99,11.99,16600
EFUT,20120327,3.93,3.93,3.93,3.93,2500
EGAN,20120327,5.95,6,5.88,6,6000
EGBN,20120327,17.4,17.6,17.28,17.31,24200
EGHT,20120327,4.06,4.1,3.95,3.95,545500
EGLE,20120327,140.4,149.04,129.6,131.04,1410300
EGOV,20120327,12.63,12.63,12.37,12.37,103100
EHTH,20120327,16.17,16.43,16.14,16.25,32900
ELGX,20120327,14.41,14.48,14.09,14.16,264100
ELNK,20120327,8.08,8.1,8.01,8.02,550900
ELON,20120327,4.64,4.75,4.58,4.59,187800
ELOS,20120327,11,11.15,10.98,11.01,39200
ELRC,20120327,19.08,19.35,18.98,19.01,37800
ELSE,20120327,4,4,4,4,0
ELTK,20120327,1.54,1.66,1.54,1.66,110600
EMCB,20120327,75.05,75.1,75.04,75.08,9400
EMCF,20120327,18.59,18.59,18.59,18.59,100
EMCI,20120327,13.8533,13.9733,13.56,13.6667,6900
EMIF,20120327,33.88,33.89,33.73,33.73,10000
EMITF,20120327,55,55,51.8,52.4,4900
EMKR,20120327,4.91,4.98,4.82,4.85,165700
EML,20120327,19.26,20.25,19.26,20.25,1400
EMMS,20120327,0.85,0.87,0.82,0.85,93900
EMMSP,20120327,16,16,16,16,1000
ENDP,20120327,38.85,39.03,38.51,38.79,1037700
ENG,20120327,2.29,2.34,2.25,2.34,46100
ENOC,20120327,7.92,7.97,7.65,7.66,283000
ENSG,20120327,27.43,27.5,26.73,26.78,49500
ENTG,20120327,9.63,9.73,9.44,9.44,583600
ENZN,20120327,7.33,7.34,7.2,7.22,175400
EPAX,20120327,5.86,5.87,5.51,5.53,47700
EPAY,20120327,28.73,28.89,28.32,28.49,276000
EPIQ,20120327,12.44,12.51,12.33,12.33,68800
EQIX,20120327,151.82,152.5,150.59,151.86,963600
ERIC,20120327,10.38,10.41,10.25,10.26,3260400
ERIE,20120327,77.61,78.04,77.61,77.69,28800
ERII,20120327,2.22,2.32,2.22,2.29,172000
EROC,20120327,10.54,10.58,10.14,10.17,885700
ESBK,20120327,19,19.26,19,19.15,1200
ESCA,20120327,5.9,5.94,5.87,5.94,3800
ESEA,20120327,2.36,2.37,2.32,2.32,32400
ESGR,20120327,99.95,101.5,99.66,100.72,19800
ESIO,20120327,15.15,15.15,15.01,15.06,77600
ESLT,20120327,37.31,38.55,37.31,37.9,5300
ESMC,20120327,1.01,1.02,0.97,1.01,23900
ESRX,20120327,53.81,53.85,53,53.21,5901300
ESSA,20120327,9.85,10.03,9.75,9.83,14500
ESSX,20120327,4.09,4.37,4.03,4.13,67100
ETFC,20120327,11.37,11.45,11.18,11.19,3853000
ETRM,20120327,2.3,2.31,2.26,2.29,40000
EUFN,20120327,18.53,18.55,18.28,18.28,23900
EVBS,20120327,3.62,3.74,3.5,3.74,2200
EVEP,20120327,70.89,71.15,69.41,69.68,230500
EVK,20120327,1.38,1.44,1.38,1.4,3100
EVOL,20120327,5.66,5.73,5.44,5.7,10200
EWBC,20120327,23.72,23.72,23.33,23.37,792300
EXAC,20120327,16.87,16.87,16.36,16.46,33900
EXAS,20120327,10.24,10.27,10.13,10.22,419700
EXEL,20120327,5.89,5.9,5.68,5.69,1211700
EXFO,20120327,7.4,7.49,7.28,7.28,77800
EXLP,20120327,22.9,22.94,22.08,22.1,208400
EXLS,20120327,27.48,27.53,27.11,27.25,152800
EXPD,20120327,46.83,46.9,46.47,46.58,926300
EXPE,20120327,34.25,34.65,34.08,34.12,5975600
EXPO,20120327,24.985,25,24.57,24.605,19400
EXTR,20120327,3.96,3.99,3.89,3.89,408000
EXXI,20120327,34.34,36.06,34.23,35.75,1891800
EZCH,20120327,44.95,45.23,44.5,44.68,180000
EZPW,20120327,32.79,33,32.51,32.7,287700
FALC,20120327,3.78,3.79,3.65,3.66,95700
FARM,20120327,11.95,12.17,11.9,11.9,27200
FARO,20120327,57.57,58.42,57.45,58.03,66200
FAST,20120327,54.71,55.05,54.48,54.59,1447900
FBIZ,20120327,19,19,18.95,19,800
FBMS,20120327,8.69,9.04,8.69,9.04,2300
FBNC,20120327,11.27,11.46,11.03,11.21,29900
FBNK,20120327,13.5,13.59,13.33,13.42,16400
FBRC,20120327,10.24,10.4,10.12,10.2,92300
FBSS,20120327,12.37,12.37,12.35,12.35,500
FCAP,20120327,20.5,20.5,20.5,20.5,600
FCBC,20120327,13.88,13.97,13.64,13.64,17700
FCCO,20120327,7.6,7.68,7.6,7.68,500
FCCY,20120327,7.89,8.08,7.76,8.08,8500
FCEL,20120327,1.6,1.6,1.53,1.53,1244000
FCFS,20120327,44.41,44.51,43.11,43.56,355800
FCLF,20120327,6.16,6.16,6.16,6.16,900
FCNCA,20120327,186.42,186.42,183.1,183.1,4500
FCTY,20120327,4.54,4.65,4.44,4.61,4300
FCVA,20120327,2.05,2.05,2.05,2.05,200
FDEF,20120327,17.32,17.46,17.26,17.36,10800
FDML,20120327,17.89,17.97,17.7,17.81,106500
FDUS,20120327,13.6,13.64,13.43,13.47,21000
FEIC,20120327,49.02,49.74,48.83,49.29,485500
FEIM,20120327,8.4,8.4,8.17,8.22,1400
FELE,20120327,25.585,25.84,25.095,25.115,209100
FES,20120327,6.15,6.4,6.15,6.36,12500
FFBC,20120327,17.4,17.41,17.16,17.17,131100
FFBCW,20120327,5.99,5.99,5.99,5.99,0
FFHL,20120327,1.71,1.73,1.68,1.7,16900
FFIC,20120327,13.95,14.01,13.73,13.76,61000
FFIN,20120327,17.9,17.925,17.72,17.745,53300
FFIV,20120327,134.94,135.93,134,134.11,878300
FFKT,20120327,6.59,6.59,6.01,6.17,10700
FFNM,20120327,3.71,3.92,3.7,3.92,800
FFNW,20120327,7.62,7.81,7.61,7.8,6300
FHCO,20120327,5.57,5.69,5.53,5.61,54000
FIBK,20120327,15,15.07,14.91,15,27900
FINL,20120327,25.47,25.57,25.06,25.38,1067200
FISI,20120327,16.89,17.15,16.63,16.77,13000
FISV,20120327,35,35,34.795,34.85,520800
FITB,20120327,14.3,14.33,13.99,14,12360500
FIZZ,20120327,16.17,16.32,16.03,16.08,54100
FLAT,20120327,57.02,57.29,57,57.25,16200
FLDM,20120327,15.7,15.8,15.59,15.59,34100
FLEX,20120327,7.19,7.28,7.12,7.22,6642300
FLIC,20120327,18,18,17.7667,17.8733,13800
FLIR,20120327,25.89,25.96,25.71,25.75,910800
FLML,20120327,5.77,5.77,5.41,5.47,50700
FLWS,20120327,3.06,3.08,2.98,2.99,107300
FLXS,20120327,17.99,18.39,17.87,18.12,11500
FMBI,20120327,12.33,12.38,12.18,12.19,291300
FMER,20120327,17.17,17.29,17.05,17.05,442700
FMNB,20120327,6.2,6.2,6.01,6.15,6400
FNFG,20120327,9.83,9.95,9.8,9.85,9217700
FNGN,20120327,22.77,22.77,22.37,22.47,317300
FNLC,20120327,15.47,15.52,14.98,15.14,13500
FNSR,20120327,19.93,20.5,19.78,20.14,3659000
FOLD,20120327,5.7,5.74,5.59,5.66,95200
FONE,20120327,27.91,27.91,27.89,27.89,600
FONR,20120327,2.75,2.79,2.6,2.63,120900
FORD,20120327,2.43,2.51,2.35,2.4,30400
FORM,20120327,5.65,5.73,5.54,5.54,279500
FORR,20120327,33.25,33.49,32.99,32.99,54500
FORTY,20120327,17.04,17.04,16.77,16.88,4000
FOSL,20120327,134.98,135.41,133.95,133.98,585900
FRAN,20120327,32.57,32.86,31.44,31.54,414800
FRBK,20120327,2.04,2.34,2.03,2.32,94800
FRED,20120327,14.95,15.03,14.79,14.85,158700
FREE,20120327,2675,2725,2500,2600,38900
FRME,20120327,12.13,12.39,12.09,12.11,68000
FRP,20120327,3.9,3.96,3.78,3.79,98400
FSBK,20120327,4.17,4.23,4.04,4.16,9600
FSC,20120327,9.9,9.92,9.76,9.77,699700
FSFG,20120327,17.03,17.03,17.03,17.03,100
FSGI,20120327,3.35,3.39,3.13,3.38,4100
FSLR,20120327,26.25,26.85,26.01,26.11,3274300
FSTR,20120327,29.21,29.26,28.82,29.03,40700
FSYS,20120327,27.15,27.7,26.92,27.29,260600
FTEK,20120327,5.58,5.69,5.5,5.61,62800
FTNT,20120327,27.09,27.87,27.03,27.12,1766900
FTR,20120327,4.18,4.19,4.05,4.09,28785400
FUEL,20120327,1.26,1.26,1.15,1.15,437700
FULL,20120327,7.52,7.57,7.45,7.57,47000
FULT,20120327,10.6,10.62,10.49,10.49,724900
FUNC,20120327,5.74,5.74,5.62,5.62,400
FUND,20120327,7.11,7.13,7.07,7.12,67100
FWRD,20120327,35.68,36.22,35.38,36.18,130700
FXCB,20120327,13.13,13.18,12.92,13.02,22000
FXEN,20120327,5.82,6,5.8,5.83,207900
GABC,20120327,20.74,20.87,20.35,20.54,14600
GAI,20120327,4.97,4.97,4.97,4.97,0
GAIA,20120327,4.03,4.19,3.97,4.11,45700
GAIN,20120327,8,8.02,7.79,7.81,56600
GAINP,20120327,25.05,25.05,25.05,25.05,0
GALE,20120327,2.17,2.17,1.85,1.88,6127200
GALT,20120327,5.12,5.2,4.4,4.57,202100
GALTU,20120327,10.1,10.1,9.48,9.9,125200
GAME,20120327,5.26,5.39,5.19,5.28,278800
GASS,20120327,6.05,6.1,6,6.07,45200
GBCI,20120327,15.15,15.25,15.03,15.05,290800
GBDC,20120327,14.92,14.98,14.74,14.75,62200
GBLI,20120327,19.92,19.93,19.61,19.86,26200
GBNK,20120327,9.8,9.85,9.35,9.85,84400
GCBC,20120327,17.95,17.95,17.95,17.95,0
GCVRZ,20120327,1.33,1.37,1.28,1.37,756600
GENC,20120327,7.09,7.09,6.96,6.97,26200
GENE,20120327,14.6,15,13.35,14.3,41400
GERN,20120327,1.77,1.84,1.77,1.81,545800
GEVO,20120327,153.6,154.95,145.05,145.8,182600
GFED,20120327,9,9,8.55,9,1800
GFN,20120327,2.83,2.83,2.72,2.81,4900
GGAL,20120327,6.43,6.47,6.3,6.38,285800
GHDX,20120327,31.88,31.88,30.88,31.39,94400
GIFI,20120327,31.03,31.03,29.4,29.42,64800
GIGA,20120327,1.23,1.26,1.22,1.25,2000
GIGM,20120327,1.3,1.34,1.3,1.32,39700
GIII,20120327,14.35,14.81,14.31,14.585,235800
GILD,20120327,23.71,23.855,23.56,23.695,4768900
GILT,20120327,4.1,4.1,3.96,4.02,59400
GLAD,20120327,8.29,8.37,8.2,8.24,70000
GLBS,20120327,4.95,5.1,4.95,5.1,10800
GLBZ,20120327,10,10,9.9,9.9,10400
GLDC,20120327,3.38,3.38,3.38,3.38,500
GLDD,20120327,7.55,7.82,7.49,7.78,1250700
GLNG,20120327,39.52,39.63,38.43,38.55,486800
GLRE,20120327,24.93,24.95,24.72,24.79,69300
GLUU,20120327,4.58,4.66,4.35,4.47,3138100
GMAN,20120327,20.89,21.2,20.47,20.55,42200
GMCR,20120327,52.03,54.22,51.56,51.91,4047000
GMLP,20120327,37.6,37.75,36.9,37.25,28600
GNCMA,20120327,9.92,9.92,9.38,9.38,115600
GNMA,20120327,49.89,50.08,49.88,50.08,2000
GNMK,20120327,4.09,4.24,4.05,4.24,83400
GNTX,20120327,12.455,12.52,12.375,12.39,676400
GNVC,20120327,2.6,2.68,2.56,2.68,46200
GOLD,20120327,90.84,91.23,88.56,89.26,933000
GOOD,20120327,17.9,18.02,17.74,17.86,31200
GOODN,20120327,25.2,25.37,25.05,25.24,2400
GOODO,20120327,25.05,25.05,25.05,25.05,0
GOODP,20120327,25.18,25.2,24.81,25.2,1700
GOOG,20120327,323.515,326.75,322.4,323.51,2008800
GPIC,20120327,6.91,6.93,6.91,6.93,200
GPOR,20120327,31.08,31.08,30.19,30.21,538500
GPRE,20120327,10.91,10.94,10.82,10.91,291700
GPRO,20120327,68.16,68.16,66.99,67.17,212400
GRFS,20120327,15.2,15.62,15.16,15.6,2724600
GRID,20120327,28.55,28.56,28.49,28.52,4200
GRIF,20120327,26.67,26.71,25.6,25.8,3500
GRMN,20120327,47.71,47.98,47.16,47.8,713000
GROW,20120327,7.16,7.18,7.1,7.1,19300
GRPN,20120327,17.5,18.5,17.32,18.28,2168800
GRVY,20120327,26.72,26.72,22.64,23.44,905100
GSBC,20120327,24.06,24.99,24.06,24.45,12800
GSIG,20120327,12.2,12.38,12.1,12.17,100700
GSIT,20120327,4.23,4.31,4.23,4.29,50200
GSM,20120327,15.03,15.69,14.92,15.18,253400
GSOL,20120327,5.96,6.6,5.96,6.45,70200
GSVC,20120327,19.71,20.39,19.25,20.18,985300
GT,20120327,12.02,12.08,11.83,11.86,7170800
GTIM,20120327,1.05,1.12,0.95,1.11,15900
GTLS,20120327,75.19,75.19,74.19,74.63,324400
GTXI,20120327,3.82,3.94,3.68,3.85,630900
GUID,20120327,11.22,11.56,11.07,11.35,127400
GULF,20120327,15.29,15.4,15,15.4,8200
GURE,20120327,2.5,2.57,2.4,2.5,182700
GYRO,20120327,98,100.75,98,100.75,3300
HA,20120327,5.29,5.42,5.24,5.28,359300
HAFC,20120327,10.24,10.25,10.08,10.18,208600
HAIN,20120327,22.125,22.31,22,22.135,360500
HALL,20120327,7.81,7.96,7.66,7.9,27600
HALO,20120327,12.88,13.5,12.85,13.35,2501500
HAS,20120327,37.12,37.7,37.02,37.34,1496100
HAYN,20120327,63.15,63.88,62.41,62.91,60000
HBAN,20120327,6.42,6.44,6.33,6.35,10424600
HBANP,20120327,1160,1170,1160,1170,400
HBCP,20120327,16.99,17.44,16.94,17.16,11300
HBHC,20120327,36.43,36.65,36.17,36.17,403200
HBIO,20120327,4.34,4.34,4.11,4.18,54200
HBNC,20120327,11.82,11.9933,11.6867,11.6867,8600
HCBK,20120327,7.34,7.35,7.26,7.27,2610300
HCCI,20120327,20.66,20.87,19.57,20.23,15500
HCKT,20120327,5.92,6.21,5.91,6.09,260100
HCOM,20120327,16.9,16.9,16.8,16.89,5000
HCSG,20120327,21.69,22.08,21.6,22.04,689100
HDNG,20120327,9.48,9.72,9.4,9.4,33700
HDSN,20120327,3.4,3.43,3.14,3.24,178400
HEES,20120327,19.66,19.69,18.97,18.97,285200
HELE,20120327,34.79,35.1,34.63,34.76,149300
HEOP,20120327,4.5,4.8,4.5,4.76,37300
HFBC,20120327,8.76,8.76,8.76,8.76,0
HFBL,20120327,14.01,14.01,14.01,14.01,0
HFFC,20120327,11.84,11.95,11.84,11.9,900
HFWA,20120327,13.93,13.95,13.67,13.8,10100
HGSH,20120327,0.69,0.69,0.63,0.64,8700
HIBB,20120327,55.4,55.72,54.8,55.13,228500
HIFS,20120327,53.1,56.94,52.61,55.01,6500
HIHO,20120327,2.45,2.45,2.35,2.44,12000
HILL,20120327,1.61,1.63,1.58,1.62,166300
HIMX,20120327,2.29,2.34,1.95,2.05,1013100
HLIT,20120327,5.66,5.7,5.58,5.62,685300
HMIN,20120327,26.65,26.99,25.82,26.75,551100
HMNF,20120327,2.12,2.12,2.12,2.12,100
HMNY,20120327,4.14,4.14,3.75,4.14,2600
HMPR,20120327,2.9,3.2,2.85,3.11,47000
HMST,20120327,14.025,14.03,13.28,13.62,33200
HMSY,20120327,31.69,32.2,31.62,31.91,538600
HNH,20120327,13.55,13.98,13.19,13.76,22600
HNRG,20120327,8.89,8.92,8.69,8.82,7800
HNSN,20120327,3.15,3.15,3,3.06,439600
HOFT,20120327,13.44,13.78,13.38,13.68,26300
HOLI,20120327,10.9,11,10.53,10.68,136800
HOLX,20120327,21.42,21.68,21.4,21.63,3077400
HOMB,20120327,13.5,13.5,13.37,13.405,78400
HOVNP,20120327,3.75,3.76,3.75,3.76,5100
HPJ,20120327,1.06,1.11,1.05,1.06,9100
HRZN,20120327,16.53,16.62,16.36,16.42,39600
HSIC,20120327,76.7,76.82,76.23,76.4,212300
HSII,20120327,22.11,22.11,21.62,21.8,68500
HSKA,20120327,11.77,11.8,11.49,11.5,17500
HSNI,20120327,38.12,38.6,37.98,38.25,255800
HSTM,20120327,24.07,24.23,23.45,23.71,113400
HTBK,20120327,6.31,6.38,6.2,6.34,72500
HTCH,20120327,2.22,2.26,2.22,2.26,82400
HTHT,20120327,12.62,12.62,12.35,12.47,159400
HTLD,20120327,14.87,14.92,14.81,14.89,181500
HTLF,20120327,17.04,17.5,17.04,17.28,8200
HTWR,20120327,67.67,67.93,66.66,66.81,40800
HUBG,20120327,36.18,36.29,36.02,36.11,138500
HURC,20120327,27.52,28.15,27.3,28,45700
HURN,20120327,37.98,38.64,37.98,38.29,120600
HWAY,20120327,7.56,7.64,7.42,7.53,97100
HWBK,20120327,7.21,7.44,7.21,7.4,1500
HWCC,20120327,14.49,14.56,14.02,14.07,142700
HWKN,20120327,37.81,38.9,37.81,38.39,17700
HYGS,20120327,4.71,5.1,4.71,5.1,12900
HZNP,20120327,3.7,3.74,3.63,3.66,52500
IACI,20120327,50.65,51.05,50.23,50.33,888700
IART,20120327,35.78,36.07,35.47,35.48,178600
IBB,20120327,124.39,124.39,123.39,123.54,367100
IBCP,20120327,2,2.22,2,2.15,107100
IBKC,20120327,54.62,55.22,54.48,54.98,181800
IBKR,20120327,17.36,17.44,17.27,17.34,358300
IBOC,20120327,21.5,21.88,21.41,21.72,378500
ICAD,20120327,0.49,0.52,0.49,0.5,117600
ICCC,20120327,5.07,5.15,4.56,5.15,8400
ICFI,20120327,25.65,25.73,25.27,25.38,99500
ICLN,20120327,9.39,9.44,9.39,9.39,27300
ICLR,20120327,21.58,22.33,21.53,21.8,306500
ICON,20120327,18.01,18.01,17.82,17.85,803100
ICUI,20120327,49.03,49.34,48.97,49.26,89400
IDCC,20120327,36.37,36.49,35.72,35.81,332400
IDRA,20120327,1.42,1.53,1.42,1.53,35100
IDSA,20120327,5.29,5.4,5.22,5.4,14000
IDSY,20120327,5.92,6,5.81,5.84,11500
IDTI,20120327,7.38,7.52,7.35,7.42,2111400
IDXX,20120327,42.995,43.335,42.725,43.08,168200
IEP,20120327,42.3,43,42.3,42.99,5300
IESC,20120327,4.72,5.09,4.32,4.74,35000
IFEU,20120327,28.26,28.48,28.26,28.35,900
IFGL,20120327,29.29,29.31,29.09,29.1,17500
IFON,20120327,0.72,0.8,0.72,0.8,27000
IGLD,20120327,7.2,7.21,7,7.05,3100
IGOV,20120327,99.68,99.81,99.55,99.67,19300
III,20120327,1.25,1.28,1.22,1.22,13500
IIIN,20120327,12.51,12.67,12.39,12.42,48800
IIJI,20120327,7.91,8.18,7.91,8,50300
IILG,20120327,17.12,17.43,17,17.12,376700
IIN,20120327,6.59,7.01,6.59,6.94,3900
IIVI,20120327,24.43,24.63,23.87,23.87,219500
IKAN,20120327,7.3,7.5,7.1,7.3,30400
IKNX,20120327,8.51,8.51,8.51,8.51,2000
ILMN,20120327,50.69,50.7,50.1,50.2,669800
IMGN,20120327,14.44,14.55,14.14,14.16,283500
IMI,20120327,6.63,6.63,6.34,6.47,158800
IMKTA,20120327,18.26,18.39,18.11,18.14,22100
IMMR,20120327,5.63,5.7,5.51,5.52,60500
IMMU,20120327,3.72,3.77,3.65,3.72,224100
IMMY,20120327,1.75,1.75,1.75,1.75,0
IMOS,20120327,18.7,18.85,17.78,17.96,356900
INAP,20120327,7.65,7.65,7.42,7.42,143100
INCY,20120327,19.82,20,19.64,19.65,882200
INDB,20120327,28.89,29,28.58,28.62,37100
INDY,20120327,23.58,23.58,23.48,23.52,88200
INFI,20120327,12.17,12.4,11.67,11.73,206100
INFN,20120327,8.02,8.32,8.02,8.16,967800
ININ,20120327,31.31,31.56,31.18,31.31,54900
INOD,20120327,5.13,5.24,5.1,5.21,11800
INPH,20120327,5.29,5.5,5.28,5.5,2700
INSM,20120327,3.9,3.92,3.72,3.73,47400
INTC,20120327,28.24,28.28,28.07,28.19,24372000
INTG,20120327,19.76,19.76,19.76,19.76,100
INTL,20120327,22.01,22.19,21.98,22,44600
INTU,20120327,58.95,59.65,58.5,59.48,2588300
INTX,20120327,13.63,13.71,13.45,13.5,32900
INVE,20120327,21,22,19.7,20.2,257500
INWK,20120327,11.63,11.8,11.52,11.66,390000
IOSP,20120327,31.05,31.34,30.79,30.94,75400
IPAR,20120327,16.16,16.36,15.91,15.93,83300
IPAS,20120327,2.69,2.7,2.61,2.64,144500
IPCC,20120327,53.25,53.46,52.96,53,52800
IPCI,20120327,2.85,2.89,2.8,2.86,82100
IPCM,20120327,38.49,38.52,37.93,37.93,197000
IPGP,20120327,55.08,55.28,53.83,53.94,199800
IPHS,20120327,49.28,49.61,48.47,48.47,111600
IPXL,20120327,24.37,24.49,24.09,24.23,294100
IQNT,20120327,12.75,12.92,12.29,12.36,146500
IRBT,20120327,28.5,28.91,27.92,27.93,633600
IRDM,20120327,9.29,9.3,8.96,9.01,219300
IRIX,20120327,4.32,4.32,4.1,4.29,18300
IROQ,20120327,12.27,12.27,12.02,12.11,9300
IRWD,20120327,13.65,13.91,13.65,13.78,291200
ISBC,20120327,5.9294,5.9647,5.8627,5.902,132700
ISCA,20120327,26.29,26.54,26.17,26.24,151800
ISHG,20120327,99.23,99.23,98.81,99.07,7800
ISIG,20120327,1.6,1.68,1.56,1.68,31300
ISIL,20120327,11.58,11.58,11.42,11.42,1012200
ISIS,20120327,9.11,9.2,9,9.13,522400
ISLE,20120327,7.31,7.48,7.26,7.34,159800
ISM,20120327,22.2,22.2,22.1,22.1,700
ISNS,20120327,6.7,6.86,6.7,6.86,900
ISRG,20120327,543,550.47,539.53,546.31,313700
ISRL,20120327,88.01,95,88.01,95,1200
ISSC,20120327,4.36,4.47,4.32,4.43,5400
ISSI,20120327,11.34,11.4,11.25,11.33,73600
ITIC,20120327,47.35,49.78,45.7,48.99,10100
ITRI,20120327,44.9,44.91,44.19,44.86,246100
ITRN,20120327,13.46,13.46,12.79,13.02,71800
IVAC,20120327,8.61,8.69,8.34,8.34,65200
IXYS,20120327,13.11,13.39,13.03,13.11,70300
JACK,20120327,23.94,23.99,23.75,23.76,499100
JAKK,20120327,17.2,17.55,17.06,17.37,134100
JASO,20120327,8.6,8.7,8.5,8.6,2379100
JAXB,20120327,67,68,62.8,66.8,7600
JAZZ,20120327,48.91,49.3,48.27,48.3,438300
JBHT,20120327,54.78,55.13,54.2,54.86,779400
JBLU,20120327,5.2,5.21,5.06,5.07,2633600
JBSS,20120327,12.06,12.37,12.06,12.36,43500
JCOM,20120327,30.67,30.72,29.98,30,572900
JCS,20120327,13.39,14,13.3,13.77,15800
JCTCF,20120327,4.45,4.45,4.45,4.45,100
JIVE,20120327,26.97,27.2,26.7,26.81,337800
JJSF,20120327,52.19,52.79,51.82,52.33,41100
JKHY,20120327,34.46,34.71,34.22,34.52,300800
JMBA,20120327,10.55,10.75,10.4,10.55,1070600
JOBS,20120327,29.73,29.835,29.39,29.76,55400
JOEZ,20120327,1.29,1.3,1.22,1.29,405700
JOUT,20120327,18.23,18.71,18.18,18.67,19100
JRJC,20120327,2.56,2.6,2.52,2.57,18100
JSM,20120327,21.75,21.75,21.5,21.62,35100
JST,20120327,8.67,8.78,8.5,8.78,35000
JVA,20120327,12.72,12.98,12.25,12.33,430700
JXSB,20120327,15.11,15.28,15.08,15.1,1900
KALU,20120327,49.29,49.29,48.32,48.4,83500
KCAP,20120327,7.08,7.08,7,7.03,413300
KCLI,20120327,32.88,33.64,32.88,33.37,3900
KELYA,20120327,15.66,15.79,15.52,15.54,149700
KELYB,20120327,14.97,14.97,14.97,14.97,0
KEQU,20120327,8.38,8.38,8.38,8.38,0
KERX,20120327,5.1,5.12,4.83,4.85,2541900
KEYW,20120327,7.59,7.61,7.48,7.48,28700
KFFB,20120327,9.11,9.11,9.11,9.11,100
KFRC,20120327,14.97,15.01,14.65,14.73,126400
KGJI,20120327,1.65,1.65,1.32,1.49,1006200
KINS,20120327,3.4,3.4,3.4,3.4,0
KIRK,20120327,16.96,17.18,16.85,16.95,60800
KLAC,20120327,54.15,55.03,53.84,54.44,3383000
KLIC,20120327,12.66,12.76,12.38,12.4,832000
KNDI,20120327,3.43,3.49,3.39,3.46,25900
KONA,20120327,5.48,5.53,5.45,5.5,49300
KONE,20120327,4.5,4.5,4.5,4.5,500
KOOL,20120327,0.86,0.88,0.82,0.84,20100
KOPN,20120327,3.83,4.07,3.77,3.99,555400
KOSS,20120327,5.41,5.73,5.41,5.67,5300
KRNY,20120327,9.87,10,9.71,9.85,18300
KTCC,20120327,9.27,9.75,9.22,9.6,61300
KTEC,20120327,13.2,13.54,12.97,13.54,4400
KTOS,20120327,5.97,5.98,5.75,5.76,215300
KUTV,20120327,1.99,2.12,1.99,2.03,286500
KVHI,20120327,10.79,10.86,10.52,10.62,75600
KZ,20120327,6.06,6.1,5.85,6.01,29200
LABC,20120327,15.61,15.61,15.55,15.55,4400
LABL,20120327,23.48,23.89,23.07,23.12,36500
LAKE,20120327,10.15,10.45,10.11,10.22,9000
LAMR,20120327,33.13,33.37,32.81,32.83,230100
LANC,20120327,66.37,67.16,66.37,66.61,55900
LARK,20120327,19.98,19.98,19.98,19.98,0
LAWS,20120327,16.01,16.08,15.62,15.65,5200
LAYN,20120327,21.33,21.81,21.31,21.71,224300
LBAI,20120327,10.49,10.56,10.26,10.27,31200
LBIX,20120327,3.78,3.78,3.61,3.7,2900
LBTYA,20120327,26.0654,26.0807,25.7741,25.7946,593100
LBTYB,20120327,50.48,50.48,50.48,50.48,0
LBTYK,20120327,48.92,49.02,48.39,48.41,187100
LCNB,20120327,13.15,13.15,13.15,13.15,100
LCUT,20120327,10.92,11.12,10.8,11.07,13400
LECO,20120327,45.87,45.89,45.52,45.57,213100
LEDS,20120327,4.05,4.14,4.01,4.03,93400
LFUS,20120327,61.16,62.16,60.68,61.52,146100
LGCY,20120327,29.38,29.55,28.96,29.05,109100
LGND,20120327,18.24,18.38,17.89,17.9,58200
LHCG,20120327,18.47,18.84,18.47,18.49,70200
LIFE,20120327,48.87,49.2,48.62,48.75,1573300
LIME,20120327,20.51,21.35,20.3,21.21,73600
LINC,20120327,8.1,8.1,7.89,7.9,257500
LINE,20120327,38.51,38.52,38.14,38.2,700600
LION,20120327,6.64,6.65,6.58,6.65,5600
LIOX,20120327,2.99,3.04,2.97,3.01,177000
LIVE,20120327,1.5,1.5,1.4167,1.4467,7900
LKFN,20120327,26.19,26.19,25.81,25.85,28000
LKQ,20120327,15.8,15.93,15.72,15.9,411700
LLNW,20120327,3.45,3.49,3.36,3.37,644200
LLTC,20120327,33.68,33.7,33.46,33.49,1553600
LMAT,20120327,5.82,5.82,5.75,5.75,3600
LMCA,20120327,29.7467,29.8633,29.3933,29.4567,435000
LMCB,20120327,31.1407,31.1407,31.1407,31.1407,0
LMIA,20120327,20.19,20.19,18.92,18.98,30600
LMNR,20120327,17.63,18.04,17.39,17.92,9600
LMNX,20120327,23.25,23.5,23.11,23.36,207700
LMOS,20120327,11.2,11.23,10.64,10.66,37200
LNCE,20120327,25.34,25.59,25.32,25.56,183600
LNDC,20120327,7.39,7.44,6.51,6.6,491500
LOAN,20120327,1.11,1.11,1.11,1.11,0
LOGI,20120327,7.89,7.92,7.83,7.85,344900
LOGM,20120327,35.46,35.76,35.25,35.3,547200
LOJN,20120327,3.97,4.12,3.97,4.06,35000
LONG,20120327,14.51,14.67,14.4,14.5,13800
LOOK,20120327,3.33,3.39,3.27,3.36,44100
LOPE,20120327,18.03,18.03,17.67,17.9,363700
LORL,20120327,78.79,79.68,78.52,79.65,77500
LPLA,20120327,37.95,38.47,37.9,38.34,348100
LPNT,20120327,40.05,40.43,39.43,39.45,241400
LPSB,20120327,9.28,9.28,9.28,9.28,0
LPSN,20120327,17.4,17.57,17.21,17.21,254500
LPTH,20120327,1.5,1.5,1.44,1.45,16400
LQDT,20120327,47.85,48.03,46.99,47.43,293100
LRAD,20120327,1.67,1.78,1.64,1.74,55800
LRCX,20120327,44.56,45.29,44.32,44.91,4227300
LSBK,20120327,9.95,9.95,9.95,9.95,300
LSCC,20120327,6.49,6.55,6.4,6.4,954400
LSTR,20120327,58.05,58.21,57.69,58.15,179800
LTBR,20120327,3.26,3.27,3.12,3.15,18400
LTRX,20120327,2.92,2.95,2.88,2.9,7800
LULU,20120327,75.05,75.48,74.56,74.68,1759400
LUNA,20120327,1.52,1.52,1.52,1.52,500
LWAY,20120327,9.33,9.46,9.24,9.34,7700
LXRX,20120327,13.65,13.65,12.88,13.65,507200
LYTS,20120327,7.67,7.67,7.49,7.55,37100
MAGS,20120327,4.2,4.42,4.19,4.37,38500
MANH,20120327,12.23,12.24,12.1025,12.115,95500
MANT,20120327,35.24,35.24,34.59,34.61,167300
MARK,20120327,6,6,5.75,5.99,2300
MARPS,20120327,24.62,24.71,24.62,24.71,500
MASI,20120327,23.33,23.46,23.16,23.17,643700
MAT,20120327,34.55,34.62,34.24,34.38,1561300
MATR,20120327,8.09,8.2,8,8.2,12600
MATW,20120327,32.65,32.68,32.03,32.03,92500
MAYS,20120327,17.7,18.05,17.7,18.05,300
MBFI,20120327,21.67,21.7,21.17,21.32,276800
MBLX,20120327,19.68,20.82,19.68,20.04,164100
MBRG,20120327,16.89,17.5,16.89,17.09,21000
MBTF,20120327,2.11,2.18,2.09,2.18,50100
MBVT,20120327,27.16,27.89,27.16,27.69,13700
MBWM,20120327,14.1,14.25,13.9,14.24,5300
MCBC,20120327,3.19,3.3,3.19,3.26,50400
MCEP,20120327,23.76,23.79,23.36,23.74,50400
MCHP,20120327,36.91,37.08,36.82,36.92,1448600
MCHX,20120327,4.74,4.88,4.44,4.51,207400
MCOX,20120327,6.8,6.95,6.65,6.7,20100
MCRI,20120327,10.79,10.79,10.23,10.45,27300
MDAS,20120327,13.48,13.67,13.26,13.3,463400
MDCA,20120327,11.89,12.15,11.88,12,251600
MDCO,20120327,20.3,20.46,20.15,20.31,227700
MDM,20120327,4.94,5.04,4.85,4.86,5000
MDRX,20120327,17.68,17.72,17.41,17.44,1985600
MDSO,20120327,13.785,13.98,13.76,13.765,388400
MDVN,20120327,37.81,37.81,36.895,37.02,375900
MELA,20120327,44.3,44.6,43.5,44.2,140700
MELI,20120327,101.8,102.98,101.55,101.82,287500
MEMP,20120327,18.39,18.39,17.86,18.09,49900
MENT,20120327,15.39,15.47,15.25,15.27,1143300
MEOH,20120327,32.53,32.83,32.16,32.26,224700
MERC,20120327,7.75,7.86,7.68,7.71,116200
METR,20120327,11.77,11.93,11.58,11.77,44000
MFLX,20120327,28.5,28.63,28.04,28.24,53400
MFNC,20120327,7.03,7.03,7.03,7.03,0
MFRI,20120327,7.51,7.56,7.24,7.4,2800
MFRM,20120327,38.35,38.83,36.5,37.76,89200
MFSF,20120327,9.7,9.8,9.7,9.8,5900
MGEE,20120327,29.7,29.8867,29.5467,29.72,146900
MGIC,20120327,6.6,6.64,6.56,6.6,54800
MGLN,20120327,47.93,47.96,47.06,47.76,207400
MGPI,20120327,5.74,5.84,5.53,5.61,21800
MGRC,20120327,32.99,32.99,32.5,32.67,107100
MGYR,20120327,5.27,5.27,5.27,5.27,800
MHGC,20120327,5.37,5.37,5.17,5.18,141900
MHLD,20120327,9.22,9.22,9.02,9.1,342400
MIDD,20120327,34.0333,34.2833,33.77,33.8233,77800
MIND,20120327,23.12,23.23,22.13,22.33,121600
MINI,20120327,21.75,21.87,21.64,21.65,92000
MITK,20120327,12.68,12.97,12.31,12.37,853300
MITL,20120327,3.84,3.95,3.7,3.9,121300
MKSI,20120327,30.25,30.61,29.99,30.1,279200
MKTX,20120327,37.67,37.81,37.09,37.43,223800
MLAB,20120327,49.1,50.48,48.5,49.25,8600
MLHR,20120327,23.01,23.19,22.84,22.99,308100
MLNK,20120327,5.41,5.51,5.41,5.49,204100
MLNX,20120327,41.77,41.94,41.3,41.91,179400
MLVF,20120327,7.8,7.8,7.8,7.8,0
MMLP,20120327,34.79,34.9,34,34.01,90900
MMSI,20120327,12.34,12.37,12.1,12.1,170200
MMYT,20120327,22.98,23.83,22.97,23.43,101500
MNDO,20120327,1.93,1.93,1.85,1.9,52000
MNKD,20120327,2.38,2.57,2.37,2.51,3680800
MNOV,20120327,3.1,3.1,2.91,2.91,5300
MNRK,20120327,7.475,7.5,7.2917,7.3333,4100
MNRO,20120327,43.46,43.81,42.87,42.9,287400
MNST,20120327,61.43,62.08,61.16,61.88,730700
MNTA,20120327,15.97,15.97,15.33,15.34,295000
MNTX,20120327,7.37,7.42,7.07,7.17,33200
MOBI,20120327,3.6,3.8,3.55,3.72,216800
MOCO,20120327,16.78,16.78,16.75,16.75,300
MOFG,20120327,18.95,19.2,18.72,18.85,13900
MORN,20120327,62,62.32,61.47,62.15,109500
MOSY,20120327,4.1,4.22,4.07,4.07,106900
MPAA,20120327,9.96,10.1,9.85,9.86,30200
MPB,20120327,10.95,10.95,10.27,10.94,4200
MPEL,20120327,14.14,14.25,14.11,14.16,3081500
MPET,20120327,1.35,1.38,1.33,1.37,93100
MPWR,20120327,19.63,19.91,19.49,19.62,190000
MRCY,20120327,13.66,13.88,13.48,13.5,133400
MRGE,20120327,6.5,6.53,6,6,959700
MRLN,20120327,15.57,15.8,15.39,15.49,15000
MRTN,20120327,15.0733,15.0733,14.78,14.9267,42800
MRVL,20120327,15.85,15.92,15.62,15.75,6887800
MSBF,20120327,5.96,5.96,5.96,5.96,0
MSCC,20120327,21.92,22.3,21.85,21.92,289500
MSEX,20120327,18.75,18.98,18.73,18.82,24200
MSFG,20120327,12.1,12.1,11.69,11.71,28200
MSFT,20120327,32.65,32.7,32.4,32.52,36274800
MSLI,20120327,2.31,2.41,2.28,2.41,24000
MSON,20120327,1.95,2.05,1.95,2.05,14600
MSTR,20120327,141.23,141.65,139.65,139.87,157300
MTEX,20120327,3.9,3.94,3.7,3.82,8000
MTGE,20120327,21.79,21.84,21.71,21.8,490000
MTRX,20120327,15.06,15.06,14.4,14.41,156800
MTSC,20120327,54.24,54.82,53.77,53.9,68900
MTSI,20120327,21.32,22.25,21,21,63500
MTSL,20120327,1.83,1.83,1.83,1.83,0
MTSN,20120327,2.93,3,2.93,2.98,143000
MU,20120327,8.33,8.65,8.31,8.57,39448600
MVIS,20120327,3.09,3.09,2.94,2.96,79900
MXIM,20120327,29.13,29.23,28.83,28.88,2492500
MXWL,20120327,18.63,18.8,18.43,18.46,131200
MYGN,20120327,23.31,23.47,23.23,23.41,667400
MYL,20120327,23.33,23.45,23.2,23.35,3491900
MYRG,20120327,17.78,18.08,17.76,17.84,179100
NAII,20120327,6.06,6.26,6.06,6.14,11100
NANO,20120327,18.78,18.99,18.67,18.73,140900
NATH,20120327,21,21.02,21,21,1500
NATI,20120327,27.86,28.37,27.86,28.27,342200
NATL,20120327,25.89,26.41,25.56,26.14,18200
NATR,20120327,17.05,17.32,16.72,16.84,32000
NAUH,20120327,7.22,7.59,6.92,6.92,16300
NAVG,20120327,48.31,48.65,47.49,47.5,18500
NBBC,20120327,4.28,4.39,4.21,4.38,12900
NBIX,20120327,8.48,8.52,7.73,7.78,6300000
NBN,20120327,11.76,11.95,11.75,11.95,1300
NBTB,20120327,22.35,22.56,22.1,22.11,150600
NCIT,20120327,6.29,6.43,6.22,6.23,106600
NCMI,20120327,15.44,15.53,15.22,15.27,390900
NCTY,20120327,6.42,6.47,6.3,6.43,41000
NDAQ,20120327,27.21,27.34,26.58,26.61,1332500
NDSN,20120327,54.79,55.78,54.69,55.15,289400
NECB,20120327,5.75,5.75,5.57,5.72,4300
NEOG,20120327,25.4333,27.1733,24.8667,26.4533,255000
NEPT,20120327,3.07,3.16,3.05,3.14,213000
NEWP,20120327,17.75,18.09,17.57,17.82,503500
NEWS,20120327,10.86,11.22,10.76,10.87,62500
NEWT,20120327,7.5,8.15,7.5,7.75,25000
NFBK,20120327,14.61,14.61,14.05,14.13,15200
NFEC,20120327,0.94,0.95,0.9,0.93,6900
NFLX,20120327,17.4486,17.6386,17.22,17.2386,3488100
NICE,20120327,39.1,39.81,38.84,39.47,394100
NICK,20120327,13.79,13.82,13.52,13.54,15000
NIHD,20120327,18.11,18.26,17.98,18.17,1993600
NILE,20120327,35.16,35.35,33.84,34,203900
NKSH,20120327,30.21,30.21,29.23,29.75,5500
NKTR,20120327,7.89,8.39,7.84,8.21,2629900
NLNK,20120327,10.09,10.09,9.28,9.45,36200
NLST,20120327,3.46,3.64,3.44,3.52,490400
NMRX,20120327,9.9,10.35,9.9,10.06,11300
NNBR,20120327,9.07,9.28,8.87,8.88,195400
NPBC,20120327,9.2,9.23,8.98,8.98,547000
NRIM,20120327,21.8,22.14,21.64,22.14,3600
NSEC,20120327,8.5,9.05,8.5,9.05,1900
NSIT,20120327,22.15,22.23,21.87,22.07,204000
NSPH,20120327,36.2,39,34.6,38.8,98800
NSSC,20120327,3.15,3.15,3.08,3.1,24000
NSYS,20120327,3.9,3.93,3.9,3.93,800
NTAP,20120327,46.39,46.52,46,46.06,5044800
NTCT,20120327,21.43,21.54,21.11,21.11,181700
NTES,20120327,58.72,60.47,58.51,59.42,969300
NTGR,20120327,38.31,39.66,38.31,38.88,314300
NTIC,20120327,15.4,15.5,15.39,15.39,900
NTK,20120327,40.33,40.33,39.95,40,4400
NTLS,20120327,20.74,21.18,20.55,20.93,100000
NTRI,20120327,11.17,11.7,11.08,11.46,900000
NTRS,20120327,48.04,48.15,47.38,47.48,1340900
NTWK,20120327,3.8,3.9,3.8,3.8,278200
NUAN,20120327,26.11,26.2,25.52,25.61,4850100
NURO,20120327,4.5,4.68,4.5,4.56,96900
NUTR,20120327,14.35,14.71,14.3,14.46,33400
NUVA,20120327,17.53,17.89,17.34,17.37,453400
NVAX,20120327,1.35,1.36,1.32,1.32,687900
NVDA,20120327,14.78,15,14.75,14.82,10507600
NVDQ,20120327,6.5,6.5,6.45,6.5,10100
NVEC,20120327,54.46,54.5,53.57,53.78,7300
NVGN,20120327,2.39,2.44,2.39,2.4,900
NVLS,20120327,49.57,50.54,49.57,50.11,2477000
NVMI,20120327,9.28,9.28,9.01,9.04,64200
NVSL,20120327,7.2,7.2,7.2,7.2,3000
NWBI,20120327,12.85,12.98,12.84,12.84,232700
NWFL,20120327,26.25,26.55,26.25,26.55,1500
NWLI,20120327,137.2,140,136.6,137.57,5400
NWPX,20120327,21.67,22.1,21.48,21.48,26500
NWS,20120327,20.48,20.64,20.45,20.49,1609600
NWSA,20120327,20.29,20.4,20.21,20.25,10785300
NXPI,20120327,26.92,27.44,26.7,26.91,724100
NXST,20120327,8.86,8.92,8.41,8.54,11200
NXTM,20120327,19.21,19.94,19.21,19.65,368100
NYMT,20120327,6.85,6.92,6.7,6.83,227400
NYMX,20120327,8.4,8.42,8.18,8.19,45000
NYNY,20120327,2.35,2.37,2.21,2.22,21500
OBAS,20120327,5.5,5.5,5.35,5.35,10300
OBCI,20120327,2.7,2.71,2.46,2.55,23900
OCC,20120327,3.36,3.36,3.36,3.36,300
OCFC,20120327,14.42,14.62,14.22,14.24,39000
OCLR,20120327,4.25,4.48,4.17,4.36,4882800
OCLS,20120327,7.84,8.4,7.7,8.4,145900
ODFL,20120327,32.3,32.4867,31.92,31.9867,604600
OFED,20120327,11.69,11.69,11.69,11.69,100
OFIX,20120327,38.57,38.73,38.34,38.44,83800
OFLX,20120327,12.86,13.18,12.8,12.96,2200
OGXI,20120327,13.67,13.94,13.58,13.71,170500
OIIM,20120327,5.65,5.71,5.59,5.61,74100
OKSB,20120327,9.16,9.35,8.9,9.12,69500
OLBK,20120327,10.3,10.55,10.3,10.51,7800
OMAB,20120327,16.29,16.53,16.29,16.41,6700
OMCL,20120327,15.56,15.62,15.24,15.32,108000
OMER,20120327,9.9,10.16,9.8,9.88,165100
OMEX,20120327,3.13,3.16,3.09,3.11,265500
ONCY,20120327,4.08,4.1,3.97,4.02,49900
ONEQ,20120327,122.83,123.52,122.83,123.07,4800
ONFC,20120327,10.25,10.25,10.1,10.1,900
ONTY,20120327,4.33,4.5,4.3,4.47,453400
ONVI,20120327,3.78,3.85,3.76,3.85,1900
OPHC,20120327,4.88,7,4.84,6.8,201400
OPOF,20120327,10.9,10.9,10.9,10.9,0
OPTT,20120327,3.04,3.14,3.02,3.11,26800
OPXA,20120327,3.08,3.2,2.92,3.16,47100
OPXAW,20120327,0.22,0.23,0.22,0.23,3800
ORBC,20120327,3.78,3.84,3.76,3.8,308500
ORBK,20120327,11.29,11.36,11.29,11.35,43600
OREX,20120327,4.9,4.93,4.61,4.63,2039400
ORIG,20120327,17.14,17.28,17.03,17.16,83100
ORIT,20120327,14.77,14.9,14.64,14.8,590300
ORLY,20120327,91.38,91.62,90.63,91.27,459300
ORRF,20120327,9.2,9.2,8.5,9.2,20000
OSBC,20120327,1.55,1.65,1.55,1.59,23100
OSBCP,20120327,4.72,5.43,4.72,5.24,4200
OSHC,20120327,11.75,11.75,11.75,11.75,0
OSIR,20120327,5.2,5.33,5.18,5.27,45500
OSIS,20120327,63.32,63.4,61.46,62.35,119500
OSM,20120327,23.29,23.3,23.04,23.23,14200
OSN,20120327,1.09,1.13,1.09,1.13,10600
OSTK,20120327,5.95,5.95,5.57,5.58,174200
OSUR,20120327,11.21,11.6,11.21,11.43,460900
OTEX,20120327,30.085,30.215,29.905,29.955,187700
OTIV,20120327,1.49,1.73,1.48,1.65,782600
OTTR,20120327,22.31,22.39,22.14,22.32,102500
OVBC,20120327,18.4,18.4,18.4,18.4,0
OVLY,20120327,6.72,6.72,6.72,6.72,0
OVTI,20120327,19.53,19.81,19.38,19.54,1778200
OXGN,20120327,12.96,12.96,12.24,12.6,138700
OXLC,20120327,15.41,16,15.41,15.9,11300
OZRK,20120327,15.89,15.89,15.695,15.715,175700
PAAS,20120327,21.87,21.98,21.62,21.68,964600
PACB,20120327,3.76,3.91,3.64,3.65,91400
PACW,20120327,24.1,24.15,23.9,23.91,129400
PAGG,20120327,30.6,30.6,30.4,30.4,4500
PANL,20120327,37.5,37.76,36.6,36.61,451600
PATK,20120327,7.42,7.84,7.4133,7.8067,151600
PAYX,20120327,32.2,32.24,32.01,32.1,1354400
PBCT,20120327,13.42,13.42,13.29,13.32,3576600
PBHC,20120327,9.5,9.5,9.5,9.5,0
PBIB,20120327,1.9,1.99,1.8,1.82,6300
PBIP,20120327,5.59,5.59,5.49,5.57,1000
PBSK,20120327,12.37,12.38,12.36,12.38,1100
PCAR,20120327,47.98,47.99,47.3,47.35,1507600
PCBK,20120327,9.79,9.8,9.59,9.6,19900
PCCC,20120327,8.24,8.41,8.09,8.29,36400
PCH,20120327,31.65,31.79,31.41,31.56,120800
PCLN,20120327,734.69,736.45,727.2,728.85,955100
PCO,20120327,2.54,2.64,2.53,2.62,591100
PCOM,20120327,10.59,10.68,10.33,10.51,33400
PCRX,20120327,11.63,11.92,11.5,11.59,186400
PCTI,20120327,6.63,6.65,6.51,6.6,30000
PCYO,20120327,2.25,2.28,2.19,2.25,9000
PDCO,20120327,32.6,32.78,32.39,32.61,478100
PDEX,20120327,2.4,2.46,2.4,2.43,8600
PDFS,20120327,8.13,8.48,8.13,8.44,37800
PDII,20120327,6.41,6.71,6.41,6.71,5300
PDLI,20120327,6.45,6.49,6.38,6.41,1366500
PEBK,20120327,7.85,7.85,7.73,7.82,3100
PEBO,20120327,17.22,17.75,17.22,17.47,19200
PEGA,20120327,19.29,19.4,18.945,18.945,123400
PEIX,20120327,16.8,16.95,16.2,16.2,2066500
PENN,20120327,44.72,44.95,44.42,44.63,296900
PERF,20120327,10.21,10.29,9.85,9.9,27100
PERI,20120327,5.15,5.18,5.1,5.1,10800
PERY,20120327,18.64,18.66,18.22,18.43,128000
PESI,20120327,8.1,8.15,8,8.1,59200
PETS,20120327,11.9,12.15,11.81,11.98,300700
PFBC,20120327,11.99,12,11.67,11.96,4800
PFBI,20120327,7.5,7.75,7.5,7.73,7400
PFBX,20120327,9.5,9.72,9.47,9.72,3700
PFIN,20120327,4.69,4.81,4.55,4.7,12800
PFLT,20120327,11.88,11.97,11.51,11.84,10500
PFSW,20120327,4.11,4.17,4,4.16,107100
PGC,20120327,12.71,13,12.71,12.99,1600
PGNX,20120327,10,10.19,9.97,10,52200
PGTI,20120327,1.75,1.79,1.75,1.78,28000
PHII,20120327,23.14,23.14,23.14,23.14,0
PHIIK,20120327,24.75,25.33,24.17,25,10800
PHMD,20120327,12.73,12.99,12.66,12.95,67500
PICO,20120327,23.31,23.69,23.03,23.19,77400
PKBK,20120327,6.84,7.16,6.84,7.04,1000
PKOH,20120327,21,21,20.57,20.63,32300
PLAB,20120327,6.69,6.86,6.68,6.75,342300
PLBC,20120327,3.4,3.4,3.4,3.4,1300
PLCE,20120327,52.96,53.46,51.71,51.8,528300
PLCM,20120327,19.93,20.1,19.81,19.84,1825200
PLNR,20120327,2.3,2.37,2.24,2.37,13600
PLPC,20120327,69.6,69.99,68.58,69.89,4600
PLTM,20120327,19.88,19.96,19.88,19.89,4400
PLUG,20120327,1.42,1.43,1.35,1.36,442100
PLUS,20120327,33.09,33.11,32.51,32.77,4100
PLXS,20120327,35.86,36.23,35.65,35.66,138100
PMBC,20120327,5.16,5.29,5.08,5.17,14100
PMCS,20120327,7.11,7.29,7.1,7.25,2475800
PMD,20120327,9.81,9.97,9.8,9.87,16500
PNBK,20120327,18.1,18.1,18.1,18.1,0
PNFP,20120327,18.25,18.35,18.07,18.22,144100
PNNT,20120327,10.6,10.68,10.56,10.6,315300
PNQI,20120327,42.22,42.57,42.21,42.22,14300
PNRA,20120327,164.69,165.99,161.73,162.39,423500
PNRG,20120327,26.55,26.55,26.55,26.55,100
PNTR,20120327,2.89,2.89,2.89,2.89,0
PODD,20120327,19.19,19.76,19.12,19.54,232200
POOL,20120327,37.93,38.19,37.7,37.97,204900
POPE,20120327,43.5,43.75,43.5,43.75,2500
POWI,20120327,37.91,38.28,37.67,37.67,95300
POWL,20120327,34.95,35.24,34.56,34.74,28200
POZN,20120327,5.53,5.72,5.49,5.62,509600
PPBI,20120327,8.13,8.13,8,8.1,12000
PPHM,20120327,0.58,0.58,0.55,0.55,877700
PRAA,20120327,24.4467,24.6933,24.3667,24.37,153700
PRAN,20120327,1.69,1.72,1.69,1.69,44400
PRCP,20120327,5.95,5.95,5.76,5.82,53200
PRFT,20120327,12.7,12.7,12.25,12.27,72400
PRFZ,20120327,69.42,69.61,68.91,68.92,35500
PRGS,20120327,24.52,24.76,24.37,24.4,386600
PRGX,20120327,6.1,6.22,6.1,6.14,45600
PRIM,20120327,16.69,16.8,16.5,16.54,195400
PRKR,20120327,1.06,1.09,1,1.04,160600
PRMW,20120327,1.99,2.02,1.96,1.99,170500
PROV,20120327,10.54,10.57,10.44,10.56,1400
PRPH,20120327,0.94,0.94,0.94,0.94,300
PRSC,20120327,15.56,15.83,15.38,15.59,176100
PRTS,20120327,3.71,3.73,3.66,3.68,42100
PRXI,20120327,34.5,35,33.9,34.8,156900
PRXL,20120327,27.7,27.75,27.25,27.25,460000
PSAU,20120327,40.1,40.21,39.9,39.9,3300
PSBH,20120327,4.98,4.98,4.98,4.98,1000
PSCC,20120327,34.33,34.4,34.19,34.24,7900
PSCD,20120327,33.02,33.02,32.75,32.8,35600
PSCE,20120327,38.45,38.45,37.81,37.88,3900
PSCF,20120327,30.15,30.15,29.98,29.98,3900
PSCH,20120327,35.55,35.73,35.45,35.45,11500
PSCI,20120327,30.89,30.91,30.89,30.91,200
PSCM,20120327,29.56,29.56,29.56,29.56,0
PSCT,20120327,32.25,32.28,31.94,31.94,69000
PSCU,20120327,30.45,30.52,30.45,30.45,2100
PSDV,20120327,1.96,2.6,1.96,2.5,872900
PSEC,20120327,10.96,11.11,10.94,11.08,2167400
PSEM,20120327,8.54,8.63,8.28,8.29,69300
PSMT,20120327,71.84,73.08,71.82,72.61,243300
PSTB,20120327,4.9,4.92,4.79,4.84,61800
PSTI,20120327,2.31,2.33,2.25,2.3,66600
PSUN,20120327,1.81,1.82,1.78,1.8,322300
PTEN,20120327,17.87,17.95,17.32,17.55,4926900
PTIE,20120327,3.61,3.64,3.58,3.59,62100
PTNR,20120327,7.6,7.64,7.5,7.58,229200
PTNT,20120327,3.26,3.28,3.26,3.26,4700
PTSI,20120327,11.69,12.58,11.69,12.38,15600
PULB,20120327,7.81,7.92,7.68,7.71,4500
PVTB,20120327,15.27,15.42,15.25,15.25,269500
PVTBP,20120327,26.34,26.6,26.32,26.5,3000
PWOD,20120327,41.4,41.89,41.2,41.67,6000
PWX,20120327,14.68,14.68,14.68,14.68,0
PXLW,20120327,2.38,2.4,2.32,2.4,7600
PZZA,20120327,18.99,19.075,18.95,18.98,87500
QABA,20120327,26.28,26.28,26.24,26.25,2900
QADA,20120327,13.54,13.74,13.23,13.56,11200
QADB,20120327,13.5,13.67,13.29,13.67,800
QBAK,20120327,1.81,1.81,1.81,1.81,0
QCCO,20120327,4.48,4.63,4.48,4.62,3000
QCLN,20120327,10.97,11.03,10.84,10.97,20300
QCOM,20120327,68.59,68.87,68.34,68.49,10089800
QCRH,20120327,12.1,12.26,12.05,12.15,3300
QDEL,20120327,17.84,18.43,17.84,18.24,158100
QGEN,20120327,15.49,15.6,15.44,15.51,1210400
QKLS,20120327,18.72,18.72,17.04,17.04,7100
QLGC,20120327,17.98,18.05,17.86,17.93,692800
QLIK,20120327,31.78,32.94,31.78,32.6,2229100
QLTI,20120327,7.31,7.33,7.11,7.18,104800
QNST,20120327,10.28,10.49,10.2,10.33,1513600
QQEW,20120327,27.28,27.28,27.18,27.18,149100
QQQ,20120327,68.14,68.49,68.13,68.21,37278100
QQQC,20120327,16.09,16.18,16.06,16.09,7400
QQQX,20120327,15.6,15.7,15.57,15.68,72300
QQXT,20120327,24.5,24.51,24.46,24.49,7100
QSII,20120327,43.87,44.2,43.51,43.72,293500
QTEC,20120327,28.93,28.97,28.8,28.8,15800
QTWW,20120327,3.04,3.04,2.88,2.88,955100
QUIK,20120327,2.5,2.59,2.49,2.55,131900
RADA,20120327,2.09,2.09,1.89,2.01,7200
RAIL,20120327,23.3,23.74,23.29,23.38,174800
RAND,20120327,3.23,3.23,3.23,3.23,0
RAVN,20120327,31.265,31.565,30.595,30.685,32200
RBCAA,20120327,25.04,25.18,24.34,24.38,43900
RBCN,20120327,10.91,11.03,10.42,10.55,615800
RBPAA,20120327,1.33,1.33,1.25,1.25,1800
RCII,20120327,38.31,39.5,37.97,38.39,1324400
RCKY,20120327,12.93,12.99,12.69,12.99,10200
RCMT,20120327,5.75,5.88,5.67,5.72,16200
RCON,20120327,2.28,2.45,2.06,2.12,233200
RDCM,20120327,5.43,5.55,5.23,5.4,2800
RDEN,20120327,36.65,36.7,36.31,36.33,406300
RDI,20120327,4.49,4.5,4.4,4.45,23700
RDIB,20120327,6,6,6,6,0
RDNT,20120327,3.37,3.44,3.32,3.32,122900
RDWR,20120327,18.02,18.43,18.02,18.16,171600
RECN,20120327,13.42,13.61,13.42,13.5,163200
REDF,20120327,6.69,7.11,6.58,6.82,298700
REFR,20120327,3.59,3.67,3.58,3.6,19800
REGI,20120327,10.21,10.46,9.98,10.09,84200
REGN,20120327,119.9,120.1,116.05,116.19,671600
REIS,20120327,9.87,9.93,9.25,9.38,7300
RELL,20120327,12.02,12.11,11.91,11.96,17500
RELV,20120327,1.25,1.34,1.25,1.25,6100
RENT,20120327,22.65,23.15,22.46,23.03,88000
REXI,20120327,6.46,6.5,6.01,6.14,18800
REXX,20120327,10.8,11.22,10.63,11.17,1332600
RFIL,20120327,3.53,3.55,3.53,3.55,3300
RGCO,20120327,18.25,18.4,17.65,17.68,10100
RGEN,20120327,5.05,5.44,5.05,5.37,331600
RGLD,20120327,64.65,65.13,64.04,64.7,505300
RICK,20120327,9.27,9.31,8.93,9.13,29400
RIGL,20120327,8.41,8.42,8.03,8.03,202900
RITT,20120327,3.25,3.39,3.2,3.35,6400
RIVR,20120327,15.51,15.51,15.51,15.51,0
RJET,20120327,5.25,5.28,4.93,4.93,244100
RLOC,20120327,7.69,8,7.51,7.64,479900
RLOG,20120327,8.36,8.47,8.36,8.47,36100
RMBS,20120327,6.77,6.83,6.69,6.71,527200
RMCF,20120327,9.29,9.29,9.26,9.28,2600
RMTI,20120327,9.75,10.07,9.38,9.45,62100
RNET,20120327,18.19,18.42,17.77,17.77,8700
RNST,20120327,16.58,16.77,16.32,16.36,29000
RNWK,20120327,10.61,10.66,10.28,10.29,51200
ROCK,20120327,15.66,15.86,15.44,15.45,74800
ROIA,20120327,1.07,1.07,1,1,5100
ROIAK,20120327,0.98,1.03,0.97,0.97,66500
ROIC,20120327,12.04,12.07,12.01,12.03,180000
ROLL,20120327,46.56,47.1,46.33,46.82,127500
ROSG,20120327,5.55,6.3,5.55,5.55,118900
ROST,20120327,29.445,29.525,29.285,29.5,1771500
ROVI,20120327,33.21,33.23,32.36,32.53,865500
ROYL,20120327,5.35,5.43,5.27,5.27,185300
RP,20120327,19.13,19.45,18.92,19.14,358100
RPRX,20120327,4.39,4.42,4.09,4.16,100200
RPTP,20120327,6.98,7,6.87,6.95,264700
RPXC,20120327,17.34,17.52,17.05,17.13,216100
RRD,20120327,12.98,13.13,12.86,12.91,1500000
RRGB,20120327,37.15,37.5,37.02,37.11,124700
RSTI,20120327,26.91,27.09,26.62,26.62,76600
RSYS,20120327,7.82,7.95,7.78,7.82,64500
RTIX,20120327,3.76,3.76,3.64,3.69,116400
RUSHA,20120327,22.89,23.02,22.62,22.63,83300
RUSHB,20120327,18.49,18.72,18.25,18.46,30600
RUTH,20120327,7.63,7.66,7.46,7.6,162500
RVSB,20120327,2.16,2.3,2.15,2.3,2900
RYAAY,20120327,35.65,36.37,35.6,36.15,176200
SAAS,20120327,5.76,5.9,5.75,5.75,85500
SAFM,20120327,54.49,54.83,53.53,53.73,274100
SAFT,20120327,42.71,42.71,41.75,41.82,27000
SAIA,20120327,11.5067,11.5733,11.3667,11.3933,154600
SALM,20120327,4.42,4.7,4.42,4.57,189600
SANM,20120327,11.22,11.4,11.15,11.17,579000
SANW,20120327,5.87,5.87,5.74,5.77,17200
SASR,20120327,19.06,19.24,18.65,18.7,35300
SATS,20120327,29.02,29.23,28.7,28.71,374300
SAVE,20120327,19.97,19.97,19.47,19.49,613100
SBAC,20120327,50.91,50.95,50.29,50.7,1101800
SBBX,20120327,5.45,5.45,5.45,5.45,0
SBCF,20120327,9.5,9.55,9.3,9.45,238500
SBGI,20120327,11.93,11.99,11.57,11.58,373500
SBLK,20120327,13.8,14.1,13.8,13.95,80900
SBNY,20120327,64.93,65.1,64.15,64.19,182500
SBNYW,20120327,41.77,41.77,41.77,41.77,100
SBRA,20120327,16.31,16.55,16.29,16.29,159800
SBSA,20120327,4.02,4.65,4,4.38,225300
SBSI,20120327,21.419,21.4286,21.0476,21.1048,40200
SBUX,20120327,27.985,28.23,27.83,28.13,6710700
SCHL,20120327,37.11,37.16,36.44,36.45,454900
SCHN,20120327,41.16,41.56,40.5,40.58,209300
SCLN,20120327,6.44,6.52,6.38,6.39,299300
SCMP,20120327,7.62,7.75,7.3,7.58,40300
SCON,20120327,9,9.36,9,9.24,53300
SCOR,20120327,23.55,23.63,22.02,22.16,1474700
SCSC,20120327,38.31,38.38,37.83,37.84,41700
SCSS,20120327,33.1,33.94,32.55,32.62,907500
SCVL,20120327,22.5067,22.5333,22.1267,22.1667,73500
SEAC,20120327,8.15,8.25,7.99,8.06,190300
SEED,20120327,2.63,2.63,2.46,2.47,412800
SEIC,20120327,21.38,21.38,21.15,21.16,365800
SENEA,20120327,27.62,27.8,27.05,27.32,9500
SENEB,20120327,27,27,27,27,0
SEV,20120327,6.51,6.59,6.51,6.51,5500
SFLY,20120327,33.16,33.73,32.94,32.99,557100
SFNC,20120327,26.02,26.17,25.7,25.73,47600
SFST,20120327,7.02,7.03,7,7,2300
SGC,20120327,11.75,11.75,11.5,11.73,3300
SGEN,20120327,20.62,20.88,20.17,20.78,1614000
SGI,20120327,9.98,10.35,9.88,10.13,822100
SGMA,20120327,3.85,4.33,3.85,4.21,18500
SGMO,20120327,5.04,5.4,5.01,5.25,460800
SGMS,20120327,11.83,11.83,11.59,11.59,629000
SGNT,20120327,20.36,20.36,19.1,19.14,36400
SGOC,20120327,0.76,0.76,0.75,0.75,12200
SGRP,20120327,1.25,1.25,1.17,1.17,400
SGYP,20120327,3.92,4.04,3.92,4.01,19800
SGYPU,20120327,9.6,9.6,9.6,9.6,0
SGYPW,20120327,1.4,1.41,1.4,1.41,73000
SHBI,20120327,6.94,7.36,6.92,7.35,4200
SHEN,20120327,11.44,11.56,10.98,11.01,52100
SHIP,20120327,3.28,3.31,3.07,3.18,67100
SHLD,20120327,71.87,75.64,71.1,73.5,1187600
SHLM,20120327,27.42,27.64,27.35,27.44,101300
SHLO,20120327,9.76,9.8,9.31,9.59,4200
SHOO,20120327,30.0133,30.1867,29.2133,29.3333,337100
SHOR,20120327,5.7,5.75,5.66,5.66,386100
SIAL,20120327,74.31,74.31,73.83,74.08,598200
SIBC,20120327,11.96,11.96,11.96,11.96,300
SIEB,20120327,1.9,1.9,1.89,1.89,300
SIFI,20120327,11.38,11.38,11.05,11.35,4000
SIFY,20120327,3.25,3.74,3.22,3.49,949800
SIGI,20120327,17.85,17.97,17.69,17.71,90900
SIGM,20120327,5.49,5.5,5.39,5.41,226500
SILC,20120327,17.72,17.89,17.69,17.85,14600
SIMO,20120327,21,21.19,20.36,20.73,767900
SINA,20120327,66.18,70.75,64.21,68.64,8769100
SINO,20120327,2.42,2.52,2.23,2.42,3700
SIRI,20120327,2.24,2.26,2.2,2.25,75270000
SIRO,20120327,52.47,52.52,51.7,51.81,283300
SIVB,20120327,67.49,67.49,65.86,65.93,495400
SIVBO,20120327,25.39,25.89,25.38,25.8,1000
SKBI,20120327,2.19,2.55,2.19,2.45,23100
SKUL,20120327,15.78,16.22,15.6,15.88,662700
SKYW,20120327,11.48,11.55,11.14,11.15,215600
SKYY,20120327,21.57,21.57,21.37,21.38,68000
SLAB,20120327,43.81,44.06,43.7,43.85,167500
SLGN,20120327,43.99,44.47,43.98,44.38,175900
SLM,20120327,5.8179,5.8214,5.7107,5.7214,4107900
SLMAP,20120327,45.4,45.68,45.4,45.68,800
SLMBP,20120327,49.24,49.4,49.24,49.3,7400
SLP,20120327,4.33,4.36,4.25,4.31,21200
SLRC,20120327,22.32,22.32,22.07,22.15,190000
SLTC,20120327,3.81,3.81,3.81,3.81,0
SMBC,20120327,13,13,12.775,12.95,600
SMCI,20120327,17.47,17.85,17.38,17.5,119700
SMED,20120327,3.63,3.68,3.45,3.5,67300
SMIT,20120327,3.47,3.47,3.09,3.09,800
SMMF,20120327,3.93,4.25,3.91,3.96,1500
SMRT,20120327,6.56,6.56,6.4,6.46,62400
SMSI,20120327,2.56,2.62,2.5,2.51,149200
SMT,20120327,3.04,3.05,3,3,124200
SMTC,20120327,28.9,29.15,28.83,29.01,235700
SMTX,20120327,3.57,3.62,3.55,3.59,52100
SNAK,20120327,4.77,4.84,4.72,4.82,33200
SNBC,20120327,17.65,17.75,17.3,17.3,132400
SNCR,20120327,33.73,34.16,33.67,33.74,344100
SNDK,20120327,50.34,51,50.1,50.12,4032700
SNFCA,20120327,1.38,1.42,1.38,1.42,3700
SNHY,20120327,27.91,28.25,27.37,27.39,50900
SNMX,20120327,3.06,3.06,2.94,2.97,86500
SNPS,20120327,30.54,30.79,30.37,30.57,712800
SNSS,20120327,2.6,2.6,2.5,2.53,195900
SNTA,20120327,4.59,4.65,4.48,4.49,114900
SOCB,20120327,1.7,1.7,1.64,1.64,3000
SOCL,20120327,15.37,15.47,15.16,15.35,43600
SODA,20120327,35.37,35.37,33.83,34.11,725600
SOFO,20120327,7.97,8.44,7.75,7.78,3300
SOHU,20120327,57.38,59.49,56.5,58.24,2154900
SONA,20120327,6.84,6.93,6.84,6.9,15600
SONC,20120327,7.99,8.05,7.83,7.83,812100
SONS,20120327,14.55,14.95,14.45,14.5,1161000
SORL,20120327,3.46,3.46,3.35,3.37,73500
SOXX,20120327,60,60.33,59.88,59.88,211700
SPAN,20120327,16.73,16.73,16.6,16.6,500
SPAR,20120327,5.32,5.54,5.24,5.51,139900
SPEX,20120327,18,18.8,17.6,18.4,26900
SPIL,20120327,5.95,6,5.9,5.94,923200
SPLS,20120327,16.86,16.9,16.59,16.62,7955000
SPNC,20120327,10.75,10.95,10.5,10.59,223200
SPNS,20120327,3.5,3.6,3.5,3.6,13000
SPPI,20120327,13.26,13.31,12.95,12.95,767600
SPRO,20120327,1.98,1.98,1.9,1.9,600
SPRT,20120327,3.35,3.36,3.29,3.3,102800
SPSC,20120327,27.1,27.53,26.94,27.3,86200
SPTN,20120327,18.58,18.61,18.39,18.39,84000
SPU,20120327,1.47,1.5,1.43,1.46,28100
SPWR,20120327,6.89,6.97,6.61,6.64,736100
SQI,20120327,14.84,14.92,14.36,14.91,233600
SQNM,20120327,4.06,4.15,4.04,4.06,1508200
SQQQ,20120327,167.84,168.16,165.6,167.68,1754500
SRCE,20120327,25.69,25.76,25.24,25.35,36100
SRCL,20120327,85.67,86.23,85.38,85.47,339100
SRDX,20120327,16.13,16.13,15.57,15.59,69100
SREV,20120327,15.91,15.99,15.76,15.76,330900
SSBI,20120327,5.88,6.2,5.88,6.1,31500
SSFN,20120327,5.15,5.15,5.15,5.15,0
SSH,20120327,9,9.93,9,9.15,8900
SSNC,20120327,23.19,23.42,22.96,23.24,98900
SSRI,20120327,15.33,15.42,14.85,14.88,618600
SSYS,20120327,37.05,37.69,36.88,36.9,106000
STAA,20120327,11.35,11.42,11.21,11.36,254300
STB,20120327,6.94,7.04,6.87,7,214300
STBA,20120327,22.19,22.28,21.96,21.96,44400
STBZ,20120327,17.75,18.02,17.47,17.48,103000
STEM,20120327,1.04,1.07,1.04,1.07,217400
STFC,20120327,14.78,14.96,14.48,14.6,42400
STKL,20120327,5.44,5.44,5.29,5.39,196300
STLD,20120327,14.76,14.9,14.59,14.63,1694300
STLY,20120327,4.97,5.01,4.75,4.88,99000
STMP,20120327,28.49,28.55,28.09,28.13,269700
STNR,20120327,49.75,50.23,49.41,49.42,54100
STPP,20120327,41.17,41.17,41.17,41.17,2200
STRA,20120327,99.28,99.28,95.01,95.46,340900
STRL,20120327,10.44,10.44,9.84,9.85,117100
STRM,20120327,1.7,1.83,1.65,1.73,32400
STRS,20120327,9.35,9.37,9.34,9.37,3000
STRT,20120327,22.93,22.93,22.93,22.93,0
STX,20120327,28,28,27.32,27.35,6719300
STXS,20120327,6.7,7.2,6.7,6.7,55300
SUBK,20120327,13.49,13.86,13.26,13.71,13800
SUMR,20120327,6.05,6.05,5.74,5.86,39600
SUNS,20120327,16.51,16.6,16.16,16.22,20600
SURG,20120327,6.49,6.55,6.33,6.41,69000
SVA,20120327,2.1,2.11,2.06,2.11,33800
SVBI,20120327,3.87,3.87,3.87,3.87,0
SVVC,20120327,39.34,40.19,34.6,35.5,140300
SWHC,20120327,7.9,7.92,7.75,7.76,1200000
SWIR,20120327,7.19,7.4,7.19,7.35,82600
SWKS,20120327,28.6,28.78,28.25,28.61,3337000
SWSH,20120327,31.8,32,29.7,30.5,778400
SYBT,20120327,23.72,23.86,23.19,23.42,26000
SYKE,20120327,15.65,15.81,15.47,15.5,212500
SYMC,20120327,18.61,18.74,18.53,18.58,5605000
SYMX,20120327,1.55,1.57,1.53,1.53,69100
SYNA,20120327,35.61,35.88,35.12,35.17,351800
SYNC,20120327,7.92,7.92,7.31,7.41,209600
SYNL,20120327,12.85,13.26,12.59,12.7,3700
SYNT,20120327,27.7,27.755,27.34,27.485,59900
SYPR,20120327,4.05,4.17,3.81,3.84,18100
SYUT,20120327,6.22,6.34,6.08,6.18,25300
SZYM,20120327,14.8,15.41,14.69,15.13,505100
TACT,20120327,7.26,7.63,7.18,7.51,12700
TAIT,20120327,1.05,1.05,1.04,1.04,6300
TASR,20120327,4.43,4.65,4.42,4.6,851600
TAST,20120327,14.12,15.75,14.1,15.42,336200
TATT,20120327,4.13,4.23,4.13,4.21,4000
TAXI,20120327,11.14,11.35,11.07,11.25,55100
TAYD,20120327,9.9,10.3,9.84,10.3,5800
TBBK,20120327,9.77,9.97,9.71,9.79,190400
TBNK,20120327,21.45,21.49,21.07,21.2,9900
TCBI,20120327,35.83,35.83,34.66,34.91,525000
TCBK,20120327,17.3,17.33,16.96,17.14,38600
TCCO,20120327,12.09,12.12,11.65,11.95,5100
TCRD,20120327,12.96,13,12.77,12.77,15900
TCX,20120327,4.64,4.72,4.6,4.72,192600
TEAR,20120327,3.67,3.85,3.51,3.65,169300
TECD,20120327,54.75,55.08,54.46,54.74,255700
TECH,20120327,70.09,70.59,69.73,70.36,70800
TESO,20120327,14.52,14.57,14.12,14.51,258500
TESS,20120327,23.73,23.73,23.3,23.56,60900
TFM,20120327,48.81,49.85,48.63,48.96,241400
TFSL,20120327,9.63,9.63,9.51,9.53,145800
TGA,20120327,12.41,12.49,12.21,12.36,106300
THFF,20120327,32.32,32.82,32.13,32.23,10500
THLD,20120327,8.2,8.24,7.7,7.85,2568600
THOR,20120327,34.14,34.41,33.82,34.11,609900
THRX,20120327,19.78,20.62,19.78,19.99,577700
THTI,20120327,1.34,1.45,1.34,1.36,16100
TICC,20120327,9.96,9.96,9.8,9.84,339000
TIGR,20120327,2.22,2.22,2.19,2.19,5300
TINY,20120327,4.51,4.56,4.43,4.46,87700
TISA,20120327,4.11,4.37,4.09,4.17,247600
TITN,20120327,27.15,27.77,27,27.34,187700
TIVO,20120327,12.13,12.15,11.88,11.9,1234800
TLF,20120327,5.3,5.3,5.3,5.3,400
TNAV,20120327,7.03,7.07,7.01,7.01,36600
TNGO,20120327,19.31,20.05,18.45,18.52,967900
TOPS,20120327,15.4,15.54,14.7,14.77,10800
TORM,20120327,15.18,15.18,14.51,14.51,2400
TOWN,20120327,13.98,14.44,13.79,14.3,83700
TQQQ,20120327,30.7225,31.18,30.695,30.7925,942900
TRAK,20120327,31.11,31.9,30.31,30.34,639300
TREE,20120327,7.5,7.74,7.47,7.48,3100
TRIB,20120327,10.52,10.8,10.51,10.73,63600
TRIP,20120327,34.3,36.05,33.9,35.29,2897700
TRMB,20120327,27.36,27.785,27.315,27.715,880800
TRMK,20120327,25.42,25.66,25.32,25.34,229000
TRNS,20120327,12.75,12.75,12.74,12.74,300
TRNX,20120327,24.35,24.61,24.33,24.47,36200
TROW,20120327,65.24,65.24,64.71,64.79,1023900
TRS,20120327,23.7,23.71,23.21,23.21,96800
TRST,20120327,5.59,5.65,5.55,5.61,381800
TSBK,20120327,4.61,4.74,4.45,4.51,7000
TSCO,20120327,45.665,46.37,45.445,45.515,785800
TSEM,20120327,13.65,13.95,13.2,13.35,782700
TSLA,20120327,37.16,39.95,37.03,37.94,2540000
TSRA,20120327,17.28,17.44,17.09,17.2,308600
TSRI,20120327,4.5,4.5,4.5,4.5,0
TST,20120327,2.11,2.18,2.11,2.15,73800
TSYS,20120327,2.89,2.89,2.85,2.85,125000
TTEC,20120327,16.54,16.69,16.28,16.28,75900
TTEK,20120327,26,26.17,25.85,26.12,406300
TTGT,20120327,7.43,7.45,7.19,7.26,37600
TTHI,20120327,1.84,1.84,1.8,1.83,6100
TTMI,20120327,11.96,12.1,11.74,11.81,237800
TTWO,20120327,16.05,16.15,15.85,15.9,826000
TUES,20120327,3.71,3.79,3.65,3.75,159700
TW,20120327,65.96,66.34,65.36,65.95,223300
TWER,20120327,4.04,4.04,3.94,3.95,414700
TWIN,20120327,27.55,27.73,26.61,26.71,103000
TWMC,20120327,2.18,2.37,2.18,2.28,9700
TXN,20120327,34.02,34.24,33.87,33.87,5476100
TXRH,20120327,17.04,17.22,16.83,16.83,708800
TYPE,20120327,15.94,16.06,15.56,15.56,95300
TZOO,20120327,23.81,25.46,23.8,24.59,792300
UACL,20120327,14.81,15.31,14.81,15.23,5500
UBCP,20120327,9.41,9.55,9.41,9.55,6400
UBFO,20120327,2.47,2.52,2.47,2.5,3500
UBNK,20120327,16.04,16.04,15.75,15.82,25600
UBNT,20120327,33.47,33.74,32,32.1,727800
UBOH,20120327,6.83,6.83,6.78,6.78,700
UBSH,20120327,14.58,14.7,14.33,14.38,23900
UBSI,20120327,29.92,29.92,29.53,29.55,326000
UCBA,20120327,6,6,5.97,5.97,400
UCBI,20120327,10.3,10.3,9.97,9.97,71000
UCFC,20120327,2.11,2.14,2.01,2.13,27800
UCTT,20120327,8.06,8.11,7.87,7.91,104100
UEIC,20120327,20.05,20.23,19.75,19.92,30300
UEPS,20120327,9.21,9.25,8.82,9,119600
UFCS,20120327,18.7,18.7,18.37,18.39,36100
UFPI,20120327,34.9,35.69,34.39,34.41,64100
UFPT,20120327,19.23,19.42,19.06,19.3,28900
UG,20120327,16.81,17.28,16.81,16.93,500
UHAL,20120327,110.62,110.62,107,108.03,48300
ULBI,20120327,5.17,5.39,5.13,5.25,107500
ULTA,20120327,94.55,94.73,93.69,93.97,338500
ULTI,20120327,74.32,75,74.04,74.27,115800
ULTR,20120327,2.2,2.21,2.08,2.1,99700
UMBF,20120327,45.52,45.69,45.33,45.45,156000
UMPQ,20120327,13.59,13.75,13.45,13.63,1329600
UNAM,20120327,11.27,11.27,11.27,11.27,100
UNB,20120327,19.1,19.1,19.05,19.05,1400
UNFI,20120327,47.86,47.99,47.15,47.25,139100
UNIS,20120327,3.55,3.82,3.5,3.8,529800
UNTD,20120327,5.09,5.19,5.02,5.06,698300
UNTY,20120327,6.25,6.25,6.25,6.25,0
UNXL,20120327,5.4,5.55,5.38,5.41,12600
URBN,20120327,29.74,30,29.5,29.72,3108600
URRE,20120327,9.7,9.9,9.5,9.6,618600
USAK,20120327,8.33,8.33,8.06,8.12,1500
USAP,20120327,44.03,45.01,41.97,42.35,58600
USAT,20120327,1.15,1.18,1.13,1.16,317500
USATP,20120327,15.2,15.2,15.2,15.2,0
USBI,20120327,5.86,5.86,5.86,5.86,0
USCR,20120327,4.98,4.98,4.45,4.66,13600
USEG,20120327,3.15,3.15,3.05,3.06,96300
USLM,20120327,59.15,60.5,58.71,59.62,14300
UTEK,20120327,28.66,29.04,28.58,28.72,219700
UTHR,20120327,48.73,49.13,48.39,48.82,512700
UTIW,20120327,17.2,17.25,17.08,17.13,315100
UTMD,20120327,30.75,30.99,30.42,30.99,4000
UTSI,20120327,4.2,4.35,4.17,4.2,260900
UVSP,20120327,17.33,17.46,17.06,17.1,31800
VALU,20120327,12.47,12.5,12.26,12.3,2400
VASC,20120327,11.28,11.35,10.98,11.01,38600
VBFC,20120327,23.2,23.2,22.72,23.04,2300
VCIT,20120327,83.8,84.25,83.8,84.22,372400
VCLT,20120327,85.61,86.02,85.45,86.01,111000
VCSH,20120327,79.16,79.28,79.16,79.27,280500
VDSI,20120327,10.29,10.94,10.29,10.56,752600
VECO,20120327,30.84,31.05,29.72,29.83,903600
VGIT,20120327,64.67,64.9,64.67,64.88,14400
VGLT,20120327,70.86,71.17,70.82,71.17,8200
VGSH,20120327,60.83,60.89,60.82,60.85,15200
VIA,20120327,52.29,53.13,52.29,53.02,11200
VIAB,20120327,47.08,47.85,47.05,47.65,2774000
VICL,20120327,3.19,3.35,3.16,3.32,1294600
VICR,20120327,8.29,8.37,8.07,8.15,39800
VIMC,20120327,1.45,1.47,1.37,1.47,57900
VIRC,20120327,2.06,2.14,1.97,2.05,6300
VISN,20120327,32.2,33.4,31.6,33,223900
VIVO,20120327,19.18,19.39,19.01,19.27,159500
VLGEA,20120327,32.16,32.5,31.63,32.27,17600
VMBS,20120327,52,52.09,52,52.04,15000
VNDA,20120327,4.93,5.01,4.93,4.93,74900
VNET,20120327,12.21,12.3,11.86,11.96,169500
VNQI,20120327,47.78,47.8,47.53,47.58,47200
VOD,20120327,27.89,27.97,27.78,27.85,6120700
VONE,20120327,64.84,64.89,64.58,64.58,16500
VONG,20120327,68.15,68.23,68.13,68.19,8000
VONV,20120327,61.77,61.81,61.51,61.51,3100
VOXX,20120327,14,14.25,13.58,13.69,240000
VRA,20120327,30.22,30.28,29.27,29.62,1307500
VRML,20120327,1.7,2.09,1.7,1.77,2569600
VRNT,20120327,30.15,30.54,30,30.4,223200
VRSK,20120327,47.43,47.53,46.82,46.89,1732100
VRSN,20120327,38.58,38.64,38.26,38.33,1527200
VRTA,20120327,4.44,4.44,4.44,4.44,100
VRTB,20120327,5.64,5.64,5.56,5.56,2300
VRTS,20120327,81.37,82,80.53,81.96,16100
VRTU,20120327,17.05,17.28,17.01,17.1,52500
VRTX,20120327,40.69,41.42,40.69,40.95,1053800
VSAT,20120327,47.2,47.89,46.98,47.48,212500
VSCP,20120327,13.9,14,13.4,13.6,5500
VSEC,20120327,25.15,25.22,24.52,25.09,9700
VSTM,20120327,10.95,10.95,10.42,10.74,31500
VTHR,20120327,64.89,64.98,64.89,64.95,3000
VTWG,20120327,70.58,70.62,69.89,69.89,8000
VTWO,20120327,67.09,67.26,66.68,66.68,8800
VTWV,20120327,63.59,63.59,63.59,63.59,100
VVUS,20120327,21.03,21.15,20.24,20.85,5476700
VXUS,20120327,46.24,46.3,45.96,45.98,321900
WABC,20120327,48.76,49.53,48.26,48.28,67300
WAFD,20120327,16.78,16.98,16.78,16.8,178300
WAFDW,20120327,4.8,4.8,4.8,4.8,2000
WASH,20120327,24.87,25.2,24.53,24.57,22300
WAVX,20120327,7.04,8.8,7.04,8.24,992600
WAYN,20120327,8.61,8.61,8.61,8.61,100
WBKC,20120327,15.26,15.26,15.26,15.26,0
WBMD,20120327,25.72,25.96,25.7,25.75,634000
WDC,20120327,42.75,43.1,42.34,42.46,3178300
WDFC,20120327,45.82,46.25,45.52,45.52,32600
WEBK,20120327,12.53,12.8,12.53,12.8,2400
WEN,20120327,5.04,5.06,4.99,4.99,2229700
WERN,20120327,25.61,25.88,25.61,25.79,255300
WETF,20120327,8.59,8.84,8.45,8.51,403500
WEYS,20120327,25.05,25.05,24.52,24.81,3400
WFD,20120327,8.24,8.24,8.04,8.07,30100
WFM,20120327,42.33,42.47,41.98,42.07,997300
WIBC,20120327,4.99,5.05,4.89,4.92,441300
WIFI,20120327,12.65,13.22,12.61,13.01,253500
WILC,20120327,4.71,4.92,4.7,4.79,14900
WILN,20120327,5.29,5.32,5.25,5.26,19100
WIN,20120327,11.99,12.12,11.95,12.06,8200200
WINA,20120327,57.36,57.7,56.76,57.43,4400
WIRE,20120327,30.54,30.74,30.08,30.12,77100
WLB,20120327,11.95,12.2,11.54,11.74,35100
WLDN,20120327,3.85,3.88,3.83,3.85,15900
WLFC,20120327,12.88,12.99,12.75,12.9,4000
WMAR,20120327,12.63,12.64,12.34,12.34,35400
WMGI,20120327,19.56,19.83,19.19,19.43,209300
WOOD,20120327,41.57,41.71,41.53,41.53,26000
WOOF,20120327,22.74,23.04,22.74,22.9,521000
WPCS,20120327,198.66,198.66,190.96,192.5,360100
WPPGY,20120327,69.62,69.7,68.92,68.92,43400
WPRT,20120327,45.56,45.6,43.8,43.95,2340600
WRES,20120327,3.44,3.46,3.33,3.37,339100
WRLD,20120327,64.99,65.45,63.38,63.42,89500
WSBC,20120327,20.74,20.85,20.56,20.56,57400
WSBF,20120327,3.11,3.15,3.06,3.1,8200
WSCI,20120327,5.51,5.75,5.51,5.73,14800
WSFS,20120327,13.0933,13.3933,13.0933,13.1967,11700
WSTG,20120327,14.28,14.29,14,14.2,5300
WSTL,20120327,2.44,2.46,2.38,2.38,130500
WTBA,20120327,10.14,10.22,9.89,9.92,16800
WTFC,20120327,35.88,36.13,35.59,35.78,171700
WTFCW,20120327,17.31,17.31,17.31,17.31,100
WVFC,20120327,8.49,8.6,8.4,8.4,500
WVVI,20120327,3.22,3.23,3.15,3.15,900
WWD,20120327,43.81,44.2,43.23,43.52,199000
WWWW,20120327,15.48,15.55,15.2,15.3,237500
WYNN,20120327,129.79,130.46,128.66,128.81,1551300
XBKS,20120327,4.17,4.34,4.16,4.34,2300
XLNX,20120327,36.56,36.79,36.41,36.42,3741300
XNPT,20120327,4.56,4.75,4.5,4.68,179300
XOMA,20120327,2.49,2.93,2.4,2.73,4274400
XRAY,20120327,40.09,40.18,39.73,40.09,950300
XXIA,20120327,12.73,12.99,12.72,12.74,256100
YHOO,20120327,15.54,15.55,15.41,15.43,11893200
YNDX,20120327,24.4,25.08,24.06,24.95,2908900
YORW,20120327,17.74,17.79,17.44,17.62,16000
YRCW,20120327,7.21,7.21,6.48,6.48,292800
Z,20120327,33.74,34.22,33.25,33.43,235800
ZAGG,20120327,11.12,11.25,11.02,11.06,1016300
ZAZA,20120327,38.3,39.5,38,38.8,85800
ZBRA,20120327,41.61,41.88,41.41,41.58,119400
ZEUS,20120327,24.73,25.07,24.35,24.55,34200
ZGNX,20120327,17.36,18.24,17.28,17.52,616000
ZHNE,20120327,1.16,1.24,1.16,1.24,76200
ZINC,20120327,11.61,11.8,11.33,11.45,237100
ZION,20120327,21.97,22.09,21.64,21.66,3069600
ZIONW,20120327,5.2,5.2,5.2,5.2,2000
ZIOP,20120327,5.44,5.56,5.41,5.5,739100
ZIXI,20120327,3.04,3.08,3.01,3.02,185800
ZLTQ,20120327,5.79,5.98,5.79,5.81,115100
ZN,20120327,2.66,2.69,2.65,2.68,58000
ZNGA,20120327,13.02,13.27,12.82,13.02,8309600
ZUMZ,20120327,37.21,37.32,36.2,36.47,288900
