AAME,20100419,1.44,1.45,1.44,1.44,2100
AAON,20100419,6.9422,7.0519,6.8889,7.0103,49000
AAPL,20100419,35.29,35.4129,34.5386,35.2957,20247200
AAWW,20100419,56.37,57.68,54.87,56,379700
AAXJ,20100419,56.7,57.41,56.7,57.25,337600
ABAX,20100419,26.67,26.67,26.24,26.56,99400
ABCB,20100419,10.38,10.72,10.3,10.57,139200
ABCD,20100419,5.18,5.18,5.02,5.16,61600
ABCO,20100419,16.61,16.825,16.25,16.675,37300
ABCW,20100419,1.01,1.1,1.01,1.05,155500
ABIO,20100419,28.02,28.02,26.7,27.42,264500
ABMD,20100419,9.21,9.34,8.92,9.32,545200
ABTL,20100419,5,5,4.75,4.85,48400
ACAD,20100419,1.73,1.76,1.62,1.67,964200
ACAS,20100419,5.55,6.08,5.44,5.6,17092100
ACAT,20100419,12.46,12.94,12.17,12.89,103500
ACET,20100419,6.44,6.6,6.44,6.59,226200
ACFC,20100419,3.34,3.34,3.07,3.2,7600
ACGL,20100419,24.8833,25.33,24.8167,25.2867,296400
ACHN,20100419,2.75,2.85,2.71,2.74,125900
ACIW,20100419,6.6067,6.64,6.4333,6.5467,138000
ACLS,20100419,2.18,2.28,2.07,2.28,1131500
ACOR,20100419,37.84,38.04,36.51,37.19,414300
ACPW,20100419,4.25,4.25,3.95,4.25,394200
ACTG,20100419,11.35,11.42,10.82,10.98,133900
ACTS,20100419,2.38,2.38,2.35,2.38,112800
ACUR,20100419,6.06,9,6.05,7.9,1687300
ACWI,20100419,43.95,44.35,43.85,44.26,261300
ACWX,20100419,41.97,42.16,41.61,42.13,142800
ACXM,20100419,18.84,19.2,18.65,18.93,332600
ADAT,20100419,2,2.08,1.82,1.96,116200
ADBE,20100419,33.81,34.2,33.32,33.82,6817100
ADEP,20100419,5.25,5.34,4.96,5.09,12600
ADI,20100419,30.46,30.66,29.73,30.41,3712700
ADP,20100419,38.8939,39.2889,38.8939,39.2626,2612200
ADRA,20100419,26.79,26.86,26.66,26.85,9600
ADRD,20100419,21.47,21.57,21.36,21.57,5200
ADRE,20100419,44.12,44.54,43.75,44.37,136700
ADRU,20100419,20.99,21.1,20.88,21.1,4000
ADSK,20100419,31.5,31.59,30.83,31.26,5260900
ADTN,20100419,29.1,29.24,28.24,28.81,1271400
ADUS,20100419,5.51,5.62,5.51,5.6,18300
AEHR,20100419,2.51,2.6,2.27,2.45,47100
AEIS,20100419,16.31,16.31,15.46,15.8,369900
AEPI,20100419,27.05,27.53,26.7,27.25,56200
AETI,20100419,2.78,2.78,2.75,2.75,7400
AEY,20100419,2.33,2.34,2.31,2.31,1600
AEZS,20100419,7.74,7.92,7.32,7.32,5164200
AFAM,20100419,38.88,39.39,38.84,39.24,109000
AFCB,20100419,10.85,10.85,10.85,10.85,700
AFFX,20100419,7.97,8.26,7.93,8.05,949700
AFOP,20100419,0.7,0.71,0.695,0.71,31400
AFSI,20100419,13.8,13.87,13.57,13.81,134000
AGEN,20100419,1.2,1.2,1.11,1.14,3050000
AGII,20100419,33.35,33.49,32.9,33.13,347600
AGNC,20100419,26.11,26.21,25.9,26.1,341700
AGYS,20100419,11.26,11.48,11.02,11.31,89000
AHGP,20100419,31.79,32.18,31.64,32.1,20700
AHPI,20100419,3.68,3.68,3.68,3.68,600
AIMC,20100419,14.71,15.01,14.68,14.9,309500
AINV,20100419,13.2,13.43,12.55,13.02,1660800
AIRM,20100419,11.46,11.6067,11.38,11.5333,42900
AIRT,20100419,11.83,11.9,11.81,11.9,4500
AIXG,20100419,36.28,36.66,35.67,36.58,457200
AKAM,20100419,33,33.36,32.03,32.47,5197000
AKRX,20100419,1.7,1.74,1.59,1.59,351000
ALCO,20100419,26.46,26.8,26.37,26.43,2800
ALGN,20100419,18.59,18.66,18.07,18.63,544500
ALGT,20100419,56.24,56.95,54.95,56.17,190200
ALKS,20100419,13.41,13.51,12.94,12.96,935100
ALLB,20100419,8.31,8.31,8,8,1400
ALLT,20100419,5.65,5.68,5.27,5.36,118400
ALNY,20100419,16.96,17.1,16.85,16.99,141900
ALOG,20100419,45.77,46.01,44.9,45.17,48100
ALOT,20100419,7.62,7.75,7.62,7.75,200
ALSK,20100419,7.97,8.06,7.92,8,289500
ALTR,20100419,26.28,26.4,25.57,26.07,7308000
ALXA,20100419,31.3,32.5,31.3,32,196400
ALXN,20100419,27.475,27.69,27.08,27.345,327000
AMAG,20100419,35.92,36.05,35.25,36.04,205700
AMAT,20100419,14.26,14.39,13.99,14.3,25694900
AMCC,20100419,10.09,10.19,9.78,9.94,1582700
AMCN,20100419,6.2,6.2,5.92,6,74400
AMD,20100419,9.73,9.84,9.29,9.58,27876000
AMED,20100419,60.16,61.8,59.74,60.52,272500
AMGN,20100419,60.59,61.26,60.16,61.07,4270200
AMIC,20100419,6,6,6,6,5200
AMKR,20100419,7.99,8.17,7.65,8.02,3070300
AMNB,20100419,20.91,20.91,20.75,20.75,3300
AMOT,20100419,3.96,4.13,3.93,3.98,22700
AMOV,20100419,25.25,25.405,25.18,25.405,1400
AMPH,20100419,24.5,24.5,24.17,24.24,11600
AMRB,20100419,8.34,8.34,8.05,8.29,3700
AMRI,20100419,8.35,8.51,8.25,8.34,42200
AMRN,20100419,1.75,1.75,1.65,1.69,974600
AMSC,20100419,304.1,304.2,288,296.9,1258600
AMSF,20100419,16.44,16.72,16.24,16.72,148100
AMSG,20100419,22.44,22.75,22.44,22.75,130700
AMSWA,20100419,6.05,6.2,5.97,6.12,67100
AMWD,20100419,22.53,22.6,22.08,22.21,9200
AMZN,20100419,142.35,143.67,139.13,142.43,6023100
ANAD,20100419,5.13,5.19,4.93,5,479700
ANAT,20100419,110,113.38,108.66,111.58,15300
ANCX,20100419,6.28,6.28,6.28,6.28,900
ANDE,20100419,23.1333,23.3,22.2467,22.4267,223900
ANGO,20100419,15.94,16.2,15.85,16.01,125700
ANIK,20100419,7.18,7.18,7,7.18,20600
ANSS,20100419,43.34,43.99,43.14,43.77,490300
ANTH,20100419,54.24,54.96,53.6,54.24,37900
APEI,20100419,45.86,46.01,45.65,46.01,75700
APOG,20100419,12.94,13.2,12.75,13.16,408400
APOL,20100419,64.72,65.19,63.81,65.12,2064800
APPY,20100419,14.22,14.94,13.8,14.58,213400
ARAY,20100419,6.63,6.69,6.32,6.42,475500
ARCC,20100419,15.84,16.45,15.54,15.79,1891600
ARCI,20100419,3.01,3.25,3.01,3.19,10600
ARCW,20100419,1.08,1.08,1.052,1.052,3400
AREX,20100419,8.97,9,8.88,8.88,73100
ARIA,20100419,3.83,3.92,3.71,3.74,2577300
ARII,20100419,18.67,18.86,17.61,17.95,179400
ARKR,20100419,13.92,14.49,13.86,14.18,8100
ARLP,20100419,22.54,23.09,22.525,23.09,71600
ARMH,20100419,10.91,11.05,10.81,11.04,1365100
ARNA,20100419,3.15,3.21,3.09,3.11,3417100
AROW,20100419,27.29,27.67,27.14,27.41,15400
ARQL,20100419,6.16,6.27,6.08,6.12,585500
ARRS,20100419,12.73,12.92,12.64,12.8,1412800
ARRY,20100419,2.99,3.12,2.95,3.02,1400500
ARTNA,20100419,17.91,18.07,17.91,17.94,4100
ARTW,20100419,5.98,6,5.9,6,3500
ARTX,20100419,1.6,1.74,1.59,1.74,37000
ARWR,20100419,1.3,1.3,1.19,1.19,765000
ASBI,20100419,2.89,2.9,2.89,2.9,1600
ASCMA,20100419,29.62,29.95,29.51,29.63,16900
ASEI,20100419,72.21,72.56,70.79,72.56,79000
ASFI,20100419,7.39,7.41,7.21,7.41,10800
ASML,20100419,34.4,34.75,34.33,34.73,2785400
ASPS,20100419,25.55,25.58,24.9,25.18,159200
ASRV,20100419,2.34,2.34,2.13,2.2,5800
ASRVP,20100419,22.75,22.75,22.75,22.75,0
ASTC,20100419,3.56,3.56,3.4,3.5,199400
ASTE,20100419,31.73,32.22,30.45,31.62,297700
ASTI,20100419,40.8,41.8,39.5,40.2,144900
ASUR,20100419,1.5667,1.5667,1.5667,1.5667,400
ASYS,20100419,9.77,9.87,9.69,9.75,80300
ATAI,20100419,3.59,3.61,3.53,3.53,12500
ATAX,20100419,5.88,6,5.88,6,48700
ATEC,20100419,5.73,5.96,5.73,5.82,967600
ATHN,20100419,36.8,37.94,36.49,37.85,651600
ATHX,20100419,3.27,3.37,3.06,3.16,186800
ATLO,20100419,19,19.02,18.52,18.52,2100
ATML,20100419,5.89,5.9,5.58,5.8,8989400
ATNI,20100419,50.21,51.37,49.53,50.91,105100
ATRC,20100419,5.35,5.54,5.35,5.52,2700
ATRI,20100419,147.16,148.52,147.16,148.52,200
ATRM,20100419,32.5,34,32.5,33.9,11200
ATRO,20100419,10.5,10.6167,10.3417,10.5083,29000
ATSG,20100419,5.38,5.57,5.34,5.49,1162300
ATVI,20100419,11.67,11.77,11.53,11.69,13600000
AUBN,20100419,18.51,18.7,18.5,18.56,3300
AUDC,20100419,4.06,4.06,3.99,4,25300
AVAV,20100419,25.54,26.11,25.3,26.06,525700
AVEO,20100419,8.9,8.92,8.77,8.86,17000
AVGO,20100419,21.68,22.04,21.3,21.9,486700
AVID,20100419,17.29,17.48,16.93,17.23,250900
AVNW,20100419,6.91,6.94,6.68,6.73,158800
AWRE,20100419,2.3,2.33,2.25,2.25,2400
AXAS,20100419,2.45,2.5,2.4,2.45,765500
AXTI,20100419,3.3,3.35,3.23,3.3,149300
AZPN,20100419,10.64,10.64,10.32,10.46,117000
BABY,20100419,16.2,16.2,15.76,16,137500
BAMM,20100419,7.2,7.42,7.16,7.36,29900
BANF,20100419,43.78,44.79,43.78,44.63,26300
BANFP,20100419,25.2,25.2,25.2,25.2,400
BANR,20100419,46.06,48.37,44.87,46.97,338300
BASI,20100419,1.25,1.25,1.23,1.24,10600
BBBY,20100419,45.37,45.58,44.58,45.54,2479600
BBEP,20100419,14.89,15.14,14.8,14.99,134700
BBGI,20100419,4.51,4.79,4.51,4.79,3700
BBOX,20100419,33.74,34.69,33.64,34.56,71500
BBRY,20100419,71.11,71.85,70.11,71.09,9285200
BBSI,20100419,14.26,14.48,14.22,14.3,6900
BCBP,20100419,9.24,9.24,9.13,9.13,500
BCOM,20100419,31.05,31.05,30.11,30.69,3800
BCPC,20100419,25.83,25.83,25.31,25.52,129000
BCRX,20100419,7.65,7.86,7.34,7.45,487500
BDGE,20100419,23.16,23.2,23.01,23.1,2400
BDMS,20100419,17.04,17.04,17.04,17.04,200
BDSI,20100419,4.17,4.27,4.1,4.21,146700
BEAT,20100419,9.25,9.28,9.03,9.25,251600
BEAV,20100419,28.62,28.79,27.97,28.5,762600
BEBE,20100419,9.29,9.5,9.24,9.49,711800
BECN,20100419,20.43,20.54,20.18,20.48,678000
BELFA,20100419,19.8,19.86,19.7,19.77,1400
BELFB,20100419,22.27,22.63,22.15,22.6,21500
BFIN,20100419,9.5,9.52,9.43,9.45,39200
BGCP,20100419,6.35,6.52,6.19,6.32,425800
BGFV,20100419,17.6,17.91,17.42,17.91,204800
BIB,20100419,7.5,7.5738,7.375,7.4888,2300
BICK,20100419,29.55,29.65,29.1,29.3,9000
BIDU,20100419,62.728,63.074,60.22,61.35,1974000
BIIB,20100419,53.64,55.05,53.5,54.79,3076000
BIOC,20100419,4.95,5.08,4.82,5.08,25000
BIOD,20100419,18.92,19.08,18.56,18.56,50200
BIOS,20100419,9.33,9.46,9.14,9.34,288800
BIS,20100419,237.48,243.32,237.48,241.2,6500
BJRI,20100419,25.83,26.53,25.56,26.17,568600
BKCC,20100419,11.23,11.36,11.16,11.29,263300
BKMU,20100419,7.15,7.24,6.83,6.98,319400
BKSC,20100419,11,11,10.99,10.99,2300
BLDP,20100419,2.37,2.4,2.3,2.39,328800
BLDR,20100419,3.59,3.7,3.59,3.63,322200
BLIN,20100419,6.3,6.5,6.3,6.4,1800
BLKB,20100419,25.96,26.07,25.59,26.04,128900
BMRC,20100419,32.86,33.94,32.86,33.72,4800
BMRN,20100419,23.15,23.54,23.05,23.26,620600
BMTC,20100419,18.28,18.62,18.27,18.56,7200
BNCL,20100419,9.89,9.98,9.77,9.83,51300
BNCN,20100419,10,10.1,9.9,10,7700
BNSO,20100419,1.13,1.13,1.13,1.13,1000
BOBE,20100419,32.24,32.75,32.22,32.52,183900
BOCH,20100419,5.05,5.14,5,5.06,11200
BOFI,20100419,15.66,17.33,15.48,17.25,275900
BOKF,20100419,52.17,52.86,51.8,52.8,44800
BONT,20100419,16.49,16.9,15.94,16.3,282600
BOOM,20100419,17.5,17.82,17.05,17.35,232100
BOSC,20100419,5.28,5.56,5.24,5.56,10000
BPFH,20100419,7.98,8.36,7.88,8.34,401500
BPOP,20100419,37.7,39.7,36.7,37.8,31823800
BPOPM,20100419,17.2,17.2,17.2,17.2,0
BPOPN,20100419,20.1,20.1,20.1,20.1,0
BRCD,20100419,6.3,6.41,6.07,6.39,18424700
BRCM,20100419,34.75,35.27,34.32,34.99,4853600
BRID,20100419,12.99,13.02,12.98,13.02,1400
BRKL,20100419,10.58,10.91,10.58,10.73,176800
BRKR,20100419,15.2,15.3,15.01,15.15,415000
BRKS,20100419,9.41,9.66,9.3,9.61,292100
BSET,20100419,6.04,6.12,5.73,5.9,32000
BSQR,20100419,2.7,2.75,2.68,2.69,15300
BSRR,20100419,13.75,13.76,13.47,13.53,55900
BSTC,20100419,31.75,32.35,31.06,31.21,17000
BUSE,20100419,5.34,5.38,5.18,5.31,213000
BVSN,20100419,13.45,13.45,13.42,13.42,400
BWEN,20100419,41.8,42.3,41.1,41.4,334900
BWINA,20100419,23.62,24.11,23.6,24.11,900
BWINB,20100419,24.18,24.48,24.01,24.25,5700
BWLD,20100419,50.73,51.24,49.15,50,376100
BYFC,20100419,5.02,5.02,5.02,5.02,0
CA,20100419,22.83,23.04,22.61,22.86,3831700
CAAS,20100419,20.77,21.14,20,20.82,699100
CAC,20100419,34.69,35,34.65,34.84,7400
CACB,20100419,0.68,0.71,0.66,0.67,149000
CACC,20100419,42.77,42.8,42.12,42.4,38300
CADC,20100419,60,60.96,56.76,59.04,247300
CAKE,20100419,28.55,29,28.05,28.51,1032300
CALD,20100419,3.44,3.47,3.36,3.37,17900
CALI,20100419,24.24,24.3,24.12,24.24,13600
CALM,20100419,18.23,18.245,17.715,18.025,139200
CAMP,20100419,3.1,3.13,3.08,3.11,81400
CAMT,20100419,3.17,3.18,3.07,3.11,25000
CART,20100419,5.2,5.2,5.2,5.2,0
CARV,20100419,8.57,8.57,8.57,8.57,0
CASH,20100419,25,27.16,25,27.1,3800
CASM,20100419,1.64,1.65,1.53,1.61,7600
CASS,20100419,31.37,31.43,31.01,31.28,32200
CASY,20100419,39.44,39.5,39.08,39.17,704700
CATM,20100419,12.86,13.1,12.71,12.81,362700
CATY,20100419,13.1,13.28,12.76,13.03,1113000
CAVM,20100419,25.32,25.5,24.55,24.99,353300
CBAK,20100419,11.8,12.05,11.45,11.65,2211000
CBAN,20100419,7.31,7.45,6.66,6.81,2300
CBLI,20100419,68.4,74.6,68.4,74.4,98700
CBMX,20100419,45.7,47.4,45,45.2,99900
CBNJ,20100419,7.33,7.67,6.93,7.1,22100
CBNK,20100419,12.9,13.03,12.9,13.03,11300
CBPO,20100419,11.4,11.5,11.15,11.29,172100
CBRL,20100419,51.23,52.16,50.82,51.56,327200
CBSH,20100419,40.58,41.33,40.4,41.02,503700
CCBG,20100419,16.6,17.05,16.36,16.84,126300
CCMP,20100419,39.99,41.01,39.99,41.01,198900
CCNE,20100419,15.86,15.95,15.75,15.93,3900
CCOI,20100419,9.87,10.05,9.86,9.98,173900
CCRN,20100419,10.31,10.52,10.01,10.22,63900
CCUR,20100419,5.85,6,5.83,5.92,46500
CDNS,20100419,7.05,7.23,6.9,7.22,6269600
CDTI,20100419,1.54,1.57,1.42,1.43,43100
CDZI,20100419,12.39,12.52,12.3,12.35,19800
CECE,20100419,5.4,5.64,5.29,5.46,113700
CECO,20100419,32.97,33.23,32.45,33.17,656900
CELG,20100419,30.415,30.55,30.08,30.335,2132400
CENT,20100419,10.8,11.04,10.8,10.98,191600
CENTA,20100419,9.96,10.18,9.8,10.06,452600
CENX,20100419,14.85,15.26,14.2,14.81,4522600
CERN,20100419,21.9825,22.1625,21.8,21.9675,437500
CERS,20100419,3.25,3.25,3.12,3.19,216600
CETV,20100419,34.4,35,34.16,34.71,159800
CEVA,20100419,12.12,12.33,11.89,12.01,157500
CFBK,20100419,7.45,7.45,7.25,7.25,1800
CFFI,20100419,20.25,20.75,20.2,20.75,3600
CFFN,20100419,37.61,37.92,37.31,37.76,54700
CFNB,20100419,13.5,13.5,13.39,13.5,5800
CFNL,20100419,10.49,10.67,10.48,10.65,57900
CGEN,20100419,4.77,4.83,4.51,4.51,365600
CGNX,20100419,9.76,9.825,9.545,9.785,89000
CHCI,20100419,1.57,1.74,1.56,1.61,325900
CHCO,20100419,34.71,35.26,34.35,35.17,69100
CHDN,20100419,39.7,40.04,38.78,38.86,150500
CHEV,20100419,9.01,9.16,8.95,9,31400
CHFC,20100419,24.36,24.66,23.55,23.96,243700
CHFN,20100419,9.7462,10.3766,9.7462,10.3766,1200
CHKE,20100419,19.42,19.5,19.16,19.34,18500
CHKP,20100419,35.3,35.48,35,35.26,1885000
CHLN,20100419,18.45,18.45,17.15,17.75,369600
CHNR,20100419,11.2,11.24,11.01,11.15,4100
CHOP,20100419,73.1,73.3,68.4,69.7,415500
CHRS,20100419,5.95,6.04,5.86,6,2132500
CHRW,20100419,58.06,58.86,58.06,58.63,1601200
CHSCP,20100419,27.63,27.65,27.31,27.31,9400
CIDM,20100419,2.46,2.48,2.25,2.28,93000
CINF,20100419,29.17,29.57,29.16,29.56,855400
CISG,20100419,25.4,26.04,24.77,25.47,341000
CIZN,20100419,23.1,23.1,22.15,22.59,5200
CKEC,20100419,17.34,17.34,16.5,17,87100
CLBH,20100419,3.53,3.58,3.53,3.58,200
CLCT,20100419,12.19,12.24,11.91,12.24,18000
CLDX,20100419,7.04,7.35,6.96,7.1,446500
CLFD,20100419,2.71,2.83,2.71,2.81,19900
CLMS,20100419,14.06,14.18,13.49,13.95,211200
CLMT,20100419,22.86,22.87,22.68,22.78,116600
CLNE,20100419,19.25,19.58,18.5,18.94,1462100
CLRO,20100419,3.11,3.12,3.1,3.1,6200
CLSN,20100419,5.48,5.49,5.2,5.27,90200
CLUB,20100419,3.58,4.04,3.53,3.91,83300
CLWT,20100419,11.275,11.385,11.11,11.22,26100
CMCO,20100419,18.33,18.42,17.9,18.13,90300
CMCSA,20100419,18.29,18.61,18.25,18.58,19082500
CMCSK,20100419,17.4,17.7,17.37,17.66,6764800
CME,20100419,62.604,64.7,62.522,64.214,692200
CMLS,20100419,4.99,5.19,4.64,4.79,138500
CMTL,20100419,32.9,33,32.28,32.86,108400
CNBKA,20100419,20.23,20.36,20.02,20.2,6400
CNMD,20100419,24.8,25,24.52,24.99,80000
CNOB,20100419,8.64,8.74,8.31,8.67,8800
CNSL,20100419,18.91,19.08,18.7,18.97,96800
CNTF,20100419,2.6,2.62,2.5,2.56,165800
CNTY,20100419,2.53,2.53,2.49,2.52,33000
CNYD,20100419,63.8,66.3,63.7,65.95,40600
COBZ,20100419,6.82,6.92,6.77,6.84,214400
COHR,20100419,32.78,32.85,32.06,32.59,72100
COHU,20100419,15.92,16.16,15.51,16.08,89100
COKE,20100419,56.65,57.05,56.13,56.29,16800
COLB,20100419,20.9,21.11,20.38,21.1,229900
COLM,20100419,28.575,29.15,28.25,28.91,169700
CONN,20100419,7.91,7.97,7.55,7.73,626200
COOL,20100419,5.81,5.95,5.81,5.88,72500
CORE,20100419,14.92,15.045,14.795,14.985,51700
CORT,20100419,2.91,3.05,2.91,3.05,38600
COSI,20100419,5.6,5.84,4.76,4.8,824600
COST,20100419,59.29,59.53,58.61,59.47,4040800
COWN,20100419,5.64,5.72,5.57,5.62,248000
CPHC,20100419,8.08,8.08,8,8,2000
CPHD,20100419,18.98,19.04,18.55,18.84,270200
CPIX,20100419,10.72,10.9,10.7,10.84,55300
CPLA,20100419,92.53,93.49,91.72,92.56,66400
CPLP,20100419,8.88,8.9,8.81,8.89,177100
CPRT,20100419,17.41,17.41,17.07,17.2,563600
CPRX,20100419,1.75,1.8,1.6,1.68,1101900
CPSI,20100419,39.48,40.26,39.26,39.67,69300
CPSS,20100419,1.62,1.62,1.58,1.59,34500
CPST,20100419,1.25,1.26,1.22,1.23,1217000
CRAI,20100419,24.05,24.08,23.3,23.5,22800
CRAY,20100419,6.64,6.77,6.61,6.75,226500
CRDC,20100419,2.35,2.4,2.25,2.32,190300
CREE,20100419,81.6,82.1,77.89,80.07,3542900
CREG,20100419,4.03,4.15,4,4.13,65800
CRESY,20100419,13.94,14.11,13.8,13.87,26500
CRIS,20100419,3.3,3.38,3.21,3.26,195900
CRME,20100419,39.8,42.45,39.8,41.65,1135600
CRMT,20100419,23.58,23.8,23.35,23.66,62600
CRNT,20100419,10.03,10.18,9.57,9.68,599400
CROX,20100419,10.59,10.73,9.66,10,4916900
CRUS,20100419,10.2,10.25,9.72,10,806400
CRVL,20100419,17.87,18.125,17.71,17.955,26000
CRWN,20100419,1.93,1.97,1.85,1.88,25400
CRWS,20100419,3.57,4.45,3.57,4.15,53300
CRZO,20100419,22.69,22.8,21.71,22.04,1122500
CSBK,20100419,9.53,9.76,9.52,9.58,8900
CSCD,20100419,4.83,4.84,4.49,4.59,26900
CSCO,20100419,26.93,27.11,26.55,27.07,43890700
CSFL,20100419,12.97,13.14,12.71,12.94,59200
CSGP,20100419,45.26,45.3,44.44,45.19,117500
CSGS,20100419,21.93,22.05,21.41,22.05,196700
CSII,20100419,5.35,5.41,5.35,5.38,28500
CSIQ,20100419,21.17,21.38,20.35,20.93,3758700
CSPI,20100419,3.51,3.51,3.5,3.5,4100
CSUN,20100419,4.01,4.14,4,4.1,309700
CSWC,20100419,23.02,23.1875,23.02,23.075,3900
CTAS,20100419,27.83,28.03,27.68,27.99,737700
CTBI,20100419,29.53,29.7,29.31,29.6,47400
CTCM,20100419,18.13,18.44,17.83,18.32,561700
CTCT,20100419,24.86,24.91,24.27,24.5,247200
CTHR,20100419,1.68,1.73,1.66,1.67,21800
CTIB,20100419,3.6,3.65,3.47,3.65,3400
CTIC,20100419,3.3,3.35,3.25,3.3,8344800
CTRN,20100419,36.44,36.45,34.98,35.27,77100
CTRP,20100419,38.6,38.6,36.45,37.12,3820400
CTSH,20100419,26.04,26.105,25.535,26.025,4175900
CTWS,20100419,23.33,23.73,23.33,23.36,7000
CTXS,20100419,48.15,48.49,47.54,47.72,3451300
CU,20100419,32.4,32.4,31.6,31.87,4000
CUBA,20100419,6.64,6.8,6.64,6.7,5500
CUTR,20100419,11.32,11.52,11.3,11.46,75000
CVBF,20100419,10.24,10.62,10.13,10.58,1037800
CVCO,20100419,35.45,36.35,35.45,35.98,10500
CVCY,20100419,5.38,5.43,5.38,5.43,200
CVGI,20100419,8.74,8.96,8.53,8.92,89600
CVGW,20100419,18.33,18.43,17.82,17.99,80700
CVLT,20100419,21.26,21.49,20.85,21.32,589000
CVLY,20100419,8.67,8.76,8.51,8.76,400
CVTI,20100419,6.98,6.99,6.69,6.74,15900
CVV,20100419,3.66,3.66,3.66,3.66,300
CWBC,20100419,2.97,2.97,2.97,2.97,0
CWCO,20100419,14.58,14.66,14.31,14.46,25300
CWST,20100419,5.04,5.12,5,5.05,45800
CXDC,20100419,7.16,7.17,7,7.12,246600
CY,20100419,12.57,12.81,12.45,12.7,3787600
CYAN,20100419,2.76,2.88,2.75,2.8,21400
CYBE,20100419,10.03,10.3,9.58,10.2,8000
CYBX,20100419,20.2,20.66,20.07,20.26,155300
CYCC,20100419,18.06,20.79,17.71,19.32,12630500
CYCCP,20100419,4.3,4.3,4.2,4.2,2500
CYNO,20100419,12.53,12.87,12.35,12.82,53200
CYOU,20100419,32.55,32.85,32.14,32.5,209200
CYTK,20100419,19.92,19.98,19.14,19.44,217900
CYTR,20100419,7.7,7.7,7.14,7.21,2080600
CYTX,20100419,4.8,4.87,4.7,4.71,254000
CZFC,20100419,7.15,7.15,7.15,7.15,0
CZNC,20100419,12.01,12.06,11.76,11.94,7100
CZWI,20100419,4.08,4.08,4.05,4.05,1500
DAIO,20100419,4.66,4.66,4.66,4.66,0
DAKT,20100419,8.15,8.25,8.15,8.21,244400
DARA,20100419,2.1,2.2,2.05,2.05,196300
DAVE,20100419,8.78,9.06,8.63,9.01,66900
DCOM,20100419,13.01,13.37,13.01,13.24,76100
DCTH,20100419,153.6,165.6,150.88,158.24,1764200
DENN,20100419,3.63,3.78,3.63,3.75,1489700
DEPO,20100419,3.55,3.65,3.48,3.6,204200
DEST,20100419,14.98,15.04,14.51,14.635,29900
DGAS,20100419,14.585,14.655,14.565,14.61,1300
DGICA,20100419,14.75,14.75,14.64,14.68,17500
DGICB,20100419,18,18,18,18,0
DGII,20100419,10.98,11.1,10.67,11.07,108300
DGLY,20100419,1.8,1.8,1.75,1.76,38300
DHIL,20100419,70.54,71.9,69.99,71.8,1800
DIOD,20100419,23.5,23.93,22.5,23.25,430700
DISCA,20100419,35.2,35.55,34.91,35.34,1889500
DISCB,20100419,35.96,36.45,35.72,35.84,600
DISCK,20100419,14.92,15.155,14.82,14.995,585600
DISH,20100419,21.42,21.6,21.27,21.5,2603400
DJCO,20100419,70.5,71,70.5,71,700
DLTR,20100419,19.9767,20.03,19.56,19.7334,988700
DMLP,20100419,25.54,25.8,24,24.58,442300
DMND,20100419,44.7,44.77,43.84,44.63,81700
DMRC,20100419,17.71,17.76,17.16,17.5,14700
DNBF,20100419,6.99,6.99,6.99,6.99,300
DORM,20100419,10.08,10.18,9.915,10.105,17100
DRAD,20100419,2.1,2.1,2.04,2.07,33100
DRAM,20100419,15.06,15.72,14.7,15.42,33000
DRRX,20100419,3,3.08,2.82,2.83,152200
DRWI,20100419,9.87,9.87,9.45,9.81,356000
DRYS,20100419,6.3,6.33,6.04,6.2,23819600
DSCI,20100419,5.6,5.6,5.5,5.6,2900
DSCO,20100419,0.55,0.55,0.52,0.53,1116800
DSGX,20100419,6.18,6.18,6.14,6.17,7100
DSPG,20100419,8.8,8.92,8.61,8.85,48300
DSWL,20100419,5.04,5.24,4.96,5.08,5200
DTLK,20100419,4.85,4.85,4.66,4.7,16300
DTSI,20100419,34.64,34.64,34.13,34.46,116600
DVAX,20100419,14.5,14.8,14.2,14.6,354200
DWA,20100419,40.85,41.77,40.63,41.57,1636300
DWCH,20100419,2.31,2.37,2.31,2.37,200
DWSN,20100419,29.02,29.38,28.57,29.22,39000
DXCM,20100419,10.85,10.88,10.52,10.68,123300
DXPE,20100419,14.86,15.1,14.63,14.89,32300
DXYN,20100419,4.84,5.14,4.84,4.93,35300
DYAX,20100419,3.64,3.66,3.44,3.55,718800
DYNT,20100419,5,5.05,4.85,5.05,8000
EBAY,20100419,26.2,26.38,25.75,26.32,11522800
EBIX,20100419,16.04,16.33,15.54,15.75,437500
EBSB,20100419,4.4975,4.5833,4.4894,4.5302,10300
EBTC,20100419,11.86,11.96,11.86,11.94,3100
ECHO,20100419,13.15,13.25,12.8,12.95,44900
ECOL,20100419,15.83,16,15.76,15.91,68200
ECPG,20100419,17.11,17.38,16.93,17.31,59400
EDAP,20100419,3.22,3.22,3.12,3.15,38200
EDGW,20100419,2.93,2.97,2.92,2.95,92900
EDUC,20100419,6.39,6.39,6.12,6.2,3900
EEFT,20100419,19.65,20.52,19.52,20.41,680200
EEI,20100419,13.9,13.9,13.7,13.7,4800
EFII,20100419,12.43,12.62,12.35,12.6,277400
EFOI,20100419,1.19,1.19,1.11,1.15,22000
EFSC,20100419,10.95,11.15,10.95,11.01,29800
EFUT,20100419,6.24,6.45,6.11,6.18,13300
EGBN,20100419,12.17,12.5,12.17,12.31,37900
EGHT,20100419,1.49,1.5,1.48,1.49,107700
EGLE,20100419,383.76,392.4,373.68,382.32,5284100
EGOV,20100419,7.35,7.44,7.2,7.29,105700
EHTH,20100419,15.28,15.28,14.98,15.04,263500
ELGX,20100419,4.33,4.44,4.3,4.39,226800
ELNK,20100419,8.57,8.69,8.49,8.56,927100
ELON,20100419,8.63,8.87,8.55,8.75,189300
ELOS,20100419,11.01,11.54,11,11.35,278400
ELRC,20100419,14.17,14.41,13.41,14.22,22100
ELSE,20100419,4.17,4.17,4.17,4.17,400
ELTK,20100419,1.24,1.32,1.23,1.29,11600
EMCF,20100419,15.52,15.63,15.52,15.63,300
EMCI,20100419,15.48,15.6333,15.3733,15.5467,9800
EMIF,20100419,31.18,31.23,30.8,31.04,24500
EMITF,20100419,440,452.2,428.4,442.2,6000
EMKR,20100419,5.84,5.92,5.44,5.8,1623000
EMMS,20100419,1.85,1.96,1.81,1.85,205100
EMMSP,20100419,23.14,23.14,18.64,18.64,700
ENDP,20100419,23.65,24.25,23.63,24.18,1920100
ENG,20100419,3.08,3.1,3.04,3.08,83200
ENOC,20100419,27.24,28.48,26.98,28.25,429500
ENSG,20100419,17.3,17.48,17.2,17.31,62600
ENTG,20100419,5.66,5.78,5.55,5.69,1163200
ENZN,20100419,10.35,10.69,10.3,10.51,1908600
EPAX,20100419,12.23,12.41,12.01,12.2,64300
EPAY,20100419,17.37,17.64,17.19,17.47,71800
EPIQ,20100419,12.26,12.44,12.08,12.35,142300
EQIX,20100419,99.02,99.44,96.49,97.85,1214500
ERIC,20100419,10.75,10.96,10.75,10.95,4325500
ERIE,20100419,44.14,44.59,44.14,44.4,27900
ERII,20100419,6.29,6.4,6.25,6.29,432400
EROC,20100419,6.48,6.62,6.29,6.47,147900
ESBK,20100419,16.99,16.99,16.99,16.99,0
ESCA,20100419,3.94,4.29,3.94,4.03,23600
ESEA,20100419,3.92,4.05,3.85,4.01,128400
ESGR,20100419,68.25,68.69,67.57,67.95,12900
ESIO,20100419,14.01,14.09,13.55,14.03,50700
ESLT,20100419,64.1,64.17,63.42,63.89,13100
ESMC,20100419,1.51,1.55,1.45,1.55,2700
ESRX,20100419,50.345,51.535,50.065,51.395,2287200
ESSA,20100419,12.65,12.85,12.6,12.78,11900
ESSX,20100419,7,7.03,6.72,6.89,3900
ETFC,20100419,17.1,17.5,16.9,17.3,25995400
ETRM,20100419,3.3,3.3,3.12,3.24,322700
EUFN,20100419,23.12,23.39,23.12,23.39,300
EVBS,20100419,7.4,7.5,7.4,7.44,5100
EVEP,20100419,32.25,32.8,32.14,32.37,113600
EVK,20100419,2.97,3.13,2.95,2.99,20100
EVOL,20100419,6.94,7.21,6.94,7.16,15800
EWBC,20100419,18.13,18.54,17.64,17.94,886500
EXAC,20100419,20.42,20.47,20.14,20.24,11600
EXAS,20100419,4.28,4.37,4.14,4.37,353900
EXEL,20100419,6,6.06,5.86,5.89,1369500
EXFO,20100419,6.1,6.18,6.04,6.12,22800
EXLP,20100419,22.97,23.14,22.59,22.59,15600
EXLS,20100419,17.52,17.74,17.32,17.38,45500
EXPD,20100419,39.39,39.76,39.06,39.33,2935700
EXPE,20100419,24.63,24.93,24.28,24.71,4982100
EXPO,20100419,14.78,14.935,14.005,14.795,60300
EXTR,20100419,3.45,3.65,3.44,3.64,603300
EXXI,20100419,21.53,21.53,19.4,20.06,1935400
EZCH,20100419,19.17,19.62,18.77,19.11,318000
EZPW,20100419,21.38,22.14,21.37,21.95,476800
FALC,20100419,3.4,3.41,3.2,3.26,237100
FARM,20100419,18.67,18.94,18.52,18.81,5300
FARO,20100419,25.52,25.6,25.01,25.56,38000
FAST,20100419,27.105,27.46,26.825,27.435,1339100
FBIZ,20100419,9.9,9.9,9.9,9.9,100
FBMS,20100419,8.07,8.1,8.07,8.1,800
FBNC,20100419,15,15.46,14.79,15.39,38700
FBSS,20100419,15.75,15.75,15.68,15.68,200
FCAP,20100419,15.5,15.5,15.5,15.5,0
FCBC,20100419,13.09,13.47,13.09,13.33,19200
FCCO,20100419,6.16,6.16,5.95,5.97,8100
FCCY,20100419,8.14,8.3,8,8,2200
FCEL,20100419,2.91,2.99,2.84,2.88,1092200
FCFS,20100419,22.92,23.2,22.81,23.11,89600
FCLF,20100419,6.99,6.99,6.99,6.99,100
FCNCA,20100419,198.19,202.62,197.95,201.06,11100
FCTY,20100419,4.46,4.46,4.01,4.27,4100
FCVA,20100419,7.87,8.3,7.61,8.26,1400
FDEF,20100419,11.83,12.67,11.83,12.52,49400
FDML,20100419,20.11,20.6,20.04,20.5,96900
FEIC,20100419,22.14,22.6,22.03,22.6,424200
FEIM,20100419,5.45,5.47,5.41,5.42,3700
FELE,20100419,16.805,16.975,16.655,16.86,87400
FFBC,20100419,18.8,19.44,18.57,19.29,408600
FFHL,20100419,1.17,1.17,1.09,1.15,13300
FFIC,20100419,13.51,13.75,13.13,13.5,64100
FFIN,20100419,17.4334,17.75,17.3667,17.75,53600
FFIV,20100419,66.37,66.67,64,65.76,1249600
FFKT,20100419,8.2,8.4,8.02,8.37,12300
FFNM,20100419,1.39,1.47,1.39,1.43,5100
FFNW,20100419,7.3,7.5,7.29,7.34,14800
FHCO,20100419,6.48,6.52,6.35,6.48,36500
FIBK,20100419,15.8,16.05,15.8,15.84,141200
FINL,20100419,17.4,17.5,16.8,17.01,665100
FISI,20100419,15.6,15.74,15.24,15.72,16400
FISV,20100419,26.435,26.595,26.305,26.595,1226600
FITB,20100419,14,14.4,13.78,14.24,14167500
FIZZ,20100419,11.24,11.5,11.21,11.39,53200
FLEX,20100419,7.87,7.89,7.61,7.77,6642600
FLIC,20100419,16.3333,16.4933,16.3333,16.3867,2800
FLIR,20100419,29.27,29.47,28.93,29.1,2238300
FLML,20100419,8.78,9.1,8.78,9,17000
FLWS,20100419,3.08,3.25,3.01,3.17,287400
FLXS,20100419,15.34,15.34,15.01,15.17,6700
FMBI,20100419,14.45,14.73,14.18,14.6,555900
FMER,20100419,22.69,22.92,22.46,22.9,647700
FNFG,20100419,14.32,14.48,14.23,14.41,3252300
FNGN,20100419,15.81,16.16,15.31,16.07,119400
FNLC,20100419,16.02,16.02,15.68,15.77,3800
FNSR,20100419,16.67,16.74,16.11,16.35,1983100
FOLD,20100419,3.26,3.35,3.19,3.26,75400
FONR,20100419,1.66,1.67,1.63,1.63,26000
FORD,20100419,3.21,3.21,3.04,3.1,59400
FORM,20100419,20.1,20.1,19.38,19.6,410300
FORR,20100419,31.62,31.91,31.33,31.82,33000
FORTY,20100419,12.54,12.55,12.09,12.55,8700
FOSL,20100419,41.03,41.29,39.18,39.85,549900
FRBK,20100419,3.7,3.91,3.7,3.91,24700
FRED,20100419,12.8,13.26,12.79,13.23,913800
FREE,20100419,17250,17875,17125,17375,107400
FRME,20100419,7.58,7.99,7.58,7.87,44700
FRPT,20100419,6.11,6.25,6.02,6.1,369900
FSBK,20100419,13.37,13.61,13.37,13.58,8900
FSFG,20100419,12.6,12.6,12.6,12.6,6800
FSGI,20100419,2.69,2.95,2.69,2.79,87000
FSLR,20100419,132.1,134.9,130.15,132.8,1615200
FSTR,20100419,31.99,32.64,31.73,32.09,45200
FSYS,20100419,33.55,34.8,33.1,33.87,634700
FTEK,20100419,7.83,7.89,7.5,7.65,117800
FTNT,20100419,8.09,8.27,8.09,8.125,229800
FUEL,20100419,1.28,1.32,1.27,1.32,13100
FULT,20100419,10.79,10.97,10.64,10.81,1339100
FUNC,20100419,6.07,6.07,5.71,5.81,2400
FUND,20100419,6.95,6.95,6.81,6.87,21900
FWRD,20100419,27.74,28.1,27.68,28.06,195000
FXCB,20100419,10.82,10.82,10.81,10.81,1500
FXEN,20100419,4.23,4.49,4.23,4.36,160100
GABC,20100419,15.55,15.84,15.55,15.56,1500
GAI,20100419,12.12,12.12,12,12,2000
GAIA,20100419,8.96,9.09,8.86,9.03,35300
GAIN,20100419,6.74,6.8,6.62,6.71,31800
GALT,20100419,2.58,2.682,2.52,2.52,12100
GAME,20100419,7.27,7.31,6.81,7.05,1647000
GASS,20100419,4.53,4.85,4.42,4.83,31400
GBCI,20100419,16.89,17.24,16.67,17.21,1036400
GBDC,20100419,14.7,14.85,14.57,14.72,231500
GBNK,20100419,7.5,8.35,7.35,8.05,71600
GCBC,20100419,15.25,15.25,15.25,15.25,300
GENC,20100419,7.59,7.8,7.59,7.74,4500
GENE,20100419,6.5,6.5,6.1,6.1,18800
GERN,20100419,5.46,5.64,5.4,5.52,785100
GFED,20100419,5.95,5.95,5.85,5.85,1200
GFN,20100419,1.42,1.42,1.42,1.42,3400
GGAL,20100419,6.12,6.23,5.93,6.12,251900
GHDX,20100419,16.99,17.28,16.73,16.84,74300
GIFI,20100419,20.42,20.49,19.49,20.22,116500
GIGA,20100419,2.32,2.33,2.32,2.33,15200
GIGM,20100419,3.02,3.06,2.94,2.98,2884900
GIII,20100419,14.335,14.765,14.005,14.2,280400
GILD,20100419,22.875,22.985,22.6,22.87,7025100
GILT,20100419,5.8,5.92,5.8,5.88,8600
GLAD,20100419,12.53,13.2,12.41,12.96,177700
GLBL,20100419,6.3,6.46,6.25,6.45,1690000
GLBZ,20100419,9.75,9.75,9.75,9.75,300
GLDC,20100419,3.48,3.48,3.4,3.45,1500
GLDD,20100419,5.35,5.44,5.3,5.39,148900
GLNG,20100419,13.03,13.23,12.96,13.11,68000
GLRE,20100419,26.21,26.46,26.09,26.22,93500
GLUU,20100419,1.03,1.05,1.01,1.01,33200
GMCR,20100419,31.21,31.2933,29.8233,30.23,1642500
GNCMA,20100419,6.1,6.17,6,6.1,111500
GNTX,20100419,10.75,10.91,10.65,10.895,1110500
GNVC,20100419,7.2,7.3,7,7.2,2596200
GOLD,20100419,78.42,79.28,77.67,79.09,781300
GOOD,20100419,16.2,16.44,16.19,16.29,53400
GOODO,20100419,22,22,22,22,1000
GOODP,20100419,22.39,22.39,22.39,22.39,100
GOOG,20100419,274.375,276.995,272.5,275.05,3895700
GPIC,20100419,6.6,6.66,6.5,6.66,36000
GPOR,20100419,13.33,13.33,12.63,13.03,351200
GPRE,20100419,14.53,14.93,14.08,14.69,517600
GPRO,20100419,48,48.17,47.61,47.95,240900
GRID,20100419,31.27,31.36,30.98,31.3,10000
GRIF,20100419,29.04,31.1,28.82,30.77,31800
GRMN,20100419,36.03,37.49,35.66,36.65,2152900
GROW,20100419,10.11,10.39,9.57,9.63,137900
GRVY,20100419,17.6,17.6,16.08,17.44,105700
GSBC,20100419,23.4,24.11,23.39,23.41,18100
GSIT,20100419,5.67,5.78,5.43,5.72,166400
GSM,20100419,12.16,12.16,11.74,11.9,141000
GSOL,20100419,6.52,6.61,6.21,6.55,203500
GT,20100419,14.15,14.44,13.78,14.11,4571100
GTIM,20100419,1.15,1.15,1.15,1.15,0
GTLS,20100419,24.35,24.76,24,24.48,275600
GTXI,20100419,3.31,3.37,3.24,3.26,118800
GUID,20100419,5.8,5.85,5.67,5.83,13200
GULF,20100419,16.3,16.4,16.23,16.32,15100
GYRO,20100419,41.5,41.5,41,41,900
HA,20100419,7.16,7.37,7.16,7.29,1146100
HAFC,20100419,3,3.15,2.78,3.15,664200
HAIN,20100419,9.51,9.635,9.28,9.385,524900
HALL,20100419,10.75,11.14,10.69,11,237400
HALO,20100419,8.48,8.71,8.25,8.26,478900
HAS,20100419,40.37,41,39.92,40.91,4462100
HAWK,20100419,17.73,18.75,17.54,18.63,71500
HAYN,20100419,36.53,37,36.15,36.2,75500
HBAN,20100419,5.5,5.62,5.26,5.49,33650100
HBANP,20100419,1003,1003,990,990,100
HBCP,20100419,13.92,13.94,13.81,13.81,5800
HBHC,20100419,42.07,42.73,41.56,42.52,141000
HBIO,20100419,4.26,4.38,4.22,4.23,73300
HBNC,20100419,9.6445,10.12,9.4755,10.0711,5300
HCBK,20100419,14.34,14.52,14.2,14.44,6476700
HCCI,20100419,10.3,10.91,10.1,10.59,13500
HCKT,20100419,2.95,2.99,2.9,2.9,56600
HCSG,20100419,14.5667,14.5867,14.38,14.4667,291400
HDNG,20100419,9.51,9.55,9.3,9.47,36300
HDSN,20100419,2.53,2.67,2.51,2.52,34300
HEES,20100419,11.73,11.88,11.52,11.74,51800
HELE,20100419,27.58,27.94,27.28,27.62,170500
HEOP,20100419,3.97,3.97,3.97,3.97,0
HFBC,20100419,12.01,12.15,11.71,11.71,2200
HFFC,20100419,10.39,10.47,10.36,10.47,900
HFWA,20100419,15.36,15.6,15.36,15.45,8200
HIBB,20100419,26.91,27.18,26.51,26.97,148500
HIFS,20100419,37.97,37.97,35.76,36,7200
HIHO,20100419,2.5,2.53,2.43,2.45,9700
HILL,20100419,1.53,1.54,1.46,1.5,82000
HIMX,20100419,3.17,3.17,3.13,3.15,160100
HLIT,20100419,7.05,7.09,6.84,7,576800
HMIN,20100419,33.15,33.45,31.72,32.92,289600
HMNF,20100419,6.13,6.2,6.08,6.08,1300
HMPR,20100419,43.25,44.25,42.5,43.75,51700
HMSY,20100419,17.11,17.4033,16.8867,17.4033,190600
HNSN,20100419,2.2,2.3,2.18,2.25,872100
HOFT,20100419,16.17,16.57,15.54,16.12,59800
HOLI,20100419,11.51,11.51,10.83,11.03,323900
HOLX,20100419,18.04,18.22,17.9,18.11,3108400
HOMB,20100419,14.315,14.37,13.92,14.225,79300
HOVNP,20100419,9.3,9.31,9.16,9.25,10500
HPJ,20100419,5.23,5.34,5,5.25,185400
HSIC,20100419,60.84,61.1,60.52,60.65,593000
HSII,20100419,30.34,30.36,29.37,29.67,114300
HSKA,20100419,0.84,0.88,0.83,0.86,35800
HSNI,20100419,31.58,31.99,30.23,30.81,512300
HSTM,20100419,4.87,4.99,4.58,4.61,58300
HTBK,20100419,4.28,4.44,4.23,4.42,6700
HTCH,20100419,6.8,6.92,6.59,6.9,260200
HTHT,20100419,15.3,16.48,15.25,16.45,396000
HTLD,20100419,16.11,16.97,16.08,16.64,2006600
HTLF,20100419,16.76,16.95,16.68,16.83,8600
HTWR,20100419,48.36,48.36,47.22,48.02,18500
HUBG,20100419,31.1,31.56,30.53,31.04,209600
HURC,20100419,18.15,18.53,18.15,18.5,20700
HURN,20100419,22.16,22.22,21.71,21.97,117800
HWAY,20100419,16.46,16.73,16.32,16.56,125500
HWBK,20100419,13.12,13.39,12.75,13.3,2900
HWCC,20100419,12.25,12.36,11.91,12.34,76600
HWKN,20100419,27.44,27.77,26.89,27.39,45700
HYGS,20100419,4.99,4.99,4.89,4.95,9500
IACI,20100419,23.5,23.73,23.25,23.64,772500
IART,20100419,45.81,46.4,45.43,45.98,262500
IBB,20100419,92.1,92.73,91.15,91.94,1011700
IBCP,20100419,0.73,0.79,0.73,0.73,178100
IBKC,20100419,60.91,61.89,60.11,60.97,200500
IBKR,20100419,16.29,16.5,16.12,16.48,269800
IBOC,20100419,23.5,23.82,23,23.45,182100
ICAD,20100419,1.82,1.9,1.79,1.84,556500
ICCC,20100419,3.82,3.82,3.82,3.82,0
ICFI,20100419,24.34,24.74,24.25,24.58,28700
ICLN,20100419,18.99,19.24,18.9,19.11,21600
ICLR,20100419,27.61,28.25,27.61,27.92,339800
ICON,20100419,16.9,17.08,16.53,17,794700
ICUI,20100419,35.5,35.5,34.98,35,119800
IDCC,20100419,29.18,29.55,28.72,28.95,362100
IDRA,20100419,6.62,6.9,6.53,6.82,32100
IDSA,20100419,11.4533,11.4533,10.76,10.92,206300
IDSY,20100419,3,3.07,3,3.07,9900
IDTI,20100419,6.72,6.82,6.62,6.79,4059900
IDXX,20100419,30.105,30.4,29.875,29.96,498900
IESC,20100419,5.7,5.7,5.19,5.2,24200
IFEU,20100419,28.39,28.39,28.14,28.28,1800
IFGL,20100419,28.92,28.99,28.56,28.95,20500
IFON,20100419,0.71,0.75,0.7,0.7,23800
IGLD,20100419,28.55,28.95,28.01,28.36,31600
IGOV,20100419,99.97,100.47,99.97,100.4,4400
III,20100419,3.42,3.51,3.42,3.49,10700
IIIN,20100419,11.14,11.19,10.96,11.09,58800
IIJI,20100419,5.81,5.82,5.74,5.81,8700
IILG,20100419,13.8,13.96,13.42,13.76,100600
IIN,20100419,4.55,4.57,4.35,4.57,1600
IIVI,20100419,17.01,17.155,16.55,16.975,83100
IKAN,20100419,30,30.6,28.7,29.9,207800
IKNX,20100419,6.94,6.94,6.94,6.94,400
ILMN,20100419,38.21,38.46,37.06,37.35,1730200
IMGN,20100419,9.91,10.9,9.75,9.79,2725000
IMKTA,20100419,15.71,15.72,15.41,15.58,20300
IMMR,20100419,5.75,5.86,5.55,5.71,136800
IMMU,20100419,3.79,3.79,3.6,3.72,1856300
IMMY,20100419,5,5,5,5,0
IMOS,20100419,0.97,1,0.95,0.95,332700
INAP,20100419,5.66,5.72,5.53,5.66,320900
INCY,20100419,13.78,13.97,13.31,13.73,1816600
INDB,20100419,25.48,26.24,25.43,26.23,80100
INDY,20100419,26.55,26.9,26.55,26.89,79600
INFI,20100419,6.42,6.82,6.42,6.59,35100
INFN,20100419,9.73,9.81,9.46,9.71,659200
ININ,20100419,19.91,20.08,19.57,19.9,92800
INOD,20100419,3.73,3.77,3.68,3.68,74500
INPH,20100419,2.73,2.73,2.72,2.72,9900
INSM,20100419,1.16,1.16,1.11,1.11,507800
INTC,20100419,23.91,24.04,23.54,24,71310700
INTG,20100419,13.24,13.24,13.24,13.24,0
INTU,20100419,35.31,35.47,35.14,35.31,4471900
INTX,20100419,4.69,4.73,4.68,4.7,12100
INVE,20100419,17.1,17.8,17.1,17.1,9900
INWK,20100419,5.62,5.64,5.5,5.61,218600
IOSP,20100419,12.58,12.87,12.46,12.61,72800
IPAR,20100419,15.96,16,15.65,15.94,58300
IPAS,20100419,1.28,1.3,1.25,1.26,1724100
IPCC,20100419,45.4,46.1,45.27,46.01,45000
IPCI,20100419,2.09,2.21,2.08,2.19,4600
IPCM,20100419,34,35.29,34,35.06,64400
IPGP,20100419,17.59,17.81,17.17,17.67,223800
IPHS,20100419,28.13,28.76,27.7,28.38,85800
IPXL,20100419,17.56,17.67,17,17.3,548600
IRBT,20100419,15.02,15.21,15,15.06,71400
IRDM,20100419,8.55,8.55,8.19,8.39,113800
IRIX,20100419,4.25,4.4,4.25,4.3,2100
IRWD,20100419,14.59,14.64,13.92,14.01,144800
ISBC,20100419,5.4078,5.451,5.3059,5.3804,245900
ISCA,20100419,27.48,28.13,27.43,28.08,257000
ISHG,20100419,100.44,101,100.44,101,10100
ISIG,20100419,6.82,6.82,6.62,6.8,11900
ISIL,20100419,16.62,16.69,16.08,16.4,2093800
ISIS,20100419,10.73,10.82,10.5,10.6,895400
ISLE,20100419,10.76,11,10.38,10.58,194600
ISNS,20100419,13.3,13.4,13.25,13.31,3100
ISRG,20100419,360.59,369.69,355.2,361.98,1028800
ISRL,20100419,69.82,70.24,65.65,68.7,700
ISSC,20100419,5.62,5.72,5.56,5.72,16600
ISSI,20100419,10.84,11.22,10.55,10.98,514200
ITIC,20100419,33.9,34.98,33.9,34.98,2500
ITRI,20100419,75.36,75.37,73.73,74.62,302900
ITRN,20100419,15.53,15.54,15.17,15.3,24500
IVAC,20100419,13.92,14.21,13.77,14.2,156300
IXYS,20100419,9.7,9.87,9.43,9.52,77700
JACK,20100419,24.76,25.18,24.34,24.4,1225500
JAKK,20100419,14.62,14.92,14.59,14.92,238300
JASO,20100419,29.65,30.1,28.1,28.8,12404400
JAXB,20100419,190,190.2,190,190.2,300
JAZZ,20100419,10.43,10.46,9.71,9.81,771100
JBHT,20100419,36.86,37.45,36.71,37.04,1784100
JBLU,20100419,6.6,6.84,6.5,6.7,10639100
JBSS,20100419,15.62,15.88,15.58,15.86,13700
JCOM,20100419,24.42,24.57,23.8,24.07,176800
JCS,20100419,12.78,12.97,12.6,12.63,2700
JCTCF,20100419,3.5,3.5,3.5,3.5,0
JJSF,20100419,44.09,44.86,43.92,44.49,71000
JKHY,20100419,24.81,24.97,24.51,24.72,336500
JMBA,20100419,16,16.3,15.5,15.65,908400
JOBS,20100419,9.255,9.315,9.125,9.135,14700
JOEZ,20100419,2.75,2.8,2.65,2.75,2449600
JOUT,20100419,11.34,11.35,11.01,11.19,9800
JRJC,20100419,7.54,7.58,7.2,7.45,62500
JST,20100419,21.4,21.92,20.79,21.01,123000
JVA,20100419,4.86,4.93,4.86,4.93,1400
JXSB,20100419,11.5,11.5,11.5,11.5,0
KALU,20100419,39.86,40.08,38.79,40.01,256300
KCAP,20100419,5.64,5.79,5.61,5.63,60900
KCLI,20100419,34.96,34.96,34.1,34.23,8800
KELYA,20100419,17.66,17.8,17.2,17.53,92900
KELYB,20100419,18.18,18.18,18.18,18.18,0
KEQU,20100419,13.88,13.88,13.46,13.78,3200
KERX,20100419,4.77,4.84,4.39,4.53,3493200
KFFB,20100419,10.05,10.1,9.6,9.71,3900
KFRC,20100419,15.84,15.84,15.1,15.47,197300
KINS,20100419,2.82,2.95,2.75,2.76,3400
KIRK,20100419,23.84,24.15,23.33,23.85,234600
KLAC,20100419,33.34,33.94,32.54,33.26,4617600
KLIC,20100419,8.77,8.77,7.96,8.18,4436800
KNDI,20100419,5.08,5.1,4.89,5.1,149500
KONA,20100419,4.21,4.98,4.21,4.8,94200
KOOL,20100419,0.78,0.78,0.73,0.73,289900
KOPN,20100419,4.35,4.41,4.22,4.37,504000
KOSS,20100419,5.5,5.8,5.44,5.8,10300
KRNY,20100419,10.51,10.55,10.38,10.38,15100
KTCC,20100419,5.6,5.88,5.37,5.8,109100
KTEC,20100419,14.37,14.37,14,14.3,5100
KTOS,20100419,14.25,14.65,14.21,14.54,49800
KVHI,20100419,13.84,14.32,13.78,14.12,80500
KZ,20100419,7.76,7.81,7.42,7.44,242000
LABL,20100419,12.31,12.35,12.12,12.17,12600
LAKE,20100419,9.04,10.24,9.04,10,8300
LAMR,20100419,37.14,37.61,36.44,36.81,787100
LANC,20100419,59.82,60.18,59.37,59.88,73900
LARK,20100419,18,18,18,18,100
LAWS,20100419,15.15,15.34,14.46,14.82,41800
LAYN,20100419,27.26,27.65,26.84,27.53,86000
LBAI,20100419,9.21,9.75,9.21,9.63,66500
LBIX,20100419,2.38,2.4,2.19,2.38,26600
LBTYA,20100419,14.6857,14.8748,14.4762,14.5887,1979000
LBTYB,20100419,29.46,29.46,29.46,29.46,0
LBTYK,20100419,28.47,28.82,28.18,28.38,195700
LCUT,20100419,13.84,13.88,13.07,13.44,116100
LECO,20100419,29.98,30.455,29.3,29.61,356500
LFUS,20100419,40.48,40.8,39.42,40.78,154300
LGCY,20100419,23.51,23.93,23.26,23.55,182000
LGND,20100419,10.68,10.92,10.5,10.5,452600
LHCG,20100419,35.56,36.25,35.56,36.19,185100
LIFE,20100419,51.92,52.41,51.57,52.25,1393400
LIME,20100419,31.5,31.78,30.45,30.8,57800
LINC,20100419,27.43,27.43,26.95,27.17,223300
LINE,20100419,25.65,25.86,25.48,25.84,1045200
LION,20100419,7.18,7.78,6.72,7.75,140400
LIOX,20100419,4.11,4.27,4.08,4.23,185500
LIVE,20100419,0.2,0.2,0.2,0.2,1800
LKFN,20100419,20.35,20.46,20.23,20.4,46000
LLNW,20100419,3.89,3.93,3.8,3.89,128300
LLTC,20100419,31.18,31.29,30.58,31.12,5488300
LMAT,20100419,4.74,4.78,4.71,4.75,12600
LMCA,20100419,14.2033,14.4733,14.1767,14.4233,352000
LMIA,20100419,17.04,17.15,16.48,16.6,106400
LMNX,20100419,17.37,17.65,16.99,17.03,103700
LNCE,20100419,23.47,23.69,23.25,23.58,85900
LNDC,20100419,6.84,6.88,6.56,6.74,57200
LOAN,20100419,1.29,1.29,1.29,1.29,100
LOGI,20100419,17.02,17.23,16.91,17.1,1777300
LOGM,20100419,20.96,21.27,20.74,20.74,60500
LOJN,20100419,4.24,4.55,4.22,4.55,22800
LONG,20100419,11.44,11.92,11.44,11.61,14400
LOOK,20100419,3.3,3.33,3.18,3.18,48300
LOPE,20100419,26.99,27.73,26.91,26.99,267400
LORL,20100419,38.49,39.4,38.46,38.72,19300
LPNT,20100419,36.28,37.22,36.01,36.91,818300
LPSB,20100419,6.86,6.86,6.86,6.86,100
LPSN,20100419,8.56,8.74,8.35,8.45,258000
LPTH,20100419,2.39,2.39,2.32,2.32,31700
LQDT,20100419,11.43,11.51,11.3,11.41,13000
LRAD,20100419,1.7,1.72,1.61,1.63,26800
LRCX,20100419,39.67,40.13,39.28,39.85,2339800
LSBK,20100419,8.11,8.11,8.07,8.07,900
LSCC,20100419,4.42,4.42,4.22,4.33,3011900
LSTR,20100419,44.77,45.04,43.96,44.08,681800
LTBR,20100419,6.86,6.9,6.53,6.59,40600
LTRX,20100419,3.84,3.9,3.7,3.7,3700
LULU,20100419,22.23,22.33,20.835,21.165,1743700
LUNA,20100419,2.31,2.35,2.17,2.27,43600
LWAY,20100419,11.03,11.36,10.96,11.34,31500
LXRX,20100419,10.99,10.99,10.57,10.85,2307400
LYTS,20100419,6.65,6.76,6.52,6.71,32300
MAGS,20100419,3.83,3.84,3.83,3.83,1700
MANH,20100419,6.7825,6.8825,6.595,6.725,152900
MANT,20100419,48.99,49.69,48.99,49.32,181700
MARPS,20100419,18.2,18.2,18.2,18.2,100
MASI,20100419,24.76,24.76,24.24,24.49,493700
MAT,20100419,24.14,24.25,23.09,23.52,7384100
MATW,20100419,36.15,36.21,35.36,35.87,89700
MAYS,20100419,15.75,16.01,15.75,16.01,1300
MBFI,20100419,24.29,24.71,24.05,24.34,302100
MBLX,20100419,76.08,78.72,74.34,74.46,119600
MBRG,20100419,17.4,17.98,16.6,17.71,4700
MBTF,20100419,1.3,1.3,1.24,1.25,29300
MBVT,20100419,21.91,22.9,21.91,22.87,15600
MBWM,20100419,4.85,4.88,4.63,4.64,46000
MCBC,20100419,2,2,1.95,1.98,11800
MCHP,20100419,30.18,30.25,29.35,29.88,3529000
MCHX,20100419,4.96,5.09,4.93,4.97,30200
MCRI,20100419,9.35,9.59,9.28,9.33,38400
MDAS,20100419,21.16,21.57,21.05,21.33,206400
MDCA,20100419,11.42,11.49,11.13,11.45,44500
MDCO,20100419,8.47,8.65,8.25,8.42,263500
MDM,20100419,2.13,2.4,2.13,2.35,50200
MDRX,20100419,21.29,21.4,20.9,21.2,2236300
MDSO,20100419,8,8.13,7.815,7.855,277500
MDVN,20100419,5.38,5.49,5.36,5.455,987400
MELA,20100419,75,75,72.1,73.3,215200
MELI,20100419,50.77,51.29,48.98,49.25,727900
MENT,20100419,9.27,9.41,9.14,9.31,724200
MEOH,20100419,23.95,24.18,23.56,24.13,443300
MERC,20100419,5.68,5.71,5.18,5.33,1016800
METR,20100419,14.34,14.34,14.02,14.2,17500
MFLX,20100419,25.86,26.06,25.39,25.74,48400
MFNC,20100419,4.94,4.94,4.94,4.94,0
MFRI,20100419,6.99,6.99,6.71,6.93,60600
MFSF,20100419,6.95,7,6.95,6.95,5100
MGEE,20100419,23.74,24.0867,23.74,23.9867,65700
MGIC,20100419,2.48,2.48,2.42,2.45,65400
MGLN,20100419,42.02,42.58,41.93,42.13,173900
MGPI,20100419,7.75,8.15,7.75,7.99,49900
MGRC,20100419,25.97,26.4,25.72,26.03,44800
MGYR,20100419,3.81,3.81,3.81,3.81,0
MHGC,20100419,7.27,7.3,7,7.21,375200
MHLD,20100419,7.36,7.36,7.22,7.24,108700
MIDD,20100419,19.5033,19.77,19.3233,19.7467,83100
MIND,20100419,6.91,7.04,6.87,7.04,59300
MINI,20100419,16.87,17.13,16.6,16.92,109700
MKSI,20100419,20.85,21.08,20.46,20.95,221700
MKTX,20100419,17,17.05,16.65,16.76,161700
MLAB,20100419,25.5,25.53,25.38,25.38,5400
MLHR,20100419,20.02,20.41,19.75,20.18,393100
MLNK,20100419,8.75,8.82,8.6,8.77,204000
MLNX,20100419,24.99,25.22,24.24,24.95,274600
MLVF,20100419,9.65,9.65,9.65,9.65,0
MMLP,20100419,31,31.1,30.58,30.84,22100
MMSI,20100419,12.744,12.856,12.488,12.856,68400
MNDO,20100419,1.95,2.1,1.94,2.09,400300
MNKD,20100419,6.52,6.67,6.42,6.48,786200
MNOV,20100419,6.76,6.76,6.15,6.41,44900
MNRK,20100419,6.875,6.9167,6.7833,6.8667,3200
MNRO,20100419,24.0867,24.32,23.56,24.1933,184000
MNST,20100419,20.815,20.825,20.49,20.745,379100
MNTA,20100419,15,15.25,14.54,14.6,235800
MNTX,20100419,2.45,2.46,2.32,2.41,19800
MOCO,20100419,11,11,10.7,10.71,1400
MOFG,20100419,13.75,13.75,13.6,13.75,800
MORN,20100419,47.73,48.49,47.65,48.38,77900
MOSY,20100419,4.25,4.33,4.08,4.33,17600
MPAA,20100419,6.32,6.5,6.32,6.5,35100
MPB,20100419,9.55,9.55,9.51,9.51,400
MPEL,20100419,4.63,4.8,4.55,4.64,7515600
MPET,20100419,2.2,2.26,2.19,2.21,172000
MPWR,20100419,24.05,24.4,23.68,24.11,191900
MRCY,20100419,13.81,13.92,13.4,13.91,51400
MRGE,20100419,2.54,2.59,2.47,2.56,179200
MRLN,20100419,12.19,12.58,11.92,12.58,37500
MRTN,20100419,14.0333,14.1667,13.8333,14.0333,55000
MRVL,20100419,21.86,21.91,21.2,21.62,17608100
MSBF,20100419,8,8,8,8,0
MSCC,20100419,17.45,17.67,16.88,17.18,1239300
MSEX,20100419,17.56,17.77,17.4,17.5,17100
MSFG,20100419,7.63,7.8,7.63,7.74,8600
MSFT,20100419,30.77,31.25,30.76,31.04,64970200
MSON,20100419,2.25,2.26,2.16,2.24,4700
MSTR,20100419,84.14,84.82,82.49,83.95,104300
MTEX,20100419,39.3,39.8,38.8,39.3,43600
MTRX,20100419,11.08,11.17,11.01,11.1,171200
MTSC,20100419,29.79,30.24,29.62,30.22,54400
MTSL,20100419,1.56,1.64,1.5,1.62,5200
MTSN,20100419,5,5.26,4.88,5.21,411700
MU,20100419,10.81,11,10.48,10.79,26295400
MVIS,20100419,26.96,29.2,26.88,27.44,799300
MXIM,20100419,20.89,20.89,20.25,20.58,2738500
MXWL,20100419,13.21,13.4,12.75,13.08,110500
MYGN,20100419,22.94,23.28,22.72,22.78,587300
MYL,20100419,21.59,21.85,21.41,21.57,6216500
MYRG,20100419,17.65,17.93,17.1,17.1,81400
NAII,20100419,7.8,7.81,7.53,7.68,6000
NANO,20100419,10.56,10.69,10.32,10.46,368700
NATH,20100419,15.39,15.4,15.29,15.4,600
NATI,20100419,23.78,23.8867,23.4,23.5733,154000
NATL,20100419,20.85,21.12,20.17,20.18,14800
NATR,20100419,11.8,11.94,10.58,11.12,19000
NAVG,20100419,40.27,40.94,40.25,40.93,178500
NAVI,20100419,2.75,2.94,2.74,2.94,82000
NBBC,20100419,4.24,4.24,4.02,4.11,8100
NBIX,20100419,3.09,3.18,3.05,3.15,285500
NBN,20100419,13.2,13.5,13,13.5,5000
NBTB,20100419,24.61,24.95,24.24,24.85,97200
NCIT,20100419,26.85,27.71,26.84,27.35,59300
NCMI,20100419,18.46,19.16,18.46,19.06,648300
NCTY,20100419,6.82,6.99,6.8,6.84,66200
NDAQ,20100419,21.28,21.58,21.13,21.58,3351000
NDSN,20100419,35.96,36.315,35.105,35.76,139100
NECB,20100419,6.14,6.46,6,6.04,8100
NEOG,20100419,17.1867,17.4267,17.06,17.42,83000
NEPT,20100419,2.18,2.18,2.1,2.17,6400
NEWP,20100419,13.87,13.93,13.15,13.5,140000
NEWS,20100419,7.08,7.21,6.81,7.21,110600
NEWT,20100419,6.2,6.9,6.2,6.25,22500
NFBK,20100419,14.72,14.88,14.59,14.7,7000
NFLX,20100419,12.1786,12.3714,11.8243,12.1143,1924300
NICE,20100419,32.08,32.12,31.71,32.04,223200
NICK,20100419,8.4,8.55,8.31,8.39,26400
NIHD,20100419,40.59,41.19,40.07,40.93,1610200
NILE,20100419,56.91,56.97,53.95,54.79,222600
NKSH,20100419,27.1,27.5,26.5,26.7,7000
NKTR,20100419,14.26,14.55,13.96,14.11,425900
NLST,20100419,3.35,3.35,3.1,3.11,836100
NMRX,20100419,4.76,4.82,4.49,4.72,5500
NNBR,20100419,6.95,6.96,6.64,6.73,31100
NPBC,20100419,7.54,7.76,7.42,7.61,571600
NRIM,20100419,17.1,17.25,17.1,17.17,8600
NSEC,20100419,12.47,12.47,12.47,12.47,0
NSIT,20100419,16.05,16.22,15.5,16.07,218200
NSPH,20100419,100.2,111.4,100.2,110.6,243000
NSSC,20100419,2.35,2.43,2.3,2.39,8900
NSYS,20100419,3.6,3.6,3.5,3.59,1300
NTAP,20100419,34.96,35.39,34.2,34.79,4666500
NTCT,20100419,15.01,15.2,15,15.17,223000
NTES,20100419,34.82,35.34,34.38,35.16,790700
NTGR,20100419,26.31,26.7,25.88,26.66,294400
NTIC,20100419,9.88,9.88,9.45,9.45,3200
NTLS,20100419,19.79,20,19.62,19.85,347200
NTRI,20100419,19.36,20.08,19.3,19.69,749000
NTRS,20100419,57.49,58.37,57.29,58.37,1673200
NTWK,20100419,8.3,8.4,8,8,231600
NUAN,20100419,17.7,17.73,17.1,17.41,2956000
NURO,20100419,10.56,10.8,10.26,10.62,12700
NUTR,20100419,14.72,14.89,14.69,14.77,16300
NUVA,20100419,43.09,43.62,42.29,43.03,447800
NVAX,20100419,2.51,2.58,2.48,2.54,1382500
NVDA,20100419,16.93,17.03,16.41,16.98,27362500
NVEC,20100419,48.97,49.12,46.21,46.35,69600
NVGN,20100419,1.81,1.94,1.78,1.94,2300
NVLS,20100419,26.6,26.85,25.95,26.48,3192300
NVMI,20100419,5.79,6.08,5.76,5.95,137300
NVSL,20100419,6.78,6.88,6.55,6.66,4400
NWBI,20100419,11.8,11.83,11.65,11.73,433600
NWFL,20100419,27.14,27.8,27.14,27.49,5000
NWLI,20100419,182.03,185.74,182.03,185.24,3400
NWPX,20100419,23.02,23.95,23.02,23.61,95500
NWS,20100419,18.18,18.34,17.88,18.2,2842500
NWSA,20100419,15.77,15.93,15.48,15.78,22771100
NXST,20100419,6.4,7.27,6.4,6.64,58700
NXTM,20100419,11.75,11.87,11.61,11.72,58200
NYMT,20100419,7.6,7.65,7.52,7.65,54900
NYMX,20100419,3.21,3.43,3.16,3.37,37400
NYNY,20100419,1.87,1.91,1.85,1.88,84500
OBAS,20100419,6.9,7.25,6.9,7.25,9600
OBCI,20100419,1.97,1.98,1.86,1.89,10200
OCFC,20100419,12.61,12.78,12.5,12.69,28200
OCLR,20100419,12.75,13,12.7,12.8,437600
OCLS,20100419,16.17,16.45,15.61,15.75,119500
ODFL,20100419,16.4045,16.4978,16.0489,16.3022,234400
OFIX,20100419,37.7,38.06,37.5,37.83,44000
OFLX,20100419,11.62,12.24,11.52,11.73,21400
OGXI,20100419,21.89,22.38,21.84,22.02,24200
OIIM,20100419,7.38,7.5,7.21,7.4,338000
OKSB,20100419,11.91,13.32,11.91,13.16,206000
OLBK,20100419,7.7,7.7,7.7,7.7,0
OMAB,20100419,15.6,15.95,15.51,15.51,16900
OMCL,20100419,14.16,14.66,14.1,14.15,219900
OMER,20100419,5.89,5.94,5.8,5.83,17500
OMEX,20100419,1.39,1.4,1.35,1.38,373000
ONCY,20100419,3.12,3.12,2.95,2.96,141400
ONEQ,20100419,97.49,98.08,96.74,97.5,18700
ONFC,20100419,10,10,9.25,9.75,800
ONTY,20100419,3.87,4.01,3.81,3.95,185200
ONVI,20100419,7.59,7.8,7.26,7.67,3500
OPHC,20100419,3.12,3.12,3.12,3.12,3000
OPOF,20100419,14.62,14.68,14.62,14.65,3800
OPTT,20100419,7.06,7.11,6.87,7.02,45600
OPXA,20100419,9.32,9.8,9.32,9.32,263200
OPXAW,20100419,1.03,1.03,1.01,1.01,700
ORBC,20100419,2.22,2.24,2.16,2.17,17200
ORBK,20100419,12.17,12.25,12.02,12.14,86100
OREX,20100419,5.6,5.89,5.54,5.87,831800
ORIT,20100419,16.53,16.67,16.44,16.44,7200
ORLY,20100419,43.64,43.94,43.23,43.84,1129500
ORRF,20100419,25.9,26.16,25.58,26.09,16900
OSBC,20100419,6.39,6.4,6.2,6.26,29100
OSBCP,20100419,7.55,7.55,7.39,7.46,7500
OSHC,20100419,11.54,11.57,11.54,11.56,300
OSIR,20100419,7.38,7.4,7.18,7.3,71600
OSIS,20100419,28.77,28.9,28.21,28.62,93700
OSTK,20100419,19.75,20,19.26,19.87,211600
OSUR,20100419,6.57,6.78,6.28,6.36,445300
OTEX,20100419,24.12,24.15,23.225,23.57,241400
OTIV,20100419,2.52,2.54,2.43,2.48,33500
OTTR,20100419,22.17,22.42,22.02,22.36,75200
OVBC,20100419,21,21,20.39,20.46,4800
OVLY,20100419,4.5,4.5,4.49,4.5,4700
OVTI,20100419,18.13,18.13,17.38,17.82,982800
OXGN,20100419,14.76,14.88,14.4,14.52,157400
OZRK,20100419,9.3825,9.4875,9.25,9.3625,60200
PAAS,20100419,24.58,25.15,24.58,25.13,1535500
PACW,20100419,22.5,22.91,22.14,22.69,142900
PAGG,20100419,25.82,26.2,25.71,26.11,36000
PANL,20100419,12.6,12.75,12.3,12.69,165000
PATK,20100419,2.1,2.16,2.0067,2.06,36400
PAYX,20100419,30.79,31.11,30.71,31.08,2651600
PBCT,20100419,16.2,16.34,15.86,16,8395900
PBHC,20100419,7.02,7.15,6.91,7.08,900
PBIB,20100419,14.54,14.54,14.38,14.39,2800
PBIP,20100419,7.84,7.84,7.38,7.43,13800
PCAR,20100419,45.82,46.85,45.67,46.64,3692300
PCBK,20100419,11.12,11.53,11.11,11.42,20100
PCCC,20100419,6.7,6.8,6.63,6.76,8600
PCLN,20100419,253.66,254.34,244.2,247.58,1158000
PCTI,20100419,6.69,6.83,6.53,6.8,23800
PCYO,20100419,2.74,2.74,2.65,2.68,1600
PDCO,20100419,31.89,32,31.67,31.8,996000
PDEX,20100419,0.57,0.57,0.57,0.57,6600
PDFS,20100419,4.35,4.39,4.23,4.35,61900
PDII,20100419,6.9,7.67,6.88,7.44,128500
PDLI,20100419,6.29,6.59,6.28,6.57,8151200
PEBK,20100419,6.65,6.65,6.5,6.5,5000
PEBO,20100419,16.66,16.84,16.33,16.58,12600
PEGA,20100419,18.895,19.085,18.355,18.91,131400
PEIX,20100419,18,18,15.9,15.9,4549800
PENN,20100419,29.02,29.45,28.45,28.84,858700
PERF,20100419,9.07,9.07,8.52,8.56,3900
PERY,20100419,24.41,25.12,23.95,24.93,93400
PESI,20100419,11.5,11.65,11.5,11.65,162200
PETS,20100419,23.09,23.09,22.42,22.87,261200
PFBC,20100419,1.56,1.67,1.56,1.6,77000
PFBI,20100419,9.21,9.74,9.21,9.72,14200
PFBX,20100419,15.03,15.1,15,15,5700
PFIN,20100419,2.6,2.6,2.6,2.6,0
PFSW,20100419,3.99,4.24,3.77,4,1419700
PGC,20100419,14.11,14.11,13.97,13.97,4800
PGNX,20100419,5.56,5.73,5.46,5.49,72500
PGTI,20100419,2.58,2.61,2.52,2.53,96000
PHII,20100419,21.45,21.45,21.45,21.45,100
PHIIK,20100419,21.51,21.53,21.31,21.34,20200
PHMD,20100419,9.2,9.25,8.78,9.07,13900
PICO,20100419,38.11,38.54,37.37,37.91,37500
PKBK,20100419,9.96,9.96,9.84,9.96,2000
PKOH,20100419,11.17,11.43,10.74,11.06,23100
PLAB,20100419,5.55,5.66,5.36,5.44,594500
PLBC,20100419,2.7,2.7,2.7,2.7,0
PLCE,20100419,48.38,48.81,47.02,47.44,525900
PLCM,20100419,16.005,16.36,15.6,15.91,1496400
PLNR,20100419,3.5,3.52,3.41,3.52,25400
PLPC,20100419,37.96,38.39,37.58,37.96,4300
PLTM,20100419,32.66,32.66,32.08,32.58,5300
PLUG,20100419,0.66,0.67,0.62,0.63,787600
PLUS,20100419,17.07,17.37,17.07,17.24,13500
PLXS,20100419,37.28,37.68,36.31,37.37,166100
PMBC,20100419,3.83,4.05,3.75,4,19400
PMCS,20100419,9.35,9.4,8.95,9.26,4262400
PMD,20100419,7.98,7.98,7.7,7.76,20900
PNBK,20100419,18.7,18.7,18.1,18.1,900
PNFP,20100419,18.21,18.4,17.65,17.94,336500
PNNT,20100419,10.85,11.02,10.7,10.97,234400
PNQI,20100419,28.33,28.48,27.86,28.17,9200
PNRA,20100419,83.66,84.48,82.75,83.16,348000
PNRG,20100419,25.23,25.78,24,24.38,4400
PNTR,20100419,6.85,6.85,6.71,6.71,1500
PODD,20100419,15.11,15.26,14.76,15.1,278000
POOL,20100419,24.72,25,24.21,24.93,709200
POPE,20100419,27.42,27.5,26.87,26.87,2700
POWI,20100419,44.46,44.47,42.02,43.34,589700
POWL,20100419,34.22,34.86,33.93,34.38,50600
POZN,20100419,10.22,10.27,10.05,10.16,513100
PPBI,20100419,4.93,4.93,4.93,4.93,200
PPHM,20100419,4.1,4.15,3.95,4.09,572900
PRAA,20100419,19.5,19.6633,19.4033,19.53,122400
PRAN,20100419,1.37,3.35,1.35,2.41,7522200
PRCP,20100419,4.52,4.59,4.34,4.47,10100
PRFT,20100419,11.87,12.06,11.62,11.98,85100
PRFZ,20100419,59.2,59.76,58.5,59.16,21700
PRGS,20100419,21.18,21.2933,20.9467,21.1933,195400
PRGX,20100419,6.25,6.39,6.19,6.25,78000
PRIM,20100419,8.15,8.28,8.15,8.23,4200
PRKR,20100419,1.86,1.89,1.76,1.78,257600
PROV,20100419,4.34,4.92,4.33,4.85,43800
PRSC,20100419,17.04,17.29,16.58,16.69,51800
PRTS,20100419,7.83,7.85,7.44,7.55,58400
PRXI,20100419,14.8,14.8,14.7,14.8,150000
PRXL,20100419,23.92,24.39,23.87,24.15,527800
PSAU,20100419,38.72,39.05,38.34,39,8800
PSBH,20100419,5.1,5.1,5.1,5.1,700
PSDV,20100419,4.9,5,4.84,4.85,35300
PSEC,20100419,11.86,11.99,11.75,11.99,616500
PSEM,20100419,11.49,11.73,11.1,11.37,54200
PSMT,20100419,24.5,24.65,24.34,24.62,31900
PSTI,20100419,1.27,1.27,1.19,1.2,59200
PSUN,20100419,5.89,5.95,5.65,5.79,773400
PTEN,20100419,14.32,14.6,14.3,14.48,3572900
PTIE,20100419,6.25,6.66,6.21,6.48,140100
PTNR,20100419,20.62,20.76,20.27,20.63,165400
PTSI,20100419,14.57,14.85,14.51,14.62,6700
PULB,20100419,7.59,7.75,7.55,7.74,8800
PVTB,20100419,13.98,14.27,13.86,14.23,456200
PVTBP,20100419,25.89,26.15,25.74,25.8,6300
PWOD,20100419,33,33.46,32.21,33.22,2800
PWX,20100419,12.37,12.4,12.36,12.4,700
PXLW,20100419,5.28,5.34,4.83,4.94,223100
PZZA,20100419,13.64,14.055,13.62,13.985,174400
QABA,20100419,26.7,26.7,26.25,26.6,14100
QBAK,20100419,1.81,1.92,1.81,1.83,4400
QCCO,20100419,5.3,5.3,5.18,5.21,29700
QCLN,20100419,16.49,16.49,16.08,16.34,6300
QCOM,20100419,42.63,42.99,42.25,42.75,14960400
QCRH,20100419,8.9,9.1,8.86,8.94,4800
QDEL,20100419,14.73,14.8,14.63,14.79,152900
QGEN,20100419,23.49,23.77,23.43,23.76,723200
QKLS,20100419,144,149.28,140.88,146.64,66300
QLGC,20100419,21.01,21.15,20.5,20.94,2963700
QLTI,20100419,5.71,5.89,5.6,5.83,125800
QNST,20100419,16.62,16.65,15.52,16.14,80900
QQEW,20100419,21.52,21.7,21.34,21.61,10800
QQQ,20100419,49.36,49.66,48.9,49.5,98251600
QQQX,20100419,14,14.25,13.87,14.05,57900
QQXT,20100419,19.61,19.68,19.45,19.63,6100
QSII,20100419,32.345,32.365,31.605,31.945,196700
QTEC,20100419,22.73,22.82,22.42,22.75,141900
QTWW,20100419,3,3,2.76,2.84,583900
QUIK,20100419,3.43,3.48,3.25,3.4,389700
RADA,20100419,2.45,2.5,2.42,2.5,7800
RAIL,20100419,28.58,28.85,27.9,28.19,344700
RAND,20100419,3.22,3.22,3.22,3.22,0
RAVN,20100419,14.905,15.37,14.905,15.12,52200
RBCAA,20100419,19.83,20.34,19.49,20.1,56100
RBCN,20100419,24.78,25.46,24.78,25.04,141800
RBPAA,20100419,4.25,4.25,3.82,3.97,26500
RCII,20100419,23.73,24.2,23.4,23.85,523500
RCKY,20100419,10,10.2,10,10.2,6700
RCMT,20100419,3.5,3.5,3.33,3.42,21400
RCON,20100419,6.17,6.24,6.01,6.09,10800
RDCM,20100419,4.38,6.8,4.38,5.88,916200
RDEN,20100419,18.81,18.88,18.08,18.56,91400
RDI,20100419,4.11,4.35,4.11,4.26,41400
RDNT,20100419,3.62,3.72,3.27,3.4,352800
RDWR,20100419,11.05,11.345,10.98,11.15,75600
RECN,20100419,19,19.11,18.58,18.84,178000
REDF,20100419,2.88,3.17,2.85,3.1,252800
REFR,20100419,3.14,3.16,3.04,3.14,12700
REGN,20100419,26.23,26.72,25.45,25.53,498500
REIS,20100419,5.75,5.83,5.65,5.7,15500
RELL,20100419,10.13,10.75,10.09,10.66,272700
RELV,20100419,2.86,2.97,2.86,2.86,4100
RENT,20100419,20.68,20.91,20.68,20.83,8200
REXI,20100419,5.91,5.95,5.85,5.87,38000
REXX,20100419,13.07,13.19,12.8,12.94,645400
RFIL,20100419,2.47,2.49,2.45,2.45,3600
RGCO,20100419,16.025,16.025,15.975,15.975,500
RGEN,20100419,3.64,3.77,3.64,3.72,40000
RGLD,20100419,47.26,47.76,46.78,47.71,634800
RICK,20100419,12.42,12.54,11.89,12.27,161000
RIGL,20100419,8.19,8.28,7.98,8.05,415500
RITT,20100419,2,2.1,2,2,2100
RIVR,20100419,13.65,13.65,13.65,13.65,400
RJET,20100419,6.46,6.65,6.27,6.36,1064600
RLOG,20100419,4.98,5.01,4.98,5,11900
RMBS,20100419,23.05,23.2,22.3,22.79,1386600
RMCF,20100419,9.6,9.79,9.5,9.5,27600
RMTI,20100419,5.6,5.61,5.51,5.53,51700
RNST,20100419,17.45,17.6,17.23,17.42,59400
RNWK,20100419,4.39,4.46,4.26,4.4,378100
ROCK,20100419,14.01,14.44,13.69,14.13,145300
ROIA,20100419,4.85,4.93,4.47,4.83,4800
ROIAK,20100419,4.79,4.88,4.65,4.79,280200
ROIC,20100419,10,10,9.92,9.93,172700
ROLL,20100419,33.32,33.4,32.55,33.12,186200
ROSG,20100419,34.5,34.5,33,33.75,52400
ROST,20100419,14.0875,14.1575,13.8325,14.015,1716800
ROVI,20100419,37.42,37.62,36.62,36.87,623800
ROYL,20100419,2.36,2.36,2.28,2.36,48700
RPRX,20100419,0.71,0.73,0.7,0.71,678600
RPTP,20100419,1.63,1.7,1.45,1.55,77900
RRD,20100419,21.66,21.77,21,21.4,1913700
RRGB,20100419,27.8,28.1,26.15,26.27,696100
RSTI,20100419,24.51,24.8,23.76,24.24,145000
RSYS,20100419,9.25,9.42,9.05,9.17,81200
RTIX,20100419,4.19,4.3,4.19,4.26,217900
RUSHA,20100419,15.4,15.61,15.12,15.53,113000
RUSHB,20100419,13.75,13.95,13.74,13.95,12900
RUTH,20100419,5.65,5.86,5.3,5.5,565900
RVSB,20100419,2.33,2.35,2.25,2.3,25900
RXII,20100419,4.5,4.52,4.26,4.37,93800
RYAAY,20100419,27.73,29.54,27.69,29.46,1460900
SAAS,20100419,3.16,3.19,3.14,3.15,30700
SAFM,20100419,58.36,58.49,57.15,57.63,145700
SAFT,20100419,37.04,37.73,37.04,37.63,41000
SAIA,20100419,10.0333,10.1,9.7467,10.04,56300
SALM,20100419,5.17,5.26,5.03,5.23,49500
SANM,20100419,18.02,18.1,17.65,18.01,712700
SASR,20100419,16.81,17.24,16.5,16.82,102700
SATS,20100419,19.63,19.71,19.21,19.46,52100
SBAC,20100419,34.57,34.69,33.53,34.25,2294700
SBBX,20100419,6.1,6.1,6.05,6.05,200
SBCF,20100419,11.05,11.35,9.1,9.9,1733100
SBGI,20100419,6.53,6.84,6.44,6.81,624100
SBLK,20100419,42.75,43.8,42.6,43.35,311900
SBNY,20100419,38.79,39.05,38.01,38.8,189200
SBNYW,20100419,18.84,18.84,18.3,18.3,2100
SBSA,20100419,1.04,1.09,0.98,1.01,975000
SBSI,20100419,20.419,20.9143,20.2667,20.8095,42500
SBUX,20100419,12.495,12.62,12.28,12.45,8491400
SCHL,20100419,27.3,27.79,27.04,27.68,254300
SCHN,20100419,55.94,56.09,53.78,55.18,670300
SCLN,20100419,4.3,4.3,4,4.17,611700
SCMP,20100419,3.71,3.77,3.69,3.69,50500
SCON,20100419,33.6,34.68,33,34.08,36100
SCOR,20100419,15.99,16.18,15.99,16.16,84300
SCSC,20100419,27.57,27.77,26.81,27.52,139600
SCSS,20100419,8.71,8.71,8.2,8.54,426200
SCVL,20100419,16.82,17.1867,16.4267,16.62,68200
SEAC,20100419,8.27,8.38,8.19,8.31,219100
SEED,20100419,9.7,9.79,9.26,9.31,723800
SEIC,20100419,23.73,23.9,23.41,23.8,1339900
SENEA,20100419,30.85,30.87,30.59,30.68,14000
SENEB,20100419,30.3,30.3,30.3,30.3,0
SFLY,20100419,24.3,24.46,23.05,23.69,268800
SFNC,20100419,28,28.36,27.55,28.2,116100
SFST,20100419,8.25,8.26,8.25,8.25,300
SGC,20100419,9.6,9.6,9.5,9.5,2400
SGEN,20100419,11.46,11.6,11.11,11.39,693900
SGI,20100419,10.08,10.29,9.73,10.01,289200
SGMA,20100419,6.1,6.11,6.1,6.1,400
SGMO,20100419,6.07,6.24,5.95,6.07,251000
SGMS,20100419,14.35,14.5,14,14.28,549700
SGRP,20100419,0.9,0.9,0.9,0.9,200
SHBI,20100419,14.5,14.56,14.45,14.5,5400
SHEN,20100419,19.31,19.31,17.95,18.57,92300
SHIP,20100419,1.36,1.38,1.25,1.34,927900
SHLD,20100419,107.83,110.21,105.29,107.77,794300
SHLM,20100419,25.01,25.19,24.67,25.06,339300
SHLO,20100419,6.96,6.96,6.66,6.85,3800
SHOO,20100419,15.5674,15.7689,15.2859,15.4459,184800
SHOR,20100419,6.35,6.43,6.23,6.28,31800
SIAL,20100419,55.37,56.1,55.27,56.04,512100
SIEB,20100419,2.25,2.31,2.25,2.31,1100
SIFI,20100419,6.56,6.71,6.56,6.66,400
SIFY,20100419,1.67,1.85,1.67,1.8,311000
SIGI,20100419,16.76,16.95,16.69,16.95,160700
SIGM,20100419,12.05,12.11,11.51,11.74,446300
SILC,20100419,9.6,9.8,9.42,9.7,8800
SIMO,20100419,5.86,5.86,5.58,5.7,558600
SINA,20100419,37.24,37.56,36.63,36.83,1109800
SINO,20100419,3.51,3.55,3.4,3.55,16600
SIRI,20100419,1.07,1.08,1.07,1.08,36338500
SIRO,20100419,38.62,39.23,38.5,38.94,572600
SIVB,20100419,48.25,48.56,47.31,48,511500
SIVBO,20100419,22.22,22.22,22.22,22.22,400
SKBI,20100419,10.61,10.63,10.38,10.55,77600
SKYW,20100419,14.39,14.74,14.18,14.44,321000
SLAB,20100419,51.12,51.38,49.35,50.34,1220400
SLGN,20100419,32.065,32.11,31.635,31.815,277600
SLMAP,20100419,38.95,39.05,38.78,38.95,2900
SLP,20100419,2.39,2.5,2.35,2.49,133000
SLRC,20100419,22.36,22.8,22.06,22.71,49100
SLTC,20100419,5.32,5.42,5.2,5.39,8300
SMBC,20100419,7.25,7.25,7.25,7.25,100
SMCI,20100419,17.76,18.03,16.96,17.28,291100
SMED,20100419,7.32,7.66,7.25,7.37,169400
SMIT,20100419,3.9,3.9,3.89,3.9,6000
SMMF,20100419,3.93,3.96,3.7,3.8,2400
SMRT,20100419,9.71,9.82,9.47,9.62,177500
SMSI,20100419,9.01,9.05,8.84,8.95,149100
SMTC,20100419,18.84,18.96,18.3,18.66,847900
SMTX,20100419,3.01,3.15,2.98,3.14,174300
SNAK,20100419,3.5,3.72,3.45,3.67,175000
SNBC,20100419,25.2,25.2,23.95,24.05,78400
SNCR,20100419,20.32,20.61,20.06,20.25,129000
SNDK,20100419,36.79,37.49,35.33,36.69,14112100
SNFCA,20100419,3.33,3.33,3.25,3.25,1400
SNHY,20100419,18.88,18.9933,18.4067,18.8933,31100
SNMX,20100419,3.37,3.39,3.2,3.32,80800
SNPS,20100419,23,23.11,22.71,23.03,1254400
SNSS,20100419,0.93,1,0.91,0.91,2342200
SNTA,20100419,4.15,4.21,4.01,4.07,213900
SOCB,20100419,3.76,3.76,3.57,3.7,2500
SOFO,20100419,7.08,7.42,7.01,7.42,8900
SOHU,20100419,50.39,51.24,49.1,49.76,1073100
SONA,20100419,8.2,8.25,8,8.19,17500
SONC,20100419,12.13,12.26,11.83,12.03,519500
SONS,20100419,13.55,13.8,13.2,13.75,2352600
SORL,20100419,10.1,10.1,9.42,9.83,359700
SPAN,20100419,18.84,19.1,18.09,18.25,800
SPAR,20100419,6.28,6.43,6.17,6.33,292900
SPEX,20100419,27.2,27.4,26.2,27,35100
SPIL,20100419,6.51,6.51,6.4,6.48,3480000
SPLS,20100419,24.12,24.43,23.86,24.18,8185900
SPNC,20100419,7.13,7.26,6.95,7.16,84400
SPNS,20100419,2.14,2.14,2.06,2.06,500
SPPI,20100419,4.75,4.96,4.73,4.96,1236600
SPRO,20100419,3,3.09,3,3,1700
SPRT,20100419,3.34,3.54,3.33,3.47,283600
SPTN,20100419,15.94,16.6,14.72,14.9,376500
SQNM,20100419,6.04,6.46,5.89,6.05,9690500
SQQQ,20100419,837.44,859.36,823.04,829.76,247100
SRCE,20100419,18.24,18.72,17.8,18.68,23100
SRCL,20100419,55.66,55.86,55.3,55.86,765000
SRDX,20100419,21.84,21.98,21.45,21.65,40700
SSBI,20100419,6,6.48,6,6.45,2500
SSFN,20100419,9.05,9.05,8.99,8.99,500
SSNC,20100419,17,17,16.4,16.54,85600
SSRI,20100419,18.2,18.96,18.2,18.93,768300
SSYS,20100419,26.61,26.76,25.32,26.51,138200
STAA,20100419,4.72,4.85,4.65,4.74,163500
STBA,20100419,22.19,22.69,21.77,22.53,138700
STEM,20100419,1.16,1.17,1.15,1.15,1107300
STFC,20100419,17.91,18.16,17.82,18.03,25600
STKL,20100419,4.57,4.59,4.26,4.56,125100
STLD,20100419,17.38,17.67,17.01,17.52,7481400
STLY,20100419,9.5,10.14,9.43,9.81,42700
STMP,20100419,10.01,10.92,10,10.34,381200
STNR,20100419,46.11,46.52,45.31,46.25,53100
STRA,20100419,253.5,256.82,251.67,253.04,81100
STRL,20100419,16.74,16.98,16.57,16.67,150000
STRM,20100419,2.07,2.12,2.06,2.1,15900
STRS,20100419,9.84,9.84,9.4,9.5,9300
STRT,20100419,22.1,22.4,21.3,21.98,4700
STX,20100419,19,19.1,18.58,19.09,11933800
STXS,20100419,49.8,49.8,48,48.6,133000
SUBK,20100419,31.08,31.95,31.08,31.83,8200
SUMR,20100419,6.87,6.87,6.3,6.65,62900
SURG,20100419,1.65,1.71,1.65,1.66,8500
SVA,20100419,5.71,5.75,5.57,5.7,592600
SVBI,20100419,4.36,4.36,4.36,4.36,0
SWHC,20100419,4.16,4.17,4.05,4.13,1436800
SWIR,20100419,8.69,8.8,8.49,8.65,167800
SWKS,20100419,16.09,16.1,15.45,15.81,4245600
SYBT,20100419,23.62,23.89,23.37,23.61,15300
SYKE,20100419,22.2,22.24,22.07,22.1,279700
SYMC,20100419,16.71,16.87,16.56,16.81,10603500
SYMX,20100419,1.03,1.1,1.03,1.06,81800
SYNA,20100419,29.55,30.04,28.45,29.21,1382300
SYNL,20100419,9.29,9.29,9.12,9.24,2300
SYNT,20100419,20.485,20.485,19.98,20.345,54600
SYPR,20100419,4.15,4.26,4.15,4.18,3900
SYUT,20100419,22.55,22.71,22.14,22.29,7700
TACT,20100419,7.21,7.21,6.94,7.04,29800
TAIT,20100419,1.49,1.49,1.49,1.49,0
TASR,20100419,5.27,5.4,5.2,5.3,1221300
TAST,20100419,7.52,7.62,7.34,7.35,142500
TATT,20100419,7.8,7.94,7.75,7.88,5500
TAXI,20100419,8.04,8.1,7.97,8.05,36100
TAYD,20100419,6.35,6.35,6.12,6.25,7500
TBBK,20100419,8.81,9.09,8.72,8.88,39400
TBNK,20100419,19.52,19.52,18.89,19.3,48700
TCBI,20100419,19.92,20.09,19.32,19.74,126100
TCBK,20100419,21.42,21.5,21.16,21.3,10300
TCX,20100419,3.04,3.08,3,3.08,29000
TEAR,20100419,2.22,2.27,2.22,2.25,17700
TECD,20100419,43.49,43.63,42.59,43.18,356200
TECH,20100419,63.6,64.16,62.91,64.07,114800
TESO,20100419,11.99,12.02,11.77,11.91,79100
TESS,20100419,16.18,16.18,15.72,16.0333,13500
TFSL,20100419,13.99,14.05,13.85,14.02,623100
TGA,20100419,6.64,6.88,6.43,6.84,502100
THFF,20100419,28.76,29.44,28.69,28.95,16900
THLD,20100419,1.77,1.78,1.72,1.77,61900
THOR,20100419,35.02,35.11,34.15,34.55,504500
THRX,20100419,15.53,16.29,15.53,16.26,554500
TICC,20100419,6.88,7.02,6.79,6.91,59700
TIGR,20100419,3.21,3.21,3.2,3.2,1000
TINY,20100419,4.97,5.1,4.97,5.07,92000
TISA,20100419,0.96,1.01,0.95,0.95,3100
TITN,20100419,12.93,13.48,12.81,13.45,419300
TIVO,20100419,17.67,17.84,17.06,17.26,2397600
TNDM,20100419,16.81,16.88,16.5,16.73,512900
TOPS,20100419,8.19,8.54,7.91,7.98,131400
TORM,20100419,4.65,4.65,4.56,4.56,2100
TOWN,20100419,16.77,16.77,15.75,16.48,44800
TQQQ,20100419,14.93,15.185,14.5,15.0475,293500
TRAK,20100419,17.84,17.85,17.27,17.67,139200
TREE,20100419,9.3,9.3,9.12,9.14,9600
TRIB,20100419,5.95,6.1,5.95,6.07,54000
TRMB,20100419,14.825,14.995,14.525,14.65,343200
TRMK,20100419,25.39,25.73,24.89,25.37,187900
TRNS,20100419,7,7.05,6.95,7.05,6000
TROW,20100419,57,57.75,56.75,57.65,2150100
TRS,20100419,7.95,7.98,7.77,7.97,43500
TRST,20100419,6.35,6.44,6.27,6.42,196900
TRUE,20100419,3.06,3.06,3.01,3.02,6800
TSBK,20100419,4.51,4.6,4.41,4.41,900
TSCO,20100419,16.7225,17.1725,16.6925,17.035,662800
TSEM,20100419,23.85,24.45,23.55,24,899100
TSRA,20100419,21.53,21.8,21.05,21.79,421600
TSRI,20100419,2.6,2.8,2.47,2.54,1200
TSYS,20100419,7.19,7.29,7.06,7.1,486400
TTEC,20100419,17.75,17.95,17.66,17.93,319100
TTEK,20100419,22.32,22.55,21.87,22.19,370900
TTGT,20100419,4.81,4.86,4.7,4.7,13100
TTHI,20100419,3.37,3.61,3.37,3.41,31700
TTMI,20100419,9.89,10,9.61,9.87,305400
TTWO,20100419,10.6,10.64,10.29,10.38,1448300
TUES,20100419,8.21,8.42,8.01,8.31,487500
TW,20100419,47.82,47.84,47.3,47.67,239200
TWER,20100419,1.53,1.53,1.36,1.44,323800
TWIN,20100419,13.6,13.67,13.33,13.52,36500
TWMC,20100419,1.83,1.87,1.75,1.85,133000
TXN,20100419,26.47,26.68,25.91,26.43,13289600
TXRH,20100419,15.42,15.56,15.01,15.23,732300
TYPE,20100419,10.5,10.7,10.49,10.61,128900
TZOO,20100419,15.65,15.95,15.5,15.73,36700
UACL,20100419,18.4,18.91,18.4,18.77,11500
UBCP,20100419,8.4,8.5,8.4,8.5,1600
UBFO,20100419,4.86,4.86,4.74,4.74,1500
UBNK,20100419,13.72,13.97,13.4,13.47,33500
UBOH,20100419,9.95,10.35,9.95,10.35,1400
UBSH,20100419,15.89,16.31,15.51,16.26,32100
UBSI,20100419,29.27,29.98,29.03,29.87,137900
UCBA,20100419,6.2,6.2,6.2,6.2,0
UCBI,20100419,5.72,5.86,5.57,5.71,603600
UCFC,20100419,1.61,1.72,1.58,1.69,63000
UCTT,20100419,9.53,9.56,9.36,9.47,103300
UEIC,20100419,22.62,22.85,22.48,22.55,58400
UEPS,20100419,16.36,16.66,16.15,16.64,585800
UFCS,20100419,18.7,18.94,18.56,18.87,40900
UFPI,20100419,39.72,40.24,39,40.03,192500
UFPT,20100419,10,10.21,9.9,10.08,44700
UG,20100419,12.04,12.04,11.88,11.98,3800
UHAL,20100419,61.18,61.57,60.63,61.09,16200
ULBI,20100419,4.19,4.25,4.15,4.18,47300
ULTA,20100419,23.47,23.52,22.06,22.17,431900
ULTI,20100419,34.15,34.29,33.27,33.64,213900
ULTR,20100419,6.08,6.08,5.93,6.03,50300
UMBF,20100419,41.81,42.19,41,41.94,105500
UMPQ,20100419,13.79,14.33,13.72,14.29,2064700
UNAM,20100419,9.52,9.56,9.38,9.38,19100
UNB,20100419,17.94,17.94,17.94,17.94,0
UNFI,20100419,30,30.3,29.69,29.88,139500
UNIS,20100419,6.2,6.33,6.1,6.27,344100
UNTD,20100419,8.03,8.2,7.91,8.11,566000
UNTY,20100419,5.55,5.67,5.45,5.63,11400
URBN,20100419,38.22,38.56,37.05,37.97,2695000
URRE,20100419,7.2,7.4,6.8,7,214800
USAK,20100419,17.37,17.52,17.32,17.45,8700
USAP,20100419,23.7,24.45,23.54,23.82,9800
USAT,20100419,1.15,1.17,1.15,1.16,32800
USATP,20100419,8.53,8.53,8.53,8.53,0
USBI,20100419,15.66,15.66,15.52,15.59,800
USEG,20100419,6.34,6.38,6.02,6.23,293000
USLM,20100419,37.84,38.83,37.37,38.13,7800
UTEK,20100419,13.98,14.2,13.87,14.2,198300
UTHR,20100419,58.01,59.22,57.71,58.38,377800
UTIW,20100419,16.9,16.9,16.54,16.59,208000
UTMD,20100419,28.49,28.49,27.91,27.92,4500
UTSI,20100419,8.88,8.94,8.28,8.67,1889700
UVSP,20100419,19.91,19.99,19.61,19.69,14000
VALU,20100419,25.42,26.7,24.15,24.9,112400
VASC,20100419,9.23,9.32,9.21,9.22,8900
VBFC,20100419,55.2,55.36,52.16,55.04,1300
VCIT,20100419,77.05,77.1,76.9,76.96,22400
VCLT,20100419,75.77,75.77,75.71,75.71,200
VCSH,20100419,76.58,76.58,76.39,76.56,226300
VDSI,20100419,8.17,8.3,8.04,8.16,90300
VECO,20100419,47.81,49.75,45.82,47.29,1696800
VGIT,20100419,59.81,59.81,59.75,59.75,9200
VGLT,20100419,57.64,57.64,57.63,57.63,500
VGSH,20100419,60.1,60.1,60.06,60.06,28600
VIA,20100419,38.47,38.75,37.84,38.42,84000
VIAB,20100419,35.02,35.22,34.39,34.8,5991400
VICL,20100419,3.52,3.62,3.37,3.41,257100
VICR,20100419,14.81,15.16,14.64,14.95,63700
VIMC,20100419,4.26,4.47,4.26,4.47,30600
VIRC,20100419,3.89,3.89,3.75,3.75,10600
VISN,20100419,94,94.8,93,94.2,675000
VIVO,20100419,19.31,19.45,19.16,19.4,299900
VLGEA,20100419,28.49,28.49,27.43,28.06,5000
VMBS,20100419,50.18,50.24,50.18,50.19,7000
VNDA,20100419,10.66,10.86,10.61,10.83,460100
VOD,20100419,22.98,23.32,22.95,23.28,6517200
VOXX,20100419,7.91,8.03,7.79,8,58400
VRSK,20100419,28.02,28.49,27.9,28.24,295400
VRSN,20100419,26.67,26.92,26.43,26.84,2949800
VRTA,20100419,4.96,5.16,4.96,5.16,1500
VRTB,20100419,7.16,7.28,7.16,7.24,3400
VRTS,20100419,22.06,22.38,22.03,22.33,11700
VRTU,20100419,11.29,11.32,11.16,11.27,27200
VRTX,20100419,40,40.26,39.66,40.04,2245400
VSAT,20100419,34.55,35.03,34.35,35,197300
VSCP,20100419,11.5,11.8,11.4,11.5,23700
VSEC,20100419,38.91,39.5,38.91,39.14,33500
VVUS,20100419,8.98,9.08,8.71,8.81,1806300
WABC,20100419,59.15,59.9,58.61,59.52,133800
WAFD,20100419,20.32,20.47,20.12,20.41,1577900
WASH,20100419,19.34,19.88,19.34,19.73,21900
WAVX,20100419,14.56,14.96,14,14.56,367000
WAYN,20100419,8.25,8.31,8.25,8.31,600
WBMD,20100419,47.61,48.47,47.12,48.01,324500
WDC,20100419,40.15,40.25,38.64,39.58,8776500
WDFC,20100419,35.46,35.79,34.76,35.79,75200
WERN,20100419,23.53,23.88,23.21,23.86,1190900
WEYS,20100419,24.1,24.23,23.91,23.97,7200
WFD,20100419,9.62,9.79,9.52,9.55,23600
WFM,20100419,19.535,19.785,19.07,19.31,1736100
WIBC,20100419,11.32,11.42,11.11,11.3,125600
WILC,20100419,5.95,6.02,5.83,5.97,53900
WIN,20100419,10.99,11,10.91,11,3703500
WINA,20100419,26.4,26.4,25.54,26.33,5600
WIRE,20100419,21.26,21.39,20.91,21.32,67700
WLDN,20100419,2.21,2.26,2.21,2.26,1300
WLFC,20100419,14.45,14.62,14.17,14.2,20600
WMAR,20100419,11.27,11.42,11.15,11.29,29100
WMGI,20100419,18.8,19.07,18.61,18.74,511200
WOOD,20100419,42.62,43.24,42.57,43.12,10600
WOOF,20100419,27.3,27.62,27.17,27.47,248200
WPCS,20100419,494.34,497.42,480.48,483.56,37400
WPPGY,20100419,54.17,54.63,54.03,54.56,20800
WPRT,20100419,19.43,19.53,17.72,17.86,982200
WRES,20100419,2.66,2.88,2.66,2.79,829300
WRLD,20100419,38.5,39.07,37.72,38.33,252800
WSBC,20100419,17.35,17.75,17.34,17.61,37500
WSBF,20100419,3.65,3.99,3.38,3.87,60000
WSCI,20100419,2.22,2.22,2.18,2.18,3200
WSFS,20100419,13.6667,13.9,13.6667,13.85,18000
WSTG,20100419,8.58,9.11,7.58,9.01,4000
WSTL,20100419,1.48,1.48,1.42,1.42,139500
WTBA,20100419,7.84,7.94,7.75,7.88,7600
WTFC,20100419,38.63,39.21,38.2,39.1,301900
WVFC,20100419,13.95,13.95,13.95,13.95,1000
WVVI,20100419,3.45,3.59,3.4,3.41,22400
WWWW,20100419,4.91,4.98,4.76,4.87,87700
WYNN,20100419,83.5,85.5,80.8,82.91,3611300
XBKS,20100419,6.6,8.5,6.6,7.12,12900
XLNX,20100419,27.41,27.6,26.79,27.26,6100300
XNPT,20100419,10.77,11.5,10.67,10.9,1676200
XOMA,20100419,0.73,0.73,0.69,0.71,6745800
XRAY,20100419,34.8,34.93,34.54,34.74,746200
XXIA,20100419,10.14,10.25,10.01,10.16,203200
YHOO,20100419,18.01,18.4,17.99,18.39,26973400
YORW,20100419,13.94,13.94,13.79,13.88,20400
YRCW,20100419,0.65,0.67,0.63,0.64,16793900
ZAGG,20100419,2.91,2.97,2.86,2.91,112600
ZBRA,20100419,30.78,30.96,29.96,30.47,244500
ZEUS,20100419,34.69,34.79,33.49,33.87,130100
ZHNE,20100419,2.82,2.84,2.73,2.76,31000
ZINC,20100419,12.11,12.15,11.45,11.71,234200
ZION,20100419,25.27,25.84,24.66,25.43,8447100
ZIOP,20100419,5.21,5.6,5.21,5.54,448400
ZIXI,20100419,2.5,2.56,2.48,2.52,369700
ZN,20100419,5.5,5.5,5.2,5.31,392100
ZUMZ,20100419,21.53,21.64,20.25,20.48,403300
